14 0.45783446121811555 0.48657407407407405 0.005726184279021343 0.010185185185185186
14 0.46330036439354505 0.48518518518518516 0.004164497657470068 0.007407407407407408
14 0.48047891723060904 0.4787037037037037 0.0052056220718375845 0.009259259259259259
14 0.48542425819885476 0.49166666666666664 0.005726184279021343 0.014814814814814815
14 0.5062467464862052 0.5 0.005726184279021343 0.011111111111111112
4 0.5153565851119208 0.49953703703703706 0.0052056220718375845 0.012037037037037037
14 0.5234252993232691 0.500462962962963 0.00676730869338886 0.013888888888888888
13 0.5312337324310256 0.5018518518518519 0.008849557522123894 0.024074074074074074
13 0.5434669442998439 0.5023148148148148 0.02394586153045289 0.03425925925925926
6 0.5955231650182197 0.5310185185185186 0.009370119729307652 0.025
8 0.5952628839146278 0.5236111111111111 0.008849557522123894 0.032407407407407406
14 0.4789172306090578 0.4962962962962963 0.004164497657470068 0.009259259259259259
4 0.4760541384695471 0.49537037037037035 0.004685059864653826 0.011111111111111112
14 0.4685059864653826 0.4925925925925926 0.010411244143675169 0.014814814814814815
4 0.4596564289432587 0.4976851851851852 0.007287870900572618 0.012037037037037037
4 0.4690265486725664 0.5013888888888889 0.010411244143675169 0.01574074074074074
4 0.49427381572097867 0.5111111111111111 0.013014055179593961 0.020370370370370372
7 0.4599167100468506 0.5111111111111111 0.004685059864653826 0.022222222222222223
4 0.33524206142634044 0.5013888888888889 0.018740239458615304 0.017592592592592594
4 0.2480478917230609 0.5402777777777777 0.055700156168662154 0.06759259259259259
13 0.8568453930244664 0.5657407407407408 0.2831858407079646 0.8629629629629629
13 0.48047891723060904 0.49027777777777776 0.009370119729307652 0.017592592592592594