10 0.015616866215512754 0.3125 0.031233732431025507 0.10277777777777777
6 0.09916710046850599 0.6046296296296296 0.055700156168662154 0.15
3 0.20822488287350338 0.4675925925925926 0.09994794377928162 0.09814814814814815
1 0.284487246225924 0.5875 0.09942738157209786 0.18425925925925926
7 0.32535137948984905 0.4949074074074074 0.011452368558042686 0.021296296296296296
1 0.19495054659031755 0.5842592592592593 0.09838625715773035 0.18333333333333332
6 0.2928162415408641 0.6875 0.08485163977095263 0.23425925925925925
8 0.293076522644456 0.6300925925925925 0.06454971369078605 0.225
3 0.41046330036439355 0.5175925925925926 0.16710046850598648 0.34629629629629627
4 0.299583550234253 0.6347222222222222 0.07027589796980739 0.23981481481481481
4 0.6389901093180635 0.5305555555555556 0.014055179593961478 0.016666666666666666
4 0.6605934409161894 0.5523148148148148 0.04789172306090578 0.05648148148148148
4 0.5762623633524206 0.5189814814814815 0.045809474232170744 0.025
4 0.5588235294117647 0.524537037037037 0.06715252472670484 0.025
4 0.7259239979177512 0.5416666666666666 0.04424778761061947 0.02962962962962963
4 0.5598646538261323 0.7384259259259259 0.2920353982300885 0.4546296296296296
4 0.7579385736595523 0.6865740740740741 0.185320145757418 0.2861111111111111
13 0.902915148360229 0.5532407407407407 0.1931285788651744 0.8916666666666667