4 0.8677771993753254 0.8282407407407407 0.26132222800624677 0.33796296296296297
4 0.9841228526808954 0.6273148148148148 0.03071317022384175 0.0824074074074074
6 0.06038521603331598 0.8921296296296296 0.12077043206663196 0.21388888888888888
8 0.0463300364393545 0.9435185185185185 0.092660072878709 0.1111111111111111
4 0.45080687142113485 0.5143518518518518 0.009370119729307652 0.01574074074074074
13 0.4627798021863613 0.5032407407407408 0.01665799062988027 0.028703703703703703
3 0.4875065070275898 0.48935185185185187 0.03695991671004685 0.030555555555555555
13 0.4973971889640812 0.5009259259259259 0.03279541905257678 0.027777777777777776
4 0.5218636127017179 0.5162037037037037 0.029672045809474232 0.023148148148148147
13 0.5510150963040084 0.5009259259259259 0.034877667881311816 0.05
13 0.6098386257157731 0.48935185185185187 0.09109838625715773 0.11388888888888889
3 0.6931285788651744 0.4550925925925926 0.10255075481520042 0.05462962962962963
6 0.913846954711088 0.5699074074074074 0.0400832899531494 0.06574074074074074
6 0.9906298802706923 0.5638888888888889 0.01665799062988027 0.06481481481481481
6 0.9599167100468506 0.5657407407407408 0.026028110359187923 0.07407407407407407
6 0.9734513274336283 0.5652777777777778 0.017699115044247787 0.058333333333333334
4 0.8709005726184279 0.5638888888888889 0.11452368558042686 0.12407407407407407
4 0.8435710567412806 0.6416666666666667 0.19416970327954192 0.21481481481481482
13 0.7363352420614263 0.512962962962963 0.18375845913586675 0.09814814814814815
4 0.48646538261322225 0.5189814814814815 0.04945340968245705 0.04537037037037037
13 0.42946382092660074 0.49398148148148147 0.03435710567412806 0.058333333333333334
3 0.39458615304528893 0.49398148148148147 0.038521603331598125 0.041666666666666664
1 0.3519000520562207 0.4912037037037037 0.05101509630400833 0.06759259259259259
1 0.39432587194169705 0.5162037037037037 0.045288912024986985 0.025
6 0.46147839666840185 0.6101851851851852 0.019260801665799063 0.06111111111111111
8 0.459135866736075 0.5592592592592592 0.020822488287350338 0.09074074074074075
8 0.4716293597084852 0.5273148148148148 0.017699115044247787 0.03796296296296296
4 0.48932847475273294 0.5842592592592593 0.045809474232170744 0.11851851851851852
8 0.4424778761061947 0.5314814814814814 0.017699115044247787 0.040740740740740744
4 0.3969286829776158 0.5138888888888888 0.042165538781884435 0.018518518518518517
8 0.321186881832379 0.5175925925925926 0.008328995314940135 0.014814814814814815
8 0.31285788651743884 0.5162037037037037 0.009370119729307652 0.017592592592592594
8 0.3055700156168662 0.5143518518518518 0.007287870900572618 0.01574074074074074
8 0.30140551795939613 0.5175925925925926 0.009370119729307652 0.012962962962962963
1 0.25299323269130664 0.5722222222222222 0.08537220197813639 0.13518518518518519
1 0.15877147319104634 0.575462962962963 0.11452368558042686 0.13796296296296295
6 0.19130661114003122 0.6847222222222222 0.058823529411764705 0.15092592592592594
8 0.19599167100468506 0.5962962962962963 0.052576782925559604 0.14444444444444443
7 0.07964601769911504 0.5296296296296297 0.03643935450286309 0.10925925925925926
6 0.028630921395106715 0.6875 0.05726184279021343 0.13796296296296295
8 0.02732951587714732 0.6111111111111112 0.05049453409682457 0.17592592592592593
6 0.04294638209266007 0.7453703703703703 0.045288912024986985 0.13518518518518519
6 0.02056220718375846 0.7537037037037037 0.04112441436751692 0.12962962962962962
8 0.016137428422696512 0.7805555555555556 0.032274856845393024 0.07037037037037037
8 0.06949505465903176 0.6125 0.03800104112441437 0.1675925925925926
6 0.07574180114523686 0.7578703703703704 0.06611140031233732 0.13425925925925927
8 0.0952628839146278 0.6222222222222222 0.062467464862051014 0.20555555555555555
6 0.12649661634565332 0.8203703703703704 0.15825091098386257 0.29814814814814816
8 0.15096304008328995 0.7074074074074074 0.11452368558042686 0.34629629629629627
4 0.33263925039042164 0.7546296296296297 0.31546069755335765 0.48518518518518516
4 0.5374804789172306 0.6111111111111112 0.10463300364393545 0.17592592592592593
4 0.6704841228526809 0.6773148148148148 0.2665278500780843 0.36944444444444446
7 0.022644456012493493 0.5208333333333334 0.02654867256637168 0.09537037037037037
7 0.008068714211348256 0.5287037037037037 0.016137428422696512 0.14444444444444443
4 0.4276418532014576 0.5125 0.01717855283706403 0.006481481481481481
4 0.4273815720978657 0.5194444444444445 0.017699115044247787 0.007407407407407408