7 0.34799583550234253 0.5449074074074074 0.01717855283706403 0.08796296296296297
6 0.418011452368558 0.6046296296296296 0.03748047891723061 0.10555555555555556
8 0.4148880791254555 0.5847222222222223 0.035398230088495575 0.11574074074074074
3 0.4687662675689745 0.5097222222222222 0.019260801665799063 0.017592592592592594
4 0.47397188964081205 0.5268518518518519 0.042165538781884435 0.020370370370370372
4 0.46668401874023946 0.5675925925925925 0.055700156168662154 0.07592592592592592
14 0.4901093180635086 0.5166666666666667 0.010931806350858927 0.009259259259259259
4 0.4960957834461218 0.537962962962963 0.028110359187922956 0.014814814814814815
4 0.5013014055179594 0.524537037037037 0.01978136387298282 0.013888888888888888
4 0.5163977095262884 0.5291666666666667 0.01665799062988027 0.013888888888888888
8 0.5309734513274337 0.5300925925925926 0.01665799062988027 0.028703703703703703
4 0.5210827693909422 0.549074074074074 0.07079646017699115 0.025925925925925925
4 0.562467464862051 0.5458333333333333 0.04945340968245705 0.03611111111111111
4 0.5999479437792816 0.5333333333333333 0.021343050494534097 0.012962962962962963
4 0.6405517959396148 0.538425925925926 0.0400832899531494 0.030555555555555555
8 0.611920874544508 0.5305555555555556 0.00989068193649141 0.016666666666666666
4 0.6093180635085893 0.5685185185185185 0.07548152004164498 0.06481481481481481
4 0.6821967725143154 0.649074074074074 0.14836022904737117 0.2037037037037037
6 0.7420614263404477 0.5740740740740741 0.021343050494534097 0.06111111111111111
6 0.7699115044247787 0.6800925925925926 0.06871421134825612 0.18796296296296297
8 0.7740760020822488 0.6708333333333333 0.08328995314940135 0.2916666666666667
7 0.8172826652785008 0.5861111111111111 0.017699115044247787 0.09444444444444444
4 0.5348776678813119 0.774074074074074 0.27225403435710566 0.43333333333333335
4 0.8672566371681416 0.8046296296296296 0.2644456012493493 0.387037037037037