1 0.3831337844872462 0.5523148148148148 0.028110359187922956 0.04722222222222222
3 0.34669442998438316 0.5328703703703703 0.04268610098906819 0.07314814814814814
3 0.3055700156168662 0.5231481481481481 0.04372722540343571 0.06851851851851852
7 0.39458615304528893 0.5703703703703704 0.01665799062988027 0.07592592592592592
3 0.24128058302967204 0.5412037037037037 0.10567412805830297 0.13240740740740742
4 0.31233732431025507 0.5773148148148148 0.05830296720458095 0.0824074074074074
7 0.34799583550234253 0.575925925925926 0.016137428422696512 0.09074074074074075
2 0.37168141592920356 0.6060185185185185 0.06559083810515356 0.08055555555555556
7 0.4432587194169703 0.5805555555555556 0.015096304008328995 0.03518518518518519
3 0.13716814159292035 0.562037037037037 0.12129099427381572 0.1388888888888889
4 0.1842790213430505 0.5851851851851851 0.10411244143675169 0.11666666666666667
7 0.1527850078084331 0.6212962962962963 0.04945340968245705 0.22407407407407406
10 0.392243623112962 0.41388888888888886 0.02342529932326913 0.05925925925925926
10 0.39042165538781887 0.45601851851851855 0.021863612701717855 0.01574074074074074
10 0.36647579385736595 0.4050925925925926 0.038521603331598125 0.09166666666666666
6 0.04789172306090578 0.6398148148148148 0.0676730869338886 0.1
8 0.05674128058302967 0.6300925925925925 0.028110359187922956 0.10277777777777777
3 0.04112441436751692 0.5106481481481482 0.052056220718375845 0.08611111111111111
3 0.4971369078604893 0.5430555555555555 0.026028110359187923 0.0712962962962963
3 0.5570015616866215 0.5342592592592592 0.020822488287350338 0.046296296296296294
4 0.5543987506507028 0.5615740740740741 0.009370119729307652 0.03425925925925926
4 0.5601249349297241 0.5782407407407407 0.018740239458615304 0.06018518518518518
13 0.527850078084331 0.5217592592592593 0.04476834981780323 0.0824074074074074
1 0.530192608016658 0.5884259259259259 0.04320666319625195 0.09537037037037037
6 0.49453409682457056 0.5819444444444445 0.012493492972410203 0.032407407407407406
8 0.4971369078604893 0.5574074074074075 0.011452368558042686 0.03333333333333333
6 0.4778761061946903 0.5875 0.020822488287350338 0.05277777777777778
8 0.47553357626236337 0.5722222222222222 0.021343050494534097 0.06851851851851852
6 0.5028630921395106 0.5949074074074074 0.015616866215512754 0.05092592592592592
3 0.6317022384174908 0.5087962962962963 0.13274336283185842 0.2101851851851852
4 0.5882352941176471 0.6342592592592593 0.03435710567412806 0.15
1 0.6413326392503904 0.6611111111111111 0.08849557522123894 0.2222222222222222
3 0.8256116605934409 0.6152777777777778 0.3456533055700156 0.7657407407407407