14 0.4752604166666667 0.5018518518518519 0.0078125 0.003703703703703704
14 0.46875 0.4981481481481482 0.007291666666666667 0.011111111111111112
14 0.4635416666666667 0.5 0.004166666666666667 0.007407407407407408
3 0.45416666666666666 0.5009259259259259 0.0125 0.012962962962962963
4 0.47630208333333335 0.5078703703703704 0.008854166666666666 0.006481481481481481
4 0.47942708333333334 0.5125 0.008854166666666666 0.008333333333333333
4 0.46536458333333336 0.5069444444444444 0.011979166666666667 0.008333333333333333
4 0.46822916666666664 0.512962962962963 0.0125 0.005555555555555556
4 0.4354166666666667 0.5050925925925925 0.004166666666666667 0.008333333333333333
14 0.44244791666666666 0.5046296296296297 0.008854166666666666 0.007407407407407408
4 0.42890625 0.5180555555555556 0.0067708333333333336 0.01574074074074074
4 0.44609375 0.5375 0.03802083333333333 0.062037037037037036
4 0.4791666666666667 0.5532407407407407 0.042708333333333334 0.07685185185185185
4 0.4127604166666667 0.5064814814814815 0.0078125 0.007407407407407408
4 0.41484375 0.5185185185185185 0.0109375 0.022222222222222223
4 0.39817708333333335 0.5037037037037037 0.008854166666666666 0.009259259259259259
4 0.3880208333333333 0.5032407407407408 0.00625 0.006481481481481481
4 0.40286458333333336 0.5212962962962963 0.0109375 0.022222222222222223
6 0.42135416666666664 0.5587962962962963 0.021875 0.049074074074074076
6 0.4515625 0.5796296296296296 0.029166666666666667 0.09259259259259259
6 0.39557291666666666 0.6101851851851852 0.0453125 0.12222222222222222
8 0.4515625 0.5560185185185185 0.026041666666666668 0.09537037037037037
8 0.42135416666666664 0.5393518518518519 0.019791666666666666 0.06388888888888888
8 0.40286458333333336 0.5740740740740741 0.0234375 0.13333333333333333
8 0.3927083333333333 0.5722222222222222 0.0375 0.12407407407407407
3 0.2515625 0.5152777777777777 0.26666666666666666 0.2175925925925926
3 0.06588541666666667 0.5125 0.13177083333333334 0.36574074074074076
4 0.5390625 0.5222222222222223 0.0125 0.025925925925925925
4 0.54921875 0.5166666666666667 0.0067708333333333336 0.014814814814814815
6 0.546875 0.524537037037037 0.003125 0.013888888888888888
6 0.57265625 0.5268518518518519 0.005729166666666666 0.016666666666666666
8 0.5716145833333334 0.5157407407407407 0.0036458333333333334 0.005555555555555556
8 0.5455729166666666 0.5203703703703704 0.0046875 0.018518518518518517
3 0.71328125 0.4949074074074074 0.1421875 0.09722222222222222
10 0.45677083333333335 0.47962962962962963 0.0125 0.014814814814814815
10 0.46953125 0.48009259259259257 0.011979166666666667 0.013888888888888888