7 0.3958333333333333 0.5449074074074074 0.011458333333333333 0.10277777777777777
7 0.41171875 0.5537037037037037 0.016145833333333335 0.09074074074074075
7 0.43411458333333336 0.5662037037037037 0.0109375 0.11203703703703703
7 0.42942708333333335 0.5717592592592593 0.024479166666666666 0.11018518518518519
7 0.4453125 0.5708333333333333 0.025 0.11574074074074074
6 0.459375 0.5824074074074074 0.023958333333333335 0.07037037037037037
7 0.47682291666666665 0.5347222222222222 0.011979166666666667 0.017592592592592594
8 0.46328125 0.5513888888888889 0.0203125 0.05462962962962963
7 0.48203125 0.5680555555555555 0.018229166666666668 0.08796296296296297
6 0.47578125 0.6199074074074075 0.034895833333333334 0.10462962962962963
6 0.4973958333333333 0.5842592592592593 0.016666666666666666 0.046296296296296294
7 0.50859375 0.562037037037037 0.019270833333333334 0.07777777777777778
7 0.5296875 0.5324074074074074 0.007291666666666667 0.020370370370370372
7 0.5229166666666667 0.5375 0.011458333333333333 0.023148148148148147
7 0.53359375 0.5527777777777778 0.0109375 0.04814814814814815
7 0.55859375 0.5680555555555555 0.013020833333333334 0.0712962962962963
7 0.6119791666666666 0.5694444444444444 0.010416666666666666 0.07592592592592592
7 0.6171875 0.5657407407407408 0.014583333333333334 0.07037037037037037
6 0.6270833333333333 0.611574074074074 0.030208333333333334 0.0824074074074074
8 0.6265625 0.5828703703703704 0.029166666666666667 0.08981481481481482
8 0.628125 0.586574074074074 0.027083333333333334 0.10462962962962963
7 0.6447916666666667 0.5597222222222222 0.010416666666666666 0.03981481481481482
7 0.6559895833333333 0.5430555555555555 0.008854166666666666 0.025
6 0.6536458333333334 0.5842592592592593 0.015625 0.037037037037037035
8 0.6583333333333333 0.5601851851851852 0.011458333333333333 0.03888888888888889
7 0.6713541666666667 0.5458333333333333 0.009375 0.019444444444444445
7 0.675 0.5578703703703703 0.014583333333333334 0.04537037037037037
7 0.6669270833333333 0.5935185185185186 0.019270833333333334 0.1
1 0.68828125 0.5486111111111112 0.025520833333333333 0.030555555555555555
7 0.7328125 0.5680555555555555 0.023958333333333335 0.05277777777777778
6 0.69375 0.6407407407407407 0.01875 0.03333333333333333
8 0.6799479166666667 0.611574074074074 0.0390625 0.1287037037037037
8 0.7010416666666667 0.6106481481481482 0.034375 0.10648148148148148
4 0.8302083333333333 0.774074074074074 0.33645833333333336 0.4462962962962963
7 0.52265625 0.6421296296296296 0.0453125 0.20833333333333334
7 0.76484375 0.5449074074074074 0.016145833333333335 0.07314814814814814
7 0.25546875 0.7379629629629629 0.0890625 0.5222222222222223
7 0.2328125 0.6231481481481481 0.03958333333333333 0.1685185185185185
8 0.45286458333333335 0.3560185185185185 0.0078125 0.028703703703703703
8 0.44427083333333334 0.3365740740740741 0.013541666666666667 0.03611111111111111