3 0.8672566371681416 0.4810185185185185 0.2644456012493493 0.6027777777777777
13 0.4885476314419573 0.5143518518518518 0.015096304008328995 0.017592592592592594
4 0.4968766267568974 0.5356481481481481 0.018219677251431546 0.030555555555555555
6 0.5093701197293077 0.5421296296296296 0.007808433107756377 0.021296296296296296
6 0.5148360229047371 0.5476851851851852 0.009370119729307652 0.025
6 0.5205622071837585 0.5462962962962963 0.006246746486205101 0.020370370370370372
1 0.5286309213951067 0.5361111111111111 0.015096304008328995 0.03148148148148148
4 0.5429463820926601 0.5458333333333333 0.031233732431025507 0.04351851851851852
4 0.588495575221239 0.537962962962963 0.06715252472670484 0.05185185185185185
7 0.6691827173347215 0.5453703703703704 0.011972930765226444 0.05555555555555555
14 0.47553357626236337 0.5162037037037037 0.00989068193649141 0.023148148148148147
13 0.4687662675689745 0.5083333333333333 0.011972930765226444 0.011111111111111112
13 0.46330036439354505 0.5152777777777777 0.02394586153045289 0.01574074074074074
4 0.4495054659031754 0.5212962962962963 0.005726184279021343 0.009259259259259259
4 0.46095783446121813 0.5324074074074074 0.029672045809474232 0.040740740740740744
4 0.4823008849557522 0.5685185185185185 0.052576782925559604 0.08703703703703704
8 0.45393024466423737 0.5370370370370371 0.007287870900572618 0.02962962962962963
8 0.4531494013534617 0.5402777777777777 0.008849557522123894 0.032407407407407406
13 0.43545028630921395 0.5101851851851852 0.02342529932326913 0.04259259259259259
13 0.4469026548672566 0.5152777777777777 0.004685059864653826 0.012037037037037037
3 0.4234773555439875 0.512962962962963 0.004685059864653826 0.020370370370370372
3 0.4208745445080687 0.5101851851851852 0.008849557522123894 0.022222222222222223
1 0.4213951067152525 0.5254629629629629 0.019260801665799063 0.017592592592592594
1 0.3938053097345133 0.5092592592592593 0.031754294638209266 0.037037037037037035
4 0.4401353461738678 0.5268518518518519 0.021343050494534097 0.012962962962962963
4 0.4299843831337845 0.5467592592592593 0.02706923477355544 0.04351851851851852
6 0.4463820926600729 0.5888888888888889 0.02030192608016658 0.07407407407407407
8 0.4458615304528891 0.5694444444444444 0.022384174908901613 0.09074074074074075
8 0.37584591358667363 0.5217592592592593 0.004164497657470068 0.006481481481481481
4 0.35059864653826134 0.5398148148148149 0.019260801665799063 0.02962962962962963
1 0.32274856845393024 0.5513888888888889 0.03956272774596564 0.06574074074074074
7 0.30036439354502864 0.5217592592592593 0.009370119729307652 0.023148148148148147
4 0.28110359187922956 0.5138888888888888 0.03643935450286309 0.025925925925925925
8 0.34383133784487246 0.5361111111111111 0.004685059864653826 0.024074074074074074
8 0.3472149921915669 0.5476851851851852 0.012493492972410203 0.04722222222222222
6 0.3308172826652785 0.5925925925925926 0.02342529932326913 0.07592592592592592
8 0.33420093701197295 0.5611111111111111 0.022904737116085372 0.07592592592592592
8 0.3112961998958876 0.5541666666666667 0.018740239458615304 0.06018518518518518
8 0.3133784487246226 0.6277777777777778 0.04268610098906819 0.20555555555555555
8 0.2956793336803748 0.6310185185185185 0.06663196251952108 0.20092592592592592
6 0.2990629880270692 0.700462962962963 0.07339927121290994 0.1824074074074074
6 0.25507548152004167 0.6333333333333333 0.01665799062988027 0.07592592592592592
6 0.26600728787090056 0.6486111111111111 0.020822488287350338 0.08425925925925926
8 0.26236335242061426 0.5731481481481482 0.01978136387298282 0.09814814814814815
8 0.2678292555960437 0.5944444444444444 0.031754294638209266 0.14074074074074075
8 0.1665799062988027 0.5189814814814815 0.014575741801145237 0.010185185185185186
6 0.20484122852680894 0.6805555555555556 0.07235814679854242 0.14814814814814814
8 0.21030713170223841 0.6212962962962963 0.05622071837584591 0.18518518518518517
1 0.1730869338885997 0.6189814814814815 0.11816762103071317 0.20277777777777778
6 0.028630921395106715 0.7023148148148148 0.05413846954711088 0.11944444444444445
8 0.04424778761061947 0.600462962962963 0.04268610098906819 0.1361111111111111
6 0.06949505465903176 0.787962962962963 0.12961998958875587 0.31296296296296294
8 0.0864133263925039 0.6861111111111111 0.09161894846434149 0.29074074074074074
6 0.4120249869859448 0.7032407407407407 0.06923477355543987 0.19907407407407407
8 0.40733992712129097 0.6324074074074074 0.06402915148360229 0.21481481481481482
4 0.6184279021343051 0.7375 0.26236335242061426 0.4027777777777778
4 0.39276418532014573 0.6064814814814815 0.11712649661634565 0.17592592592592593
10 0.2907339927121291 0.45787037037037037 0.010931806350858927 0.030555555555555555
8 0.508589276418532 0.5351851851851852 0.007287870900572618 0.027777777777777776
8 0.5145757418011453 0.5398148148148149 0.00989068193649141 0.03333333333333333
8 0.5208224882873503 0.5388888888888889 0.008849557522123894 0.03148148148148148