3 0.4523685580426861 0.5180555555555556 0.011452368558042686 0.012037037037037037
3 0.4372722540343571 0.5175925925925926 0.011452368558042686 0.012962962962962963
1 0.47058823529411764 0.5375 0.03435710567412806 0.03796296296296296
8 0.4737116085372202 0.5356481481481481 0.012493492972410203 0.017592592592592594
4 0.5283706402915148 0.5597222222222222 0.0676730869338886 0.09166666666666666
7 0.6775117126496616 0.5564814814814815 0.008849557522123894 0.044444444444444446
7 0.8326392503904216 0.5731481481481482 0.013014055179593961 0.07037037037037037
7 0.8266527850078085 0.5810185185185185 0.014575741801145237 0.075
6 0.8610098906819365 0.5921296296296297 0.05726184279021343 0.0712962962962963
7 0.8904216553878188 0.5893518518518519 0.01717855283706403 0.08796296296296297
7 0.9362311296199896 0.5967592592592592 0.024466423737636647 0.1287037037037037
7 0.9635606454971369 0.600462962962963 0.029151483602290473 0.13425925925925927
7 0.9932326913066112 0.5912037037037037 0.010411244143675169 0.10277777777777777
4 0.5739198334200937 0.6199074074074075 0.13274336283185842 0.19537037037037036
4 0.43779281624154087 0.5333333333333333 0.018740239458615304 0.020370370370370372
8 0.44898490369599164 0.5310185185185186 0.014055179593961478 0.019444444444444445
8 0.4307652264445601 0.5342592592592592 0.008849557522123894 0.022222222222222223
4 0.38833940655908383 0.5425925925925926 0.032274856845393024 0.06851851851851852
1 0.41072358146798543 0.5615740740740741 0.03643935450286309 0.0787037037037037
6 0.40786048932847474 0.5856481481481481 0.01717855283706403 0.06944444444444445
8 0.41957313899010934 0.5365740740740741 0.012493492972410203 0.025
8 0.4125455491931286 0.5694444444444444 0.022384174908901613 0.08333333333333333
4 0.4549713690786049 0.624537037037037 0.11035918792295679 0.16944444444444445
6 0.5340968245705362 0.6851851851851852 0.06350858927641853 0.2037037037037037
8 0.5314940135346173 0.6342592592592593 0.05309734513274336 0.2074074074074074
7 0.3461738677771994 0.5314814814814814 0.009370119729307652 0.046296296296296294
7 0.35736595523165016 0.5361111111111111 0.007808433107756377 0.03888888888888889
8 0.353461738677772 0.5574074074074075 0.015616866215512754 0.05185185185185185
6 0.3584070796460177 0.5819444444444445 0.015096304008328995 0.04351851851851852
4 0.275897969807392 0.5393518518518519 0.08328995314940135 0.06018518518518518
7 0.32509109838625716 0.5425925925925926 0.018219677251431546 0.06111111111111111
6 0.33810515356585114 0.674537037037037 0.06402915148360229 0.1824074074074074
8 0.3357626236335242 0.6333333333333333 0.05622071837584591 0.1648148148148148
6 0.2803227485684539 0.5578703703703703 0.028630921395106715 0.049074074074074076
1 0.19469026548672566 0.5634259259259259 0.10203019260801666 0.12314814814814815
1 0.06402915148360229 0.5462962962962963 0.092660072878709 0.11851851851851852
7 0.10411244143675169 0.6060185185185185 0.04476834981780323 0.18981481481481483
8 0.1915668922436231 0.5694444444444444 0.024986985944820406 0.07592592592592592
6 0.16605934409161896 0.6773148148148148 0.10619469026548672 0.175
8 0.18375845913586675 0.6361111111111111 0.05726184279021343 0.1962962962962963
6 0.22280062467464862 0.8194444444444444 0.15825091098386257 0.35555555555555557
8 0.23191046330036438 0.7564814814814815 0.10983862571577303 0.387037037037037