3 0.5255208333333333 0.5231481481481481 0.027083333333333334 0.020370370370370372
3 0.6231770833333333 0.5120370370370371 0.028645833333333332 0.024074074074074074
3 0.6963541666666667 0.5162037037037037 0.07604166666666666 0.058333333333333334
7 0.9526041666666667 0.549074074074074 0.0125 0.025925925925925925
13 0.9869791666666666 0.5643518518518519 0.025 0.04722222222222222
4 0.9833333333333333 0.5939814814814814 0.023958333333333335 0.026851851851851852
1 0.9098958333333333 0.5712962962962963 0.12708333333333333 0.06666666666666667
1 0.459375 0.5305555555555556 0.027083333333333334 0.022222222222222223
3 0.49270833333333336 0.5328703703703703 0.041666666666666664 0.05277777777777778
4 0.52734375 0.5476851851851852 0.034895833333333334 0.041666666666666664
4 0.5635416666666667 0.5680555555555555 0.059375 0.09907407407407408
8 0.5111979166666667 0.5435185185185185 0.0234375 0.03888888888888889
4 0.6255208333333333 0.6203703703703703 0.12604166666666666 0.2074074074074074
4 0.40572916666666664 0.5291666666666667 0.03333333333333333 0.023148148148148147
4 0.43671875 0.5337962962962963 0.04635416666666667 0.021296296296296296
4 0.47552083333333334 0.549537037037037 0.027083333333333334 0.021296296296296296
4 0.40963541666666664 0.5416666666666666 0.043229166666666666 0.014814814814814815
4 0.44296875 0.5476851851851852 0.058854166666666666 0.025
1 0.37005208333333334 0.5351851851851852 0.04010416666666667 0.03148148148148148
8 0.3731770833333333 0.5407407407407407 0.0109375 0.020370370370370372
8 0.36484375 0.5361111111111111 0.008854166666666666 0.018518518518518517
7 0.2578125 0.525 0.013541666666666667 0.046296296296296294
1 0.29635416666666664 0.549537037037037 0.058333333333333334 0.0712962962962963
4 0.32838541666666665 0.5976851851851852 0.08697916666666666 0.12314814814814815
4 0.22083333333333333 0.5958333333333333 0.175 0.13055555555555556
4 0.3924479166666667 0.5967592592592592 0.13802083333333334 0.10092592592592593
4 0.15755208333333334 0.774074074074074 0.3151041666666667 0.4444444444444444
4 0.76171875 0.7231481481481481 0.2598958333333333 0.37962962962962965
4 0.43020833333333336 0.7675925925925926 0.34270833333333334 0.4537037037037037
7 0.24479166666666666 0.5263888888888889 0.0125 0.021296296296296296
3 0.0125 0.4046296296296296 0.025 0.10740740740740741