14 0.3396668401874024 0.48842592592592593 0.008849557522123894 0.013888888888888888
7 0.34643414888079127 0.4925925925925926 0.003643935450286309 0.009259259259259259
4 0.3427902134305049 0.4949074074074074 0.003643935450286309 0.010185185185185186
14 0.338365434669443 0.49722222222222223 0.009370119729307652 0.012962962962962963
14 0.338365434669443 0.5027777777777778 0.006246746486205101 0.011111111111111112
4 0.35294117647058826 0.5041666666666667 0.008328995314940135 0.013888888888888888
13 0.37610619469026546 0.5032407407407408 0.02654867256637168 0.05277777777777778
4 0.35632483081728267 0.5185185185185185 0.018219677251431546 0.027777777777777776
6 0.3425299323269131 0.5231481481481481 0.011452368558042686 0.022222222222222223
8 0.34409161894846435 0.5171296296296296 0.006246746486205101 0.019444444444444445
8 0.3420093701197293 0.5189814814814815 0.009370119729307652 0.021296296296296296
6 0.3633524206142634 0.5347222222222222 0.010411244143675169 0.026851851851851852
8 0.36283185840707965 0.5273148148148148 0.009370119729307652 0.032407407407407406
6 0.3735033836543467 0.5416666666666666 0.011972930765226444 0.040740740740740744
8 0.37272254034357105 0.5333333333333333 0.014575741801145237 0.044444444444444446