6 0.015885416666666666 0.9111111111111111 0.030729166666666665 0.17592592592592593
14 0.4317708333333333 0.5194444444444445 0.004166666666666667 0.005555555555555556
4 0.4421875 0.5189814814814815 0.009375 0.006481481481481481
4 0.4705729166666667 0.5212962962962963 0.0067708333333333336 0.009259259259259259
4 0.5020833333333333 0.5259259259259259 0.00625 0.009259259259259259
4 0.5078125 0.5300925925925926 0.011458333333333333 0.017592592592592594
6 0.49609375 0.5287037037037037 0.0036458333333333334 0.009259259259259259
8 0.49635416666666665 0.5259259259259259 0.003125 0.011111111111111112
13 0.5393229166666667 0.5185185185185185 0.0078125 0.012962962962962963
13 0.559375 0.5166666666666667 0.016666666666666666 0.027777777777777776
4 0.584375 0.5768518518518518 0.08958333333333333 0.12222222222222222
4 0.6864583333333333 0.5435185185185185 0.03125 0.03518518518518519
6 0.9015625 0.5773148148148148 0.026041666666666668 0.04537037037037037
8 0.89921875 0.5634259259259259 0.0171875 0.05092592592592592
10 0.5046875 0.5115740740740741 0.0020833333333333333 0.004629629629629629
10 0.5346354166666667 0.5074074074074074 0.0036458333333333334 0.009259259259259259
10 0.5322916666666667 0.5083333333333333 0.0020833333333333333 0.007407407407407408
10 0.5260416666666666 0.5083333333333333 0.003125 0.007407407407407408
10 0.5221354166666666 0.5087962962962963 0.0026041666666666665 0.006481481481481481
10 0.5174479166666667 0.5101851851851852 0.0026041666666666665 0.007407407407407408
10 0.515625 0.512962962962963 0.0020833333333333333 0.005555555555555556
10 0.50078125 0.5111111111111111 0.0026041666666666665 0.005555555555555556
10 0.49609375 0.5111111111111111 0.0026041666666666665 0.005555555555555556
10 0.49166666666666664 0.5115740740740741 0.0020833333333333333 0.004629629629629629
10 0.4864583333333333 0.5115740740740741 0.0020833333333333333 0.004629629629629629
10 0.48151041666666666 0.5115740740740741 0.0015625 0.004629629629629629
10 0.47604166666666664 0.5111111111111111 0.0020833333333333333 0.003703703703703704
10 0.4666666666666667 0.5115740740740741 0.0020833333333333333 0.004629629629629629
10 0.47161458333333334 0.5115740740740741 0.0026041666666666665 0.004629629629629629
10 0.4609375 0.5120370370370371 0.0020833333333333333 0.003703703703703704
10 0.45651041666666664 0.5120370370370371 0.0015625 0.003703703703703704
10 0.4510416666666667 0.5120370370370371 0.0010416666666666667 0.003703703703703704
13 0.4791666666666667 0.5171296296296296 0.011458333333333333 0.013888888888888888
13 0.4578125 0.5162037037037037 0.011458333333333333 0.010185185185185186