7 0.3653645833333333 0.549537037037037 0.0109375 0.05277777777777778
7 0.34453125 0.5361111111111111 0.0109375 0.03888888888888889
7 0.3578125 0.5587962962962963 0.022916666666666665 0.08055555555555556
7 0.36770833333333336 0.6231481481481481 0.0125 0.10925925925925926
7 0.35703125 0.6185185185185185 0.015104166666666667 0.08518518518518518
7 0.32526041666666666 0.5268518518518519 0.0109375 0.03148148148148148
7 0.3255208333333333 0.5736111111111111 0.017708333333333333 0.0787037037037037
7 0.340625 0.5907407407407408 0.011458333333333333 0.07222222222222222
7 0.3333333333333333 0.5768518518518518 0.021875 0.09074074074074075
7 0.28541666666666665 0.5782407407407407 0.025 0.07685185185185185
7 0.2721354166666667 0.5523148148148148 0.016145833333333335 0.0787037037037037
7 0.26015625 0.5851851851851851 0.019270833333333334 0.08888888888888889
7 0.23619791666666667 0.5828703703703704 0.021354166666666667 0.08981481481481482
7 0.24635416666666668 0.5847222222222223 0.0125 0.06944444444444445
7 0.22005208333333334 0.5726851851851852 0.025520833333333333 0.07685185185185185
7 0.15260416666666668 0.5226851851851851 0.022916666666666665 0.03981481481481482
6 0.2453125 0.5995370370370371 0.019791666666666666 0.07314814814814814
7 0.1828125 0.5435185185185185 0.019791666666666666 0.037037037037037035
4 0.13411458333333334 0.7657407407407407 0.2682291666666667 0.4666666666666667
3 0.7510416666666667 0.5273148148148148 0.057291666666666664 0.11018518518518519
7 0.7947916666666667 0.5467592592592593 0.014583333333333334 0.05092592592592592
7 0.7268229166666667 0.5652777777777778 0.0140625 0.09907407407407408
8 0.7619791666666667 0.5560185185185185 0.019791666666666666 0.058333333333333334
4 0.9299479166666667 0.5680555555555555 0.13802083333333334 0.0787037037037037
8 0.9653645833333333 0.5546296296296296 0.03697916666666667 0.06296296296296296
7 0.9786458333333333 0.5662037037037037 0.020833333333333332 0.03981481481481482
4 0.9328125 0.7537037037037037 0.13333333333333333 0.3388888888888889
6 0.7815104166666667 0.7814814814814814 0.09114583333333333 0.31296296296296294
8 0.7703125 0.7125 0.11145833333333334 0.39537037037037037
6 0.9046875 0.8523148148148149 0.18854166666666666 0.2916666666666667
8 0.88203125 0.7805555555555556 0.13802083333333334 0.4351851851851852
3 0.5471354166666667 0.45231481481481484 0.3578125 0.6620370370370371
6 0.3125 0.8175925925925925 0.18229166666666666 0.3611111111111111
8 0.3229166666666667 0.7550925925925925 0.15 0.487962962962963
7 0.3640625 0.4041666666666667 0.009375 0.025
8 0.7822916666666667 0.5680555555555555 0.036458333333333336 0.026851851851851852