7 0.35996876626756896 0.5476851851851852 0.00989068193649141 0.08796296296296297
6 0.3797501301405518 0.625 0.042165538781884435 0.13703703703703704
8 0.377147319104633 0.6046296296296296 0.04112441436751692 0.13518518518518519
8 0.41072358146798543 0.5583333333333333 0.020822488287350338 0.07222222222222222
14 0.4034357105674128 0.5944444444444444 0.014575741801145237 0.053703703703703705
14 0.46928682977615827 0.5157407407407407 0.015096304008328995 0.012962962962962963
4 0.45471108797501303 0.525 0.045288912024986985 0.027777777777777776
8 0.42555960437272256 0.5328703703703703 0.00989068193649141 0.017592592592592594
8 0.41931285788651745 0.5347222222222222 0.011972930765226444 0.021296296296296296
4 0.4823008849557522 0.5296296296296297 0.015096304008328995 0.011111111111111112
4 0.47058823529411764 0.5412037037037037 0.04372722540343571 0.019444444444444445
4 0.5046850598646538 0.5314814814814814 0.02654867256637168 0.009259259259259259
4 0.5203019260801666 0.5291666666666667 0.010931806350858927 0.013888888888888888
4 0.43935450286309213 0.5972222222222222 0.06871421134825612 0.11666666666666667
4 0.5072878709005726 0.5574074074074075 0.08693388859968766 0.022222222222222223
8 0.5268089536699636 0.538425925925926 0.01665799062988027 0.025
4 0.5564809994794377 0.5532407407407407 0.04997397188964081 0.03981481481481482
4 0.594742321707444 0.5398148148148149 0.03279541905257678 0.020370370370370372
4 0.6301405517959396 0.5370370370370371 0.042165538781884435 0.025925925925925925
4 0.6171264966163457 0.5902777777777778 0.09422175950026028 0.09537037037037037
7 0.6290994273815721 0.537962962962963 0.008849557522123894 0.014814814814814815
8 0.6887038001041125 0.5518518518518518 0.020822488287350338 0.03333333333333333
4 0.7415408641332639 0.7064814814814815 0.25663716814159293 0.28888888888888886
6 0.9226965122332119 0.8125 0.1504424778761062 0.3712962962962963
8 0.9187922956793336 0.7601851851851852 0.13951067152524727 0.4425925925925926
4 0.5200416449765747 0.7800925925925926 0.2988027069234774 0.43425925925925923
4 0.5057261842790214 0.5347222222222222 0.031754294638209266 0.021296296296296296
8 0.7441436751691827 0.5532407407407407 0.011972930765226444 0.01574074074074074