7 0.13333333333333333 0.6337962962962963 0.09375 0.43425925925925923
6 0.2140625 0.5907407407407408 0.06145833333333333 0.2037037037037037
7 0.30182291666666666 0.5791666666666667 0.028645833333333332 0.062037037037037036
7 0.303125 0.5439814814814815 0.023958333333333335 0.10462962962962963
7 0.33489583333333334 0.5398148148148149 0.01875 0.1425925925925926
7 0.35052083333333334 0.5453703703703704 0.017708333333333333 0.12962962962962962
4 0.4309895833333333 0.525 0.05677083333333333 0.03518518518518519
1 0.47213541666666664 0.5305555555555556 0.08697916666666666 0.03888888888888889
1 0.5666666666666667 0.6050925925925926 0.10208333333333333 0.17685185185185184
8 0.5171875 0.5439814814814815 0.005208333333333333 0.012037037037037037
6 0.6255208333333333 0.6101851851851852 0.021875 0.06851851851851852
6 0.6333333333333333 0.6171296296296296 0.021875 0.06574074074074074
7 0.6479166666666667 0.6148148148148148 0.026041666666666668 0.14629629629629629
7 0.6692708333333334 0.5717592592592593 0.022916666666666665 0.09722222222222222
6 0.6966145833333334 0.6337962962962963 0.0890625 0.11388888888888889
7 0.7734375 0.6310185185185185 0.04895833333333333 0.2324074074074074
6 0.9432291666666667 0.6712962962962963 0.08958333333333333 0.12777777777777777
6 0.9924479166666667 0.6814814814814815 0.0140625 0.10555555555555556
4 0.46145833333333336 0.7467592592592592 0.265625 0.41759259259259257