6 0.4265625 0.5810185185185185 0.029166666666666667 0.08611111111111111
6 0.44244791666666666 0.5675925925925925 0.015104166666666667 0.05925925925925926
6 0.4505208333333333 0.5615740740740741 0.013541666666666667 0.05648148148148148
6 0.51015625 0.5222222222222223 0.009895833333333333 0.025925925925925925
6 0.5497395833333333 0.600925925925926 0.03697916666666667 0.09444444444444444
8 0.5497395833333333 0.5689814814814815 0.034895833333333334 0.1175925925925926
8 0.5447916666666667 0.5689814814814815 0.03958333333333333 0.11388888888888889
4 0.5479166666666667 0.5143518518518518 0.01875 0.03425925925925926
4 0.5450520833333333 0.5078703703703704 0.015104166666666667 0.026851851851851852
13 0.5674479166666667 0.5226851851851851 0.0328125 0.05462962962962963
8 0.55078125 0.5083333333333333 0.0046875 0.009259259259259259
1 0.5864583333333333 0.4962962962962963 0.014583333333333334 0.025925925925925925
4 0.5932291666666667 0.5009259259259259 0.009375 0.020370370370370372
4 0.6265625 0.5083333333333333 0.028125 0.03888888888888889
6 0.6041666666666666 0.5393518518518519 0.011458333333333333 0.017592592592592594
8 0.60390625 0.525 0.011979166666666667 0.022222222222222223
6 0.6067708333333334 0.586574074074074 0.023958333333333335 0.08425925925925926
8 0.6096354166666667 0.5703703703703704 0.0265625 0.09814814814814815
4 0.6697916666666667 0.5351851851851852 0.0375 0.04814814814814815
7 0.6627604166666666 0.5462962962962963 0.013020833333333334 0.06851851851851852
7 0.696875 0.5671296296296297 0.020833333333333332 0.09907407407407408
7 0.7369791666666666 0.5819444444444445 0.020833333333333332 0.1175925925925926
7 0.7234375 0.586574074074074 0.028125 0.1175925925925926
7 0.8122395833333333 0.42916666666666664 0.0078125 0.017592592592592594
7 0.8075520833333333 0.44537037037037036 0.015104166666666667 0.037037037037037035
7 0.82265625 0.4722222222222222 0.009895833333333333 0.027777777777777776
13 0.78828125 0.5541666666666667 0.1390625 0.1398148148148148
6 0.8791666666666667 0.5847222222222223 0.05625 0.08981481481481482
6 0.95625 0.5768518518518518 0.04895833333333333 0.046296296296296294
6 0.9481770833333333 0.6319444444444444 0.07552083333333333 0.10277777777777777
6 0.6333333333333333 0.6611111111111111 0.05520833333333333 0.14629629629629629
8 0.6309895833333333 0.5976851851851852 0.05677083333333333 0.175
6 0.5760416666666667 0.5648148148148148 0.017708333333333333 0.05185185185185185
4 0.6604166666666667 0.5101851851851852 0.028125 0.018518518518518517
6 0.64765625 0.5402777777777777 0.008854166666666666 0.026851851851851852
8 0.6466145833333333 0.5226851851851851 0.0067708333333333336 0.023148148148148147