4 0.40729166666666666 0.5555555555555556 0.041666666666666664 0.07037037037037037
4 0.39010416666666664 0.5703703703703704 0.06458333333333334 0.09074074074074075
4 0.45364583333333336 0.5361111111111111 0.011458333333333333 0.02962962962962963
7 0.4421875 0.562962962962963 0.01875 0.09259259259259259
7 0.45026041666666666 0.5370370370370371 0.0067708333333333336 0.037037037037037035
4 0.46041666666666664 0.5337962962962963 0.00625 0.019444444444444445
1 0.484375 0.5337962962962963 0.010416666666666666 0.026851851851851852
14 0.4921875 0.5310185185185186 0.007291666666666667 0.017592592592592594
1 0.4973958333333333 0.5333333333333333 0.007291666666666667 0.012962962962962963
6 0.47734375 0.5611111111111111 0.016145833333333335 0.040740740740740744
8 0.47734375 0.5458333333333333 0.0140625 0.05092592592592592
4 0.521875 0.5444444444444444 0.026041666666666668 0.037037037037037035
1 0.54296875 0.549074074074074 0.0265625 0.053703703703703705
4 0.57109375 0.5504629629629629 0.027604166666666666 0.03981481481481482
6 0.5796875 0.5587962962962963 0.0125 0.032407407407407406
6 0.5916666666666667 0.5606481481481481 0.020833333333333332 0.028703703703703703
6 0.6455729166666667 0.5569444444444445 0.013020833333333334 0.03611111111111111
6 0.6458333333333334 0.587037037037037 0.020833333333333332 0.044444444444444446
6 0.6606770833333333 0.5837962962962963 0.033854166666666664 0.058333333333333334
7 0.6690104166666667 0.5694444444444444 0.019270833333333334 0.07962962962962963
7 0.7036458333333333 0.5643518518518519 0.0125 0.06388888888888888
7 0.71484375 0.5657407407407408 0.011979166666666667 0.06481481481481481
6 0.9765625 0.8069444444444445 0.04583333333333333 0.22870370370370371
8 0.9796875 0.7425925925925926 0.03958333333333333 0.3148148148148148
1 0.83046875 0.7662037037037037 0.2786458333333333 0.46574074074074073