10 0.47631441957313897 0.3925925925925926 0.03435710567412806 0.027777777777777776
7 0.42243623112962 0.5111111111111111 0.004685059864653826 0.022222222222222223
13 0.4062988027069235 0.5120370370370371 0.021343050494534097 0.05555555555555555
7 0.3784487246225924 0.5152777777777777 0.007287870900572618 0.032407407407407406
7 0.390161374284227 0.5009259259259259 0.003643935450286309 0.009259259259259259
1 0.3872982821447163 0.524074074074074 0.01978136387298282 0.04259259259259259
13 0.4549713690786049 0.512962962962963 0.05101509630400833 0.09444444444444444
4 0.4862051015096304 0.5458333333333333 0.038521603331598125 0.06944444444444445
6 0.4528891202498699 0.5555555555555556 0.018740239458615304 0.053703703703703705
8 0.4531494013534617 0.5333333333333333 0.014055179593961478 0.05555555555555555
8 0.45158771473191045 0.5388888888888889 0.019260801665799063 0.06666666666666667
6 0.42920353982300885 0.5657407407407408 0.02654867256637168 0.06851851851851852
8 0.4286829776158251 0.5481481481481482 0.02342529932326913 0.07592592592592592
4 0.5200416449765747 0.5069444444444444 0.018740239458615304 0.010185185185185186
1 0.5190005205622071 0.5365740740740741 0.031233732431025507 0.058333333333333334
8 0.5067673086933888 0.5310185185185186 0.021343050494534097 0.062037037037037036
6 0.4940135346173868 0.6259259259259259 0.04685059864653826 0.14074074074074075
8 0.4966163456533056 0.5893518518518519 0.04372722540343571 0.14722222222222223
4 0.5744403956272774 0.55 0.0400832899531494 0.07222222222222222
4 0.6309213951067153 0.5435185185185185 0.04997397188964081 0.04814814814814815
6 0.6087975013014055 0.5560185185185185 0.018219677251431546 0.03425925925925926
8 0.6085372201978136 0.5449074074074074 0.01353461738677772 0.049074074074074076
1 0.69390942217595 0.5564814814814815 0.03019260801665799 0.053703703703703705
7 0.7509109838625716 0.5416666666666666 0.005726184279021343 0.009259259259259259
1 0.7870900572618428 0.5675925925925925 0.05413846954711088 0.05555555555555555
1 0.7665278500780843 0.5430555555555555 0.022384174908901613 0.013888888888888888
8 0.726444560124935 0.5537037037037037 0.00989068193649141 0.024074074074074074
8 0.7347735554398751 0.5421296296296296 0.008849557522123894 0.012037037037037037
6 0.8474752732951588 0.6083333333333333 0.05622071837584591 0.08518518518518518
4 0.77147319104633 0.6111111111111112 0.11244143675169183 0.13703703703703704
6 0.8883394065590838 0.6337962962962963 0.05986465382613222 0.075
8 0.8839146277980219 0.600462962962963 0.02394586153045289 0.08981481481481482
6 0.9383133784487246 0.6129629629629629 0.05153565851119209 0.06851851851851852
7 0.9185320145757419 0.575925925925926 0.011972930765226444 0.027777777777777776
7 0.9518479958355024 0.5935185185185186 0.02030192608016658 0.07962962962962963
6 0.972149921915669 0.7 0.05465903175429464 0.1388888888888889
8 0.9802186361270172 0.6583333333333333 0.038521603331598125 0.19074074074074074
6 0.37298282144716294 0.5300925925925926 0.013014055179593961 0.03981481481481482
6 0.36283185840707965 0.5347222222222222 0.01665799062988027 0.03981481481481482
7 0.3516397709526288 0.5166666666666667 0.008849557522123894 0.037037037037037035
4 0.33420093701197295 0.5333333333333333 0.04476834981780323 0.04814814814814815
6 0.24023945861530452 0.524074074074074 0.024466423737636647 0.04259259259259259
6 0.22644456012493494 0.5736111111111111 0.029151483602290473 0.08981481481481482
6 0.20848516397709527 0.5518518518518518 0.022384174908901613 0.06481481481481481
4 0.2980218636127017 0.6398148148148148 0.16501821967725144 0.22592592592592592
4 0.07209786569495055 0.6513888888888889 0.1441957313899011 0.25462962962962965
7 0.03748047891723061 0.49212962962962964 0.017699115044247787 0.06388888888888888
10 0.10359187922956793 0.41203703703703703 0.020822488287350338 0.05740740740740741
6 0.637948984903696 0.5782407407407407 0.019260801665799063 0.03796296296296296
4 0.4281624154086413 0.5083333333333333 0.00676730869338886 0.012962962962962963