8 0.058563248308172826 0.5314814814814814 0.008849557522123894 0.011111111111111112
4 0.03617907339927121 0.5810185185185185 0.07235814679854242 0.10462962962962963
4 0.10853722019781364 0.5662037037037037 0.05674128058302967 0.0787037037037037
10 0.14497657470067674 0.42777777777777776 0.0338365434669443 0.09444444444444444
10 0.18714211348256116 0.41759259259259257 0.03800104112441437 0.09074074074074075
10 0.30687142113482563 0.45231481481481484 0.024466423737636647 0.04722222222222222
4 0.30010411244143675 0.5208333333333334 0.010931806350858927 0.006481481481481481
4 0.28162415408641334 0.5194444444444445 0.007287870900572618 0.005555555555555556
4 0.23737636647579385 0.5175925925925926 0.014575741801145237 0.007407407407407408
4 0.2548152004164498 0.5189814814814815 0.00989068193649141 0.006481481481481481
4 0.2709526288391463 0.5189814814814815 0.00989068193649141 0.006481481481481481
13 0.35736595523165016 0.5180555555555556 0.03279541905257678 0.04722222222222222
4 0.3846954711087975 0.5310185185185186 0.022904737116085372 0.01574074074074074
8 0.4026548672566372 0.5222222222222223 0.00676730869338886 0.007407407407407408
3 0.4213951067152525 0.5185185185185185 0.024466423737636647 0.025925925925925925
1 0.4385736595523165 0.5268518518518519 0.021343050494534097 0.011111111111111112
6 0.4018740239458615 0.5324074074074074 0.010411244143675169 0.012962962962962963
8 0.3677771993753253 0.5300925925925926 0.00676730869338886 0.012037037037037037
4 0.22123893805309736 0.6916666666666667 0.30921395106715255 0.362962962962963
4 0.4185320145757418 0.5287037037037037 0.018740239458615304 0.009259259259259259
4 0.610098906819365 0.5518518518518518 0.07600208224882873 0.05925925925925926
4 0.6197293076522644 0.6027777777777777 0.07235814679854242 0.16296296296296298
4 0.4528891202498699 0.7611111111111111 0.41332639250390424 0.4759259259259259
4 0.6478396668401875 0.5532407407407407 0.015096304008328995 0.028703703703703703
8 0.6894846434148881 0.5564814814814815 0.004685059864653826 0.025925925925925925
3 0.8321186881832379 0.49675925925925923 0.33472149921915667 0.6731481481481482
4 0.8909422175950026 0.8782407407407408 0.21395106715252474 0.24166666666666667
6 0.6790733992712129 0.5513888888888889 0.013014055179593961 0.01574074074074074
6 0.6642373763664758 0.5509259259259259 0.007287870900572618 0.014814814814814815