6 0.35033836543466945 0.7439814814814815 0.08328995314940135 0.2972222222222222
8 0.34122852680895366 0.6759259259259259 0.08797501301405518 0.2777777777777778
13 0.3997917751171265 0.5 0.01353461738677772 0.027777777777777776
4 0.43545028630921395 0.5101851851851852 0.015096304008328995 0.03518518518518519
14 0.4674648620510151 0.5 0.029151483602290473 0.014814814814814815
4 0.5257678292555961 0.538425925925926 0.07496095783446122 0.10833333333333334
14 0.4185320145757418 0.5050925925925925 0.021863612701717855 0.030555555555555555
13 0.5728787090057262 0.5060185185185185 0.0338365434669443 0.09722222222222222
4 0.4724102030192608 0.5685185185185185 0.08068714211348256 0.1259259259259259
6 0.5385216033315982 0.5898148148148148 0.0338365434669443 0.11296296296296296
8 0.5377407600208225 0.5643518518518519 0.032274856845393024 0.11388888888888889
4 0.5749609578344612 0.5726851851851852 0.029672045809474232 0.09166666666666666
13 0.7894325871941698 0.6037037037037037 0.418011452368558 0.7870370370370371
7 0.43831337844872464 0.5180555555555556 0.009370119729307652 0.03796296296296296
7 0.4781363872982821 0.5037037037037037 0.00676730869338886 0.007407407407407408