7 0.37395833333333334 0.5185185185185185 0.009375 0.046296296296296294
3 0.5127604166666667 0.5009259259259259 0.008854166666666666 0.02962962962962963
3 0.5333333333333333 0.500462962962963 0.034375 0.010185185185185186
4 0.5091145833333334 0.5407407407407407 0.0067708333333333336 0.06111111111111111
1 0.52109375 0.5064814814814815 0.0078125 0.009259259259259259
1 0.5432291666666667 0.5097222222222222 0.008333333333333333 0.008333333333333333
1 0.5307291666666667 0.5078703703703704 0.017708333333333333 0.006481481481481481
1 0.5283854166666667 0.5476851851851852 0.0328125 0.08055555555555556
6 0.53359375 0.6171296296296296 0.04010416666666667 0.10833333333333334
6 0.54921875 0.5643518518518519 0.009895833333333333 0.032407407407407406
8 0.5481770833333334 0.5356481481481481 0.011979166666666667 0.04722222222222222
8 0.5325520833333334 0.5814814814814815 0.0390625 0.13333333333333333
7 0.36770833333333336 0.5064814814814815 0.005208333333333333 0.016666666666666666
3 0.44427083333333334 0.5064814814814815 0.13229166666666667 0.25925925925925924
6 0.44947916666666665 0.6111111111111112 0.03958333333333333 0.11851851851851852
8 0.44973958333333336 0.5893518518518519 0.03697916666666667 0.15648148148148147
6 0.3377604166666667 0.6337962962962963 0.013020833333333334 0.09907407407407408
6 0.36432291666666666 0.6912037037037037 0.0734375 0.1935185185185185
6 0.41640625 0.7611111111111111 0.1015625 0.24259259259259258
8 0.3463541666666667 0.5564814814814815 0.030208333333333334 0.09814814814814815
8 0.42239583333333336 0.7055555555555556 0.08645833333333333 0.3148148148148148
8 0.3653645833333333 0.638425925925926 0.05677083333333333 0.24351851851851852
8 0.042708333333333334 0.8546296296296296 0.08541666666666667 0.2796296296296296
3 0.7731770833333333 0.4666666666666667 0.4505208333333333 0.6018518518518519
4 0.8828125 0.8375 0.23020833333333332 0.3194444444444444
6 0.06276041666666667 0.8583333333333333 0.11927083333333334 0.2777777777777778
7 0.2953125 0.5166666666666667 0.0125 0.07222222222222222
7 0.28958333333333336 0.5560185185185185 0.022916666666666665 0.1361111111111111
7 0.2708333333333333 0.5537037037037037 0.026041666666666668 0.13703703703703704
7 0.25546875 0.5111111111111111 0.018229166666666668 0.053703703703703705
7 0.2596354166666667 0.5643518518518519 0.034895833333333334 0.14537037037037037
7 0.2140625 0.5472222222222223 0.020833333333333332 0.16666666666666666
7 0.19244791666666666 0.5560185185185185 0.0359375 0.19166666666666668
7 0.22526041666666666 0.5560185185185185 0.0390625 0.175