8 0.35859375 0.575462962962963 0.008854166666666666 0.03981481481481482
6 0.35963541666666665 0.5995370370370371 0.0067708333333333336 0.03425925925925926
1 0.33958333333333335 0.5916666666666667 0.03958333333333333 0.09259259259259259
1 0.28958333333333336 0.6333333333333333 0.08541666666666667 0.17222222222222222
13 0.09609375 0.5555555555555556 0.10364583333333334 0.09814814814814815
7 0.22890625 0.5680555555555555 0.015104166666666667 0.019444444444444445
4 0.11692708333333333 0.5898148148148148 0.11302083333333333 0.06111111111111111
8 0.140625 0.5398148148148149 0.011458333333333333 0.044444444444444446
8 0.13151041666666666 0.5402777777777777 0.008854166666666666 0.04351851851851852
8 0.12395833333333334 0.538425925925926 0.010416666666666666 0.04722222222222222
8 0.11510416666666666 0.5375 0.0125 0.049074074074074076
6 0.16901041666666666 0.6342592592592593 0.07239583333333334 0.09259259259259259
6 0.15 0.6361111111111111 0.07395833333333333 0.09814814814814815
6 0.13541666666666666 0.6393518518518518 0.08020833333333334 0.11018518518518519
6 0.10885416666666667 0.6439814814814815 0.07708333333333334 0.1175925925925926
7 0.33177083333333335 0.5916666666666667 0.017708333333333333 0.10740740740740741
14 0.3046875 0.7013888888888888 0.11666666666666667 0.16574074074074074
8 0.2921875 0.7013888888888888 0.08229166666666667 0.23055555555555557
7 0.6020833333333333 0.5712962962962963 0.009375 0.03888888888888889
1 0.9013020833333333 0.5666666666666667 0.033854166666666664 0.044444444444444446
7 0.9106770833333333 0.5712962962962963 0.0140625 0.040740740740740744
7 0.8833333333333333 0.5564814814814815 0.007291666666666667 0.016666666666666666
14 0.6276041666666666 0.5625 0.03125 0.04351851851851852
6 0.6177083333333333 0.6393518518518518 0.029166666666666667 0.09537037037037037
8 0.6067708333333334 0.5796296296296296 0.014583333333333334 0.05185185185185185
8 0.61796875 0.6050925925925926 0.034895833333333334 0.11018518518518519
6 0.5973958333333333 0.6458333333333334 0.035416666666666666 0.125
8 0.5895833333333333 0.5819444444444445 0.020833333333333332 0.04722222222222222
3 0.46380208333333334 0.5518518518518518 0.21197916666666666 0.4222222222222222
6 0.55625 0.7699074074074074 0.075 0.25277777777777777
8 0.5658854166666667 0.6259259259259259 0.06822916666666666 0.16296296296296298
8 0.5609375 0.6939814814814815 0.078125 0.23796296296296296
4 0.8145833333333333 0.7574074074074074 0.36875 0.4777777777777778
6 0.6455729166666667 0.8666666666666667 0.15885416666666666 0.25925925925925924
8 0.6080729166666666 0.8078703703703703 0.07552083333333333 0.3101851851851852
8 0.66796875 0.7828703703703703 0.17135416666666667 0.4305555555555556
6 0.04010416666666667 0.6592592592592592 0.078125 0.12962962962962962
6 0.031510416666666666 0.674074074074074 0.059895833333333336 0.1259259259259259
6 0.0265625 0.6935185185185185 0.052083333333333336 0.1037037037037037
7 0.20338541666666668 0.5625 0.0078125 0.008333333333333333