3 0.3768229166666667 0.45046296296296295 0.07239583333333334 0.1675925925925926
13 0.3528645833333333 0.47962962962962963 0.04010416666666667 0.18518518518518517
3 0.17760416666666667 0.49907407407407406 0.35520833333333335 0.9981481481481481
14 0.4296875 0.41759259259259257 0.016666666666666666 0.02962962962962963
14 0.4153645833333333 0.42407407407407405 0.016145833333333335 0.024074074074074074
4 0.41875 0.4412037037037037 0.019791666666666666 0.028703703703703703
6 0.4119791666666667 0.5537037037037037 0.041666666666666664 0.11481481481481481
8 0.4114583333333333 0.5166666666666667 0.042708333333333334 0.1388888888888889
8 0.4166666666666667 0.4444444444444444 0.009375 0.022222222222222223
1 0.44505208333333335 0.4777777777777778 0.0421875 0.08518518518518518
7 0.453125 0.4324074074074074 0.007291666666666667 0.014814814814814815
8 0.44427083333333334 0.43333333333333335 0.00625 0.007407407407407408
6 0.54140625 0.5217592592592593 0.058854166666666666 0.12129629629629629
7 0.56171875 0.47824074074074074 0.030729166666666665 0.15833333333333333
6 0.5981770833333333 0.4652777777777778 0.050520833333333334 0.07685185185185185
6 0.6390625 0.4263888888888889 0.06354166666666666 0.0787037037037037
7 0.69140625 0.37453703703703706 0.013020833333333334 0.03981481481481482
7 0.7213541666666666 0.46944444444444444 0.05416666666666667 0.22037037037037038
8 0.6098958333333333 0.5356481481481481 0.07083333333333333 0.1824074074074074
8 0.6854166666666667 0.725 0.240625 0.5481481481481482
6 0.6895833333333333 0.8319444444444445 0.234375 0.33425925925925926
4 0.45026041666666666 0.42962962962962964 0.025520833333333333 0.016666666666666666
6 0.46510416666666665 0.6509259259259259 0.090625 0.24814814814814815
8 0.4666666666666667 0.575462962962963 0.07916666666666666 0.2675925925925926
7 0.6958333333333333 0.4898148148148148 0.03125 0.07407407407407407