13 0.35130208333333335 0.49953703703703706 0.7026041666666667 0.9990740740740741
6 0.6583333333333333 0.5319444444444444 0.06666666666666667 0.10462962962962963
8 0.69375 0.49027777777777776 0.06875 0.1638888888888889
8 0.7265625 0.4949074074074074 0.08125 0.16203703703703703
14 0.9927083333333333 0.42962962962962964 0.013541666666666667 0.025925925925925925
14 0.9768229166666667 0.42685185185185187 0.024479166666666666 0.022222222222222223
4 0.9786458333333333 0.4449074074074074 0.041666666666666664 0.04537037037037037
6 0.96328125 0.47129629629629627 0.033854166666666664 0.05555555555555555
8 0.9671875 0.45555555555555555 0.014583333333333334 0.053703703703703705
6 0.9309895833333334 0.4597222222222222 0.024479166666666666 0.03796296296296296
8 0.9236979166666667 0.45092592592592595 0.0109375 0.05185185185185185
8 0.9286458333333333 0.4527777777777778 0.019791666666666666 0.05740740740740741
4 0.77734375 0.7064814814814815 0.44427083333333334 0.46296296296296297