4 0.3560645497136908 0.5472222222222223 0.015616866215512754 0.07037037037037037
6 0.4018740239458615 0.5634259259259259 0.011452368558042686 0.030555555555555555
8 0.40135346173867775 0.5425925925925926 0.010411244143675169 0.046296296296296294
1 0.38209266007287873 0.5513888888888889 0.03748047891723061 0.075
4 0.5458094742321707 0.5421296296296296 0.03800104112441437 0.058333333333333334
13 0.452628839146278 0.5277777777777778 0.10567412805830297 0.2111111111111111
4 0.6218115564809995 0.5541666666666667 0.09005726184279021 0.13796296296296295
4 0.7175950026028111 0.5592592592592592 0.05778240499739719 0.07592592592592592
6 0.6863612701717855 0.5907407407407408 0.019260801665799063 0.07037037037037037
8 0.6866215512753774 0.5560185185185185 0.015616866215512754 0.05462962962962963
7 0.8669963560645497 0.5597222222222222 0.015096304008328995 0.07314814814814814
7 0.8365434669442998 0.575925925925926 0.020822488287350338 0.11296296296296296
8 0.8029672045809474 0.5407407407407407 0.01717855283706403 0.04814814814814815
7 0.8196251952108277 0.5541666666666667 0.02342529932326913 0.07685185185185185
4 0.7704320666319625 0.6138888888888889 0.14575741801145237 0.1648148148148148
4 0.9151483602290473 0.612037037037037 0.10411244143675169 0.14444444444444443
4 0.963300364393545 0.7027777777777777 0.07235814679854242 0.412962962962963
6 0.5163977095262884 0.562037037037037 0.010411244143675169 0.03518518518518519
6 0.37506507027589797 0.5981481481481481 0.0338365434669443 0.09074074074074075
8 0.3719416970327954 0.5708333333333333 0.03279541905257678 0.10277777777777777
3 0.176730869338886 0.4981481481481482 0.353461738677772 0.8166666666666667
6 0.4846434148880791 0.7097222222222223 0.07704320666319625 0.23981481481481481
8 0.48646538261322225 0.6425925925925926 0.07235814679854242 0.24814814814814815