4 0.8098958333333334 0.687962962962963 0.228125 0.2777777777777778
4 0.6677083333333333 0.6050925925925926 0.08645833333333333 0.10648148148148148
13 0.6502604166666667 0.5583333333333333 0.04635416666666667 0.08148148148148149
4 0.603125 0.5847222222222223 0.05 0.06944444444444445
1 0.5963541666666666 0.5513888888888889 0.028125 0.028703703703703703
8 0.5794270833333334 0.5527777777777778 0.0078125 0.018518518518518517
4 0.5671875 0.562037037037037 0.023958333333333335 0.040740740740740744
4 0.55234375 0.5560185185185185 0.013020833333333334 0.023148148148148147
6 0.54921875 0.5597222222222222 0.0067708333333333336 0.019444444444444445
8 0.5484375 0.549074074074074 0.00625 0.016666666666666666
4 0.53984375 0.5486111111111112 0.008854166666666666 0.01574074074074074
4 0.5442708333333334 0.549537037037037 0.008333333333333333 0.01574074074074074
3 0.51953125 0.5282407407407408 0.016145833333333335 0.021296296296296296
4 0.5200520833333333 0.5657407407407408 0.034895833333333334 0.06666666666666667
8 0.5041666666666667 0.5486111111111112 0.003125 0.019444444444444445
8 0.5002604166666667 0.5504629629629629 0.0067708333333333336 0.025
6 0.5005208333333333 0.5601851851851852 0.00625 0.020370370370370372
6 0.4934895833333333 0.5662037037037037 0.009895833333333333 0.028703703703703703
8 0.4942708333333333 0.5569444444444445 0.010416666666666666 0.032407407407407406
6 0.4830729166666667 0.5726851851851852 0.008854166666666666 0.028703703703703703
8 0.4830729166666667 0.5550925925925926 0.008854166666666666 0.028703703703703703
6 0.4734375 0.5847222222222223 0.014583333333333334 0.04537037037037037
8 0.4747395833333333 0.5657407407407408 0.0171875 0.04814814814814815
6 0.5828125 0.5606481481481481 0.007291666666666667 0.01574074074074074