13 0.5440104166666667 0.49398148148148147 0.0265625 0.028703703703703703
4 0.4953125 0.5087962962962963 0.010416666666666666 0.021296296296296296
1 0.5692708333333333 0.49907407407407406 0.00625 0.014814814814814815
13 0.5807291666666666 0.49953703703703706 0.013541666666666667 0.03611111111111111
4 0.5830729166666667 0.5120370370370371 0.0109375 0.027777777777777776
4 0.5942708333333333 0.5138888888888888 0.023958333333333335 0.03888888888888889
4 0.61015625 0.5222222222222223 0.027604166666666666 0.04814814814814815
4 0.6236979166666666 0.5356481481481481 0.034895833333333334 0.058333333333333334
8 0.6533854166666667 0.5083333333333333 0.005729166666666666 0.011111111111111112
4 0.65 0.5513888888888889 0.04583333333333333 0.08055555555555556
13 0.7169270833333333 0.5393518518518519 0.0984375 0.1675925925925926
6 0.7479166666666667 0.6157407407407407 0.059375 0.1388888888888889
8 0.75234375 0.5833333333333334 0.04739583333333333 0.16111111111111112
6 0.809375 0.5879629629629629 0.03854166666666667 0.10555555555555556
8 0.8075520833333333 0.5699074074074074 0.027604166666666666 0.11574074074074074
6 0.82734375 0.6078703703703704 0.030729166666666665 0.10833333333333334
8 0.8356770833333333 0.5546296296296296 0.03177083333333333 0.11481481481481481
1 0.5619791666666667 0.5069444444444444 0.017708333333333333 0.019444444444444445
7 0.49140625 0.5310185185185186 0.0078125 0.03611111111111111
7 0.4864583333333333 0.5236111111111111 0.011458333333333333 0.05648148148148148
1 0.5447916666666667 0.5342592592592592 0.058333333333333334 0.06111111111111111
7 0.553125 0.5277777777777778 0.026041666666666668 0.05925925925925926
4 0.48984375 0.7125 0.28802083333333334 0.32685185185185184
4 0.9 0.6791666666666667 0.19895833333333332 0.4083333333333333
9 0.4666666666666667 0.26157407407407407 0.019791666666666666 0.03981481481481482
4 0.16510416666666666 0.6587962962962963 0.3302083333333333 0.2861111111111111
4 0.05755208333333333 0.7138888888888889 0.11510416666666666 0.29074074074074074