7 0.5119791666666667 0.5444444444444444 0.004166666666666667 0.024074074074074074
7 0.5171875 0.5444444444444444 0.007291666666666667 0.027777777777777776
7 0.5239583333333333 0.5601851851851852 0.011458333333333333 0.05740740740740741
7 0.5369791666666667 0.5439814814814815 0.004166666666666667 0.017592592592592594
7 0.5416666666666666 0.5666666666666667 0.016666666666666666 0.06481481481481481
7 0.5322916666666667 0.5689814814814815 0.013541666666666667 0.06388888888888888
7 0.5770833333333333 0.5527777777777778 0.0125 0.044444444444444446
6 0.5888020833333333 0.5791666666666667 0.0328125 0.05092592592592592
14 0.6588541666666666 0.575 0.03854166666666667 0.12777777777777777
14 0.7205729166666667 0.5703703703703704 0.0953125 0.12777777777777777
7 0.66796875 0.5643518518518519 0.0171875 0.0824074074074074
7 0.7291666666666666 0.5736111111111111 0.026041666666666668 0.0824074074074074
6 0.68359375 0.6296296296296297 0.07135416666666666 0.10185185185185185
8 0.68984375 0.5884259259259259 0.0421875 0.10092592592592593
6 0.7296875 0.7300925925925926 0.19166666666666668 0.22314814814814815
8 0.7348958333333333 0.6625 0.075 0.275
13 0.49661458333333336 0.5328703703703703 0.018229166666666668 0.032407407407407406
1 0.5002604166666667 0.5513888888888889 0.018229166666666668 0.041666666666666664
6 0.48932291666666666 0.5837962962962963 0.018229166666666668 0.06574074074074074
8 0.4864583333333333 0.5611111111111111 0.017708333333333333 0.06296296296296296
14 0.45364583333333336 0.5513888888888889 0.025 0.04537037037037037
6 0.4471354166666667 0.5731481481481482 0.0171875 0.044444444444444446
7 0.42578125 0.5541666666666667 0.008854166666666666 0.023148148148148147
6 0.41901041666666666 0.575462962962963 0.034895833333333334 0.049074074074074076
6 0.39296875 0.5824074074074074 0.04010416666666667 0.06666666666666667
6 0.37604166666666666 0.5888888888888889 0.04583333333333333 0.06851851851851852
7 0.415625 0.5768518518518518 0.022916666666666665 0.09444444444444444
8 0.4674479166666667 0.6175925925925926 0.049479166666666664 0.15925925925925927
6 0.47109375 0.6592592592592592 0.0484375 0.14074074074074075
4 0.14114583333333333 0.5666666666666667 0.134375 0.09444444444444444
8 0.20833333333333334 0.5791666666666667 0.03333333333333333 0.04537037037037037
8 0.18984375 0.5763888888888888 0.025520833333333333 0.04722222222222222
1 0.05 0.6037037037037037 0.1 0.12962962962962962
4 0.16302083333333334 0.7962962962962963 0.3260416666666667 0.39814814814814814
14 0.5622395833333333 0.5652777777777778 0.024479166666666666 0.032407407407407406