13 0.07916666666666666 0.5268518518518519 0.15833333333333333 0.42777777777777776
6 0.18411458333333333 0.5462962962962963 0.030729166666666665 0.08148148148148149
6 0.17109375 0.5643518518518519 0.049479166666666664 0.07685185185185185
4 0.22395833333333334 0.5356481481481481 0.065625 0.06944444444444445
6 0.25807291666666665 0.5351851851851852 0.013020833333333334 0.03888888888888889
7 0.21328125 0.5916666666666667 0.033854166666666664 0.16296296296296298
4 0.35625 0.5462962962962963 0.03125 0.05
7 0.40520833333333334 0.5375 0.008333333333333333 0.026851851851851852
7 0.4234375 0.5337962962962963 0.007291666666666667 0.013888888888888888
7 0.4278645833333333 0.5310185185185186 0.0046875 0.012037037037037037
8 0.4609375 0.5337962962962963 0.008333333333333333 0.021296296296296296
14 0.46640625 0.5143518518518518 0.009895833333333333 0.021296296296296296
14 0.4778645833333333 0.5092592592592593 0.0109375 0.009259259259259259
14 0.4984375 0.500462962962963 0.009375 0.017592592592592594
14 0.5127604166666667 0.49907407407407406 0.008854166666666666 0.014814814814814815
14 0.5049479166666667 0.5037037037037037 0.0067708333333333336 0.005555555555555556
4 0.5143229166666666 0.5018518518518519 0.008854166666666666 0.009259259259259259
14 0.49947916666666664 0.5069444444444444 0.00625 0.006481481481481481
14 0.5372395833333333 0.5064814814814815 0.005729166666666666 0.009259259259259259
14 0.5481770833333334 0.5041666666666667 0.0067708333333333336 0.010185185185185186
3 0.5609375 0.5106481481481482 0.020833333333333332 0.03425925925925926
14 0.5794270833333334 0.5083333333333333 0.008854166666666666 0.014814814814814815
6 0.5809895833333333 0.5143518518518518 0.0046875 0.012037037037037037
8 0.58046875 0.5097222222222222 0.0026041666666666665 0.012037037037037037
4 0.59453125 0.5236111111111111 0.013020833333333334 0.023148148148148147
4 0.6114583333333333 0.5268518518518519 0.015625 0.024074074074074074
7 0.6231770833333333 0.5300925925925926 0.0067708333333333336 0.026851851851851852
6 0.6299479166666667 0.5259259259259259 0.0109375 0.018518518518518517
6 0.6401041666666667 0.5208333333333334 0.013541666666666667 0.01574074074074074
4 0.6809895833333334 0.5263888888888889 0.024479166666666666 0.019444444444444445
3 0.71015625 0.5268518518518519 0.03802083333333333 0.05555555555555555
6 0.7205729166666667 0.5537037037037037 0.0109375 0.027777777777777776
6 0.7091145833333333 0.5699074074074074 0.016145833333333335 0.03796296296296296
8 0.7078125 0.5592592592592592 0.0125 0.05185185185185185
14 0.73203125 0.5453703703703704 0.027604166666666666 0.04259259259259259
4 0.740625 0.5254629629629629 0.020833333333333332 0.017592592592592594
4 0.7580729166666667 0.5236111111111111 0.011979166666666667 0.025
4 0.7434895833333334 0.5601851851851852 0.0453125 0.04814814814814815
1 0.7596354166666667 0.5587962962962963 0.0546875 0.058333333333333334
6 0.7533854166666667 0.5745370370370371 0.0359375 0.03981481481481482
8 0.7552083333333334 0.5662037037037037 0.01875 0.05277777777777778
8 0.76328125 0.5625 0.011979166666666667 0.058333333333333334
6 0.79921875 0.5680555555555555 0.016145833333333335 0.03981481481481482
6 0.8109375 0.5703703703703704 0.0125 0.037037037037037035
6 0.8317708333333333 0.5657407407407408 0.023958333333333335 0.037037037037037035
4 0.8697916666666666 0.5800925925925926 0.06354166666666666 0.07314814814814814
7 0.915625 0.5828703703703704 0.016666666666666666 0.06574074074074074
6 0.93125 0.5763888888888888 0.027083333333333334 0.049074074074074076
6 0.9489583333333333 0.5768518518518518 0.03333333333333333 0.04814814814814815
6 0.9661458333333334 0.5782407407407407 0.036458333333333336 0.05648148148148148
6 0.9721354166666667 0.5907407407407408 0.05260416666666667 0.06481481481481481
7 0.9375 0.5995370370370371 0.01875 0.08981481481481482
6 0.91171875 0.6574074074074074 0.06197916666666667 0.1111111111111111
8 0.8911458333333333 0.6111111111111112 0.026041666666666668 0.1259259259259259
8 0.9096354166666667 0.6217592592592592 0.04010416666666667 0.12685185185185185
1 0.5822916666666667 0.5388888888888889 0.017708333333333333 0.03888888888888889
1 0.5033854166666667 0.5925925925925926 0.0828125 0.17222222222222222
4 0.4125 0.5476851851851852 0.016666666666666666 0.03796296296296296
4 0.3875 0.5583333333333333 0.051041666666666666 0.06666666666666667
4 0.44088541666666664 0.5777777777777777 0.05677083333333333 0.09074074074074075