6 0.28828125 0.5805555555555556 0.0234375 0.13703703703703704
6 0.3359375 0.5569444444444445 0.0625 0.11018518518518519
6 0.43020833333333336 0.55 0.0375 0.07777777777777778
6 0.5109375 0.6273148148148148 0.07916666666666666 0.19907407407407407
6 0.97578125 0.562037037037037 0.043229166666666666 0.11666666666666667
4 0.9153645833333334 0.5032407407407408 0.1546875 0.10462962962962963
4 0.8286458333333333 0.4898148148148148 0.09166666666666666 0.06851851851851852
4 0.7859375 0.4875 0.051041666666666666 0.058333333333333334
13 0.7411458333333333 0.45740740740740743 0.035416666666666666 0.05740740740740741
6 0.40130208333333334 0.49907407407407406 0.0328125 0.046296296296296294
8 0.5177083333333333 0.5763888888888888 0.058333333333333334 0.20277777777777778
8 0.42994791666666665 0.5287037037037037 0.0296875 0.11296296296296296
4 0.4322916666666667 0.4842592592592593 0.103125 0.06111111111111111
4 0.4434895833333333 0.4912037037037037 0.06302083333333333 0.06944444444444445
10 0.47578125 0.4166666666666667 0.0171875 0.025925925925925925
1 0.5138020833333333 0.5398148148148149 0.08697916666666666 0.1648148148148148
4 0.5502604166666667 0.4615740740740741 0.0296875 0.028703703703703703
4 0.5760416666666667 0.4583333333333333 0.009375 0.018518518518518517
6 0.5875 0.4648148148148148 0.007291666666666667 0.016666666666666666
7 0.6838541666666667 0.45787037037037037 0.004166666666666667 0.019444444444444445
7 0.6802083333333333 0.4601851851851852 0.00625 0.022222222222222223
7 0.6734375 0.4597222222222222 0.004166666666666667 0.021296296296296296
1 0.6651041666666667 0.46574074074074073 0.015625 0.02962962962962963
1 0.6505208333333333 0.4564814814814815 0.016666666666666666 0.022222222222222223
6 0.103125 0.8296296296296296 0.20625 0.3351851851851852
8 0.06484375 0.7666666666666667 0.1296875 0.44814814814814813
1 0.14348958333333334 0.6513888888888889 0.2828125 0.4064814814814815
8 0.5869791666666667 0.45740740740740743 0.005208333333333333 0.014814814814814815
1 0.5994791666666667 0.46620370370370373 0.017708333333333333 0.032407407407407406
6 0.6127604166666667 0.47175925925925927 0.0078125 0.017592592592592594
6 0.62265625 0.47638888888888886 0.009895833333333333 0.021296296296296296
8 0.6075520833333333 0.4601851851851852 0.0046875 0.012962962962962963
8 0.6125 0.4625 0.007291666666666667 0.023148148148148147
8 0.61640625 0.46064814814814814 0.0036458333333333334 0.01574074074074074
8 0.62265625 0.46296296296296297 0.0078125 0.022222222222222223