4 0.23347214992191567 0.5847222222222223 0.1566892243623113 0.09351851851851851
6 0.3219677251431546 0.674074074074074 0.06611140031233732 0.1037037037037037
8 0.3079125455491931 0.6111111111111112 0.04424778761061947 0.09259259259259259
7 0.28474752732951586 0.7162037037037037 0.052056220718375845 0.30462962962962964
4 0.21317022384174908 0.7064814814814815 0.20458094742321709 0.25925925925925924
7 0.07964601769911504 0.5597222222222222 0.01665799062988027 0.023148148148148147
7 0.1054138469547111 0.5611111111111111 0.011972930765226444 0.016666666666666666
7 0.13560645497136908 0.6814814814814815 0.03279541905257678 0.2611111111111111
1 0.07287870900572618 0.7819444444444444 0.14575741801145237 0.42685185185185187
7 0.15148360229047372 0.8888888888888888 0.092660072878709 0.21851851851851853
4 0.8008849557522124 0.5777777777777777 0.058823529411764705 0.11851851851851852
7 0.7688703800104112 0.6504629629629629 0.03956272774596564 0.24537037037037038
7 0.8310775637688704 0.674537037037037 0.042165538781884435 0.2324074074074074
14 0.6894846434148881 0.5388888888888889 0.05153565851119209 0.011111111111111112
1 0.6913066111400312 0.7611111111111111 0.1728266527850078 0.4444444444444444
7 0.5320145757418011 0.5921296296296297 0.02394586153045289 0.10648148148148148
7 0.5390421655387819 0.5800925925925926 0.013014055179593961 0.07685185185185185
6 0.4838625715773035 0.5717592592592593 0.00989068193649141 0.017592592592592594
7 0.4841228526808954 0.5569444444444445 0.012493492972410203 0.032407407407407406
7 0.4966163456533056 0.5606481481481481 0.010411244143675169 0.03796296296296296
7 0.5091098386257158 0.5583333333333333 0.011452368558042686 0.03333333333333333
7 0.43831337844872464 0.5513888888888889 0.006246746486205101 0.01574074074074074
6 0.45054659031754296 0.5537037037037037 0.011972930765226444 0.011111111111111112
6 0.5153565851119208 0.5689814814814815 0.015616866215512754 0.01574074074074074
8 0.017699115044247787 0.5726851851851852 0.01353461738677772 0.008333333333333333
4 0.46382092660072877 0.5541666666666667 0.014575741801145237 0.017592592592592594