7 0.10567412805830297 0.5180555555555556 0.022904737116085372 0.09537037037037037
14 0.15720978656949505 0.49907407407407406 0.09578344612181156 0.1388888888888889
8 0.1905257678292556 0.4791666666666667 0.015616866215512754 0.08055555555555556
13 0.3482561166059344 0.5328703703703703 0.08120770432066632 0.125
6 0.32561166059344093 0.6736111111111112 0.06611140031233732 0.18611111111111112
8 0.32769390942217597 0.6236111111111111 0.04945340968245705 0.18981481481481483
8 0.3107756376887038 0.6310185185185185 0.059344091618948464 0.20833333333333334
6 0.43024466423737634 0.5435185185185185 0.004685059864653826 0.024074074074074074
8 0.4286829776158251 0.5375 0.00676730869338886 0.03611111111111111
8 0.4279021343050495 0.5300925925925926 0.006246746486205101 0.03611111111111111
13 0.5028630921395106 0.55 0.14679854242581988 0.25555555555555554
8 0.5916189484643415 0.5208333333333334 0.008849557522123894 0.012037037037037037
4 0.5986465382613222 0.5842592592592593 0.0864133263925039 0.12037037037037036
4 0.8409682457053618 0.7263888888888889 0.31285788651743884 0.4027777777777778