6 0.9802083333333333 0.6527777777777778 0.0375 0.15925925925925927
8 0.9916666666666667 0.5592592592592592 0.014583333333333334 0.13148148148148148
13 0.6895833333333333 0.4162037037037037 0.078125 0.1175925925925926
3 0.65625 0.3990740740740741 0.06145833333333333 0.10925925925925926
3 0.5981770833333333 0.4 0.027604166666666666 0.05
1 0.6125 0.44583333333333336 0.035416666666666666 0.0787037037037037
6 0.5890625 0.42314814814814816 0.008333333333333333 0.024074074074074074
8 0.5890625 0.41388888888888886 0.007291666666666667 0.025925925925925925
1 0.5807291666666666 0.4041666666666667 0.008333333333333333 0.01574074074074074
1 0.57578125 0.4013888888888889 0.0036458333333333334 0.008333333333333333
1 0.571875 0.40324074074074073 0.007291666666666667 0.013888888888888888
4 0.5658854166666667 0.4009259259259259 0.0078125 0.011111111111111112
4 0.5479166666666667 0.3976851851851852 0.005208333333333333 0.010185185185185186
6 0.54140625 0.39861111111111114 0.0026041666666666665 0.004629629629629629
8 0.54140625 0.3962962962962963 0.0026041666666666665 0.007407407407407408
1 0.5533854166666666 0.39537037037037037 0.0036458333333333334 0.005555555555555556
1 0.55703125 0.399537037037037 0.0046875 0.010185185185185186
7 0.5598958333333334 0.3972222222222222 0.0020833333333333333 0.009259259259259259
6 0.53828125 0.42962962962962964 0.009895833333333333 0.027777777777777776
8 0.5380208333333333 0.4148148148148148 0.007291666666666667 0.018518518518518517
8 0.5390625 0.41064814814814815 0.009375 0.019444444444444445
6 0.5471354166666667 0.4513888888888889 0.0203125 0.04722222222222222
8 0.5453125 0.41712962962962963 0.007291666666666667 0.021296296296296296
8 0.54765625 0.4393518518518518 0.0203125 0.058333333333333334
14 0.06510416666666667 0.4787037037037037 0.046875 0.07777777777777778
7 0.05677083333333333 0.4388888888888889 0.008333333333333333 0.014814814814814815
7 0.04479166666666667 0.4444444444444444 0.0125 0.020370370370370372
6 0.09765625 0.4625 0.018229166666666668 0.03981481481481482
6 0.11380208333333333 0.4666666666666667 0.0140625 0.022222222222222223
1 0.2916666666666667 0.4393518518518518 0.026041666666666668 0.04722222222222222
7 0.31536458333333334 0.425 0.0078125 0.044444444444444446
8 0.35130208333333335 0.42824074074074076 0.0078125 0.025
1 0.37005208333333334 0.42916666666666664 0.021354166666666667 0.03796296296296296
1 0.2713541666666667 0.44027777777777777 0.027083333333333334 0.049074074074074076
1 0.246875 0.4462962962962963 0.034375 0.05555555555555555
14 0.16328125 0.4532407407407407 0.022395833333333334 0.03425925925925926