7 0.34921875 0.5412037037037037 0.018229166666666668 0.049074074074074076
7 0.35442708333333334 0.6175925925925926 0.0328125 0.2037037037037037
7 0.33671875 0.6069444444444444 0.019270833333333334 0.1361111111111111
7 0.3260416666666667 0.6060185185185185 0.019791666666666666 0.15092592592592594
7 0.36744791666666665 0.6388888888888888 0.0265625 0.24074074074074073
7 0.3059895833333333 0.549537037037037 0.021354166666666667 0.06759259259259259
7 0.2747395833333333 0.5481481481481482 0.018229166666666668 0.08333333333333333
7 0.29322916666666665 0.5666666666666667 0.015625 0.06666666666666667
7 0.29713541666666665 0.6125 0.03177083333333333 0.15648148148148147
7 0.25338541666666664 0.5902777777777778 0.018229166666666668 0.06574074074074074
7 0.24583333333333332 0.5634259259259259 0.016666666666666666 0.04722222222222222
7 0.22109375 0.5518518518518518 0.021354166666666667 0.053703703703703705
7 0.23697916666666666 0.5634259259259259 0.020833333333333332 0.06759259259259259
6 0.2557291666666667 0.5921296296296297 0.020833333333333332 0.06574074074074074
7 0.2765625 0.6157407407407407 0.01875 0.05925925925925926
7 0.15182291666666667 0.5143518518518518 0.0234375 0.03611111111111111
4 0.15546875 0.7333333333333333 0.3109375 0.5314814814814814
7 0.3658854166666667 0.4064814814814815 0.008854166666666666 0.025925925925925925
7 0.7453125 0.5486111111111112 0.009375 0.05462962962962963
7 0.740625 0.5550925925925926 0.010416666666666666 0.05648148148148148
7 0.7111979166666667 0.5365740740740741 0.005729166666666666 0.028703703703703703
7 0.7203125 0.5300925925925926 0.007291666666666667 0.021296296296296296
7 0.7169270833333333 0.5351851851851852 0.0067708333333333336 0.025925925925925925
6 0.721875 0.575925925925926 0.025 0.05925925925925926
8 0.72109375 0.562037037037037 0.016145833333333335 0.06481481481481481
7 0.7692708333333333 0.5541666666666667 0.013541666666666667 0.06574074074074074
7 0.7723958333333333 0.5546296296296296 0.017708333333333333 0.06481481481481481
7 0.7830729166666667 0.5532407407407407 0.009895833333333333 0.062037037037037036
7 0.78984375 0.5513888888888889 0.011979166666666667 0.06944444444444445
7 0.8052083333333333 0.5976851851851852 0.023958333333333335 0.1361111111111111
4 0.90078125 0.7893518518518519 0.19739583333333333 0.41944444444444445
3 0.54609375 0.4537037037037037 0.33697916666666666 0.6129629629629629
6 0.5708333333333333 0.8236111111111111 0.26979166666666665 0.3490740740740741
8 0.61015625 0.7657407407407407 0.1234375 0.4648148148148148
8 0.5877604166666667 0.7754629629629629 0.16614583333333333 0.44537037037037036
8 0.5440104166666667 0.7777777777777778 0.1953125 0.43148148148148147
7 0.26223958333333336 0.5833333333333334 0.021354166666666667 0.08703703703703704
7 0.3421875 0.5287037037037037 0.015625 0.016666666666666666