13 0.5453125 0.4 0.01875 0.02962962962962963
7 0.5807291666666666 0.3939814814814815 0.007291666666666667 0.025
7 0.5846354166666666 0.3912037037037037 0.0067708333333333336 0.030555555555555555
7 0.66171875 0.42962962962962964 0.024479166666666666 0.10555555555555556
7 0.6927083333333334 0.43194444444444446 0.020833333333333332 0.10462962962962963
7 0.7072916666666667 0.42268518518518516 0.016666666666666666 0.10462962962962963
6 0.7502604166666667 0.46064814814814814 0.049479166666666664 0.10833333333333334
7 0.5458333333333333 0.40324074074074073 0.005208333333333333 0.030555555555555555
6 0.5328125 0.4074074074074074 0.009375 0.025925925925925925
8 0.5333333333333333 0.39351851851851855 0.010416666666666666 0.022222222222222223
14 0.5231770833333333 0.4097222222222222 0.009895833333333333 0.013888888888888888
4 0.5177083333333333 0.4083333333333333 0.005208333333333333 0.018518518518518517
13 0.5096354166666667 0.3939814814814815 0.013020833333333334 0.049074074074074076
4 0.5057291666666667 0.40324074074074073 0.007291666666666667 0.026851851851851852
3 0.5005208333333333 0.38981481481481484 0.005208333333333333 0.05925925925925926
3 0.4817708333333333 0.38333333333333336 0.03958333333333333 0.08518518518518518
4 0.48463541666666665 0.4050925925925926 0.0171875 0.04722222222222222
4 0.471875 0.4097222222222222 0.022916666666666665 0.05277777777777778
4 0.45598958333333334 0.4185185185185185 0.016145833333333335 0.07407407407407407
4 0.4432291666666667 0.42314814814814816 0.025 0.07962962962962963
4 0.4114583333333333 0.43333333333333335 0.057291666666666664 0.09444444444444444
4 0.4083333333333333 0.45555555555555555 0.04479166666666667 0.10185185185185185
4 0.3606770833333333 0.5046296296296297 0.12864583333333332 0.19074074074074074
4 0.17942708333333332 0.6041666666666666 0.3109375 0.3712962962962963
10 0.45286458333333335 0.3648148148148148 0.0078125 0.016666666666666666