3 0.48098958333333336 0.49166666666666664 0.005729166666666666 0.011111111111111112
3 0.4859375 0.49166666666666664 0.007291666666666667 0.009259259259259259
3 0.5010416666666667 0.4949074074074074 0.008333333333333333 0.013888888888888888
1 0.8833333333333333 0.5222222222222223 0.014583333333333334 0.009259259259259259
1 0.9197916666666667 0.5472222222222223 0.027083333333333334 0.046296296296296294
1 0.896875 0.5398148148148149 0.022916666666666665 0.037037037037037035
1 0.87421875 0.5462962962962963 0.022395833333333334 0.040740740740740744
10 0.8169270833333333 0.36944444444444446 0.0796875 0.14444444444444443
4 0.715625 0.5805555555555556 0.10833333333333334 0.12407407407407407
10 0.57109375 0.4842592592592593 0.008854166666666666 0.016666666666666666
4 0.5510416666666667 0.5273148148148148 0.028125 0.04351851851851852
6 0.5536458333333333 0.5393518518518519 0.0125 0.03611111111111111
8 0.5528645833333333 0.5277777777777778 0.013020833333333334 0.040740740740740744
4 0.52734375 0.5222222222222223 0.018229166666666668 0.02962962962962963
4 0.5091145833333334 0.5027777777777778 0.005729166666666666 0.009259259259259259
8 0.5174479166666667 0.5175925925925926 0.0067708333333333336 0.018518518518518517
8 0.5052083333333334 0.5194444444444445 0.005208333333333333 0.022222222222222223
8 0.50703125 0.5222222222222223 0.008854166666666666 0.03518518518518519
8 0.5119791666666667 0.5305555555555556 0.014583333333333334 0.04259259259259259
6 0.5111979166666667 0.5430555555555555 0.018229166666666668 0.03611111111111111
14 0.5169270833333334 0.5027777777777778 0.0026041666666666665 0.009259259259259259
14 0.4869791666666667 0.5 0.007291666666666667 0.012962962962962963
14 0.49114583333333334 0.5 0.007291666666666667 0.012962962962962963
4 0.49895833333333334 0.5175925925925926 0.00625 0.012962962962962963
4 0.4864583333333333 0.5138888888888888 0.005208333333333333 0.012962962962962963
4 0.49661458333333336 0.5060185185185185 0.005729166666666666 0.006481481481481481
6 0.4953125 0.5268518518518519 0.007291666666666667 0.018518518518518517
8 0.49713541666666666 0.5199074074074074 0.0078125 0.023148148148148147
6 0.4908854166666667 0.5217592592592593 0.0046875 0.010185185185185186
8 0.4903645833333333 0.5157407407407407 0.0046875 0.011111111111111112
3 0.45338541666666665 0.500462962962963 0.019270833333333334 0.017592592592592594
4 0.46979166666666666 0.5078703703703704 0.016666666666666666 0.012037037037037037
4 0.471875 0.5425925925925926 0.03854166666666667 0.06111111111111111
4 0.4401041666666667 0.5236111111111111 0.008333333333333333 0.032407407407407406
1 0.45338541666666665 0.5273148148148148 0.019270833333333334 0.041666666666666664
8 0.434375 0.5166666666666667 0.005208333333333333 0.016666666666666666
8 0.43072916666666666 0.5175925925925926 0.00625 0.018518518518518517
6 0.42916666666666664 0.5291666666666667 0.008333333333333333 0.017592592592592594
8 0.41380208333333335 0.5296296296296297 0.011979166666666667 0.04259259259259259
6 0.41354166666666664 0.5416666666666666 0.0125 0.03333333333333333
8 0.40234375 0.5064814814814815 0.0036458333333333334 0.009259259259259259
3 0.4265625 0.5046296296296297 0.010416666666666666 0.009259259259259259
4 0.39036458333333335 0.5055555555555555 0.0067708333333333336 0.012962962962962963
4 0.39739583333333334 0.5074074074074074 0.007291666666666667 0.012962962962962963
8 0.3921875 0.5064814814814815 0.004166666666666667 0.011111111111111112
8 0.39557291666666666 0.5069444444444444 0.0036458333333333334 0.010185185185185186
8 0.3809895833333333 0.5060185185185185 0.005729166666666666 0.012037037037037037
8 0.3763020833333333 0.5050925925925925 0.005729166666666666 0.010185185185185186
4 0.36770833333333336 0.5046296296296297 0.01875 0.012962962962962963
8 0.35234375 0.5032407407407408 0.0046875 0.017592592592592594
8 0.34739583333333335 0.5037037037037037 0.007291666666666667 0.016666666666666666
13 0.3296875 0.4773148148148148 0.042708333333333334 0.0824074074074074
14 0.29322916666666665 0.4949074074074074 0.029166666666666667 0.049074074074074076
7 0.28229166666666666 0.5092592592592593 0.007291666666666667 0.044444444444444446
14 0.2520833333333333 0.43287037037037035 0.053125 0.18796296296296297
7 0.2721354166666667 0.5018518518518519 0.0078125 0.02962962962962963
6 0.2598958333333333 0.5259259259259259 0.017708333333333333 0.046296296296296294
8 0.25729166666666664 0.5143518518518518 0.013541666666666667 0.05277777777777778
1 0.19244791666666666 0.5106481481481482 0.0421875 0.06388888888888888
8 0.18020833333333333 0.5009259259259259 0.01875 0.040740740740740744
6 0.159375 0.5013888888888889 0.028125 0.03981481481481482
8 0.15651041666666668 0.5180555555555556 0.024479166666666666 0.075
14 0.08046875 0.5009259259259259 0.14010416666666667 0.10740740740740741