8 0.540864133263925 0.5189814814814815 0.007287870900572618 0.013888888888888888
8 0.5335762623633524 0.5194444444444445 0.007287870900572618 0.018518518518518517
8 0.5239458615304529 0.5282407407407408 0.008849557522123894 0.025
4 0.5931806350858928 0.5180555555555556 0.039042165538781884 0.017592592592592594
4 0.5627277459656429 0.5203703703703704 0.03435710567412806 0.018518518518518517
4 0.6041124414367517 0.5421296296296296 0.04320666319625195 0.05277777777777778
4 0.6585111920874545 0.5333333333333333 0.04685059864653826 0.022222222222222223
8 0.5965642894325872 0.5222222222222223 0.009370119729307652 0.016666666666666666
8 0.6231129619989588 0.525 0.007287870900572618 0.016666666666666666
1 0.7019781363872983 0.5310185185185186 0.042165538781884435 0.028703703703703703
4 0.8084331077563769 0.5208333333333334 0.07183758459135867 0.019444444444444445
4 0.5458094742321707 0.5425925925925926 0.031754294638209266 0.037037037037037035
6 0.6330036439354503 0.5430555555555555 0.01978136387298282 0.023148148148148147
8 0.6330036439354503 0.5319444444444444 0.01665799062988027 0.030555555555555555
4 0.5814679854242581 0.5768518518518518 0.07704320666319625 0.09814814814814815
4 0.6855804268610098 0.6541666666666667 0.17595002602811036 0.23055555555555557
1 0.8136387298282145 0.5810185185185185 0.08849557522123894 0.11203703703703703
8 0.4841228526808954 0.5157407407407407 0.007287870900572618 0.011111111111111112
13 0.44820406038521604 0.5328703703703703 0.03019260801665799 0.049074074074074076
14 0.47319104633003645 0.513425925925926 0.01353461738677772 0.012037037037037037
4 0.47345132743362833 0.5398148148148149 0.048412285268089536 0.046296296296296294
8 0.42608016657990627 0.5217592592592593 0.008849557522123894 0.026851851851851852
8 0.47969807391983343 0.5231481481481481 0.010931806350858927 0.020370370370370372
8 0.43206663196251954 0.5481481481481482 0.01978136387298282 0.07222222222222222
6 0.43831337844872464 0.5800925925925926 0.026028110359187923 0.08796296296296297
8 0.437532535137949 0.5606481481481481 0.024466423737636647 0.09537037037037037
7 0.4096824570536179 0.5180555555555556 0.014575741801145237 0.03981481481481482
4 0.47943779281624155 0.5569444444444445 0.0739198334200937 0.05462962962962963
4 0.49531494013534616 0.6439814814814815 0.13066111400312339 0.21944444444444444
6 0.5663716814159292 0.7759259259259259 0.09682457053617907 0.32592592592592595
8 0.5700156168662155 0.6907407407407408 0.08328995314940135 0.2833333333333333
6 0.8243102550754815 0.7625 0.14003123373243104 0.3138888888888889
8 0.8016657990629881 0.7134259259259259 0.09370119729307652 0.3509259259259259
8 0.8495575221238938 0.6865740740740741 0.09786569495054659 0.3175925925925926
8 0.5002602811035919 0.5259259259259259 0.008328995314940135 0.012962962962962963
8 0.6691827173347215 0.5236111111111111 0.005726184279021343 0.013888888888888888
6 0.523685580426861 0.5324074074074074 0.010411244143675169 0.012962962962962963
4 0.4109838625715773 0.5097222222222222 0.021343050494534097 0.028703703703703703