10 0.35651041666666666 0.43425925925925923 0.08802083333333334 0.11851851851851852
10 0.39140625 0.5050925925925925 0.0109375 0.013888888888888888
4 0.4473958333333333 0.5351851851851852 0.004166666666666667 0.011111111111111112
4 0.4421875 0.5347222222222222 0.010416666666666666 0.013888888888888888
2 0.5153645833333333 0.5277777777777778 0.0015625 0.005555555555555556
8 0.5153645833333333 0.5263888888888889 0.0015625 0.006481481481481481
4 0.5223958333333333 0.525 0.004166666666666667 0.007407407407407408
14 0.5260416666666666 0.5226851851851851 0.004166666666666667 0.004629629629629629
4 0.5270833333333333 0.5282407407407408 0.004166666666666667 0.010185185185185186
4 0.5385416666666667 0.5300925925925926 0.009375 0.010185185185185186
4 0.5421875 0.5680555555555555 0.04895833333333333 0.0712962962962963
14 0.5520833333333334 0.5305555555555556 0.019791666666666666 0.018518518518518517
6 0.8059895833333334 0.5680555555555555 0.018229166666666668 0.041666666666666664
8 0.8033854166666666 0.5597222222222222 0.0109375 0.041666666666666664
6 0.5135416666666667 0.5407407407407407 0.005208333333333333 0.012962962962962963
8 0.5140625 0.5375 0.004166666666666667 0.013888888888888888
4 0.51953125 0.524074074074074 0.0036458333333333334 0.007407407407407408
4 0.51328125 0.5217592592592593 0.0046875 0.004629629629629629
4 0.5065104166666666 0.5199074074074074 0.005729166666666666 0.004629629629629629