10 0.315625 0.49537037037037035 0.030208333333333334 0.024074074074074074
6 0.3223958333333333 0.625462962962963 0.04375 0.09907407407407408
8 0.3221354166666667 0.5907407407407408 0.0359375 0.11666666666666667
6 0.5015625 0.5319444444444444 0.004166666666666667 0.012037037037037037
8 0.5015625 0.5254629629629629 0.005208333333333333 0.01574074074074074
1 0.5130208333333334 0.5175925925925926 0.00625 0.011111111111111112
4 0.5106770833333333 0.512962962962963 0.0036458333333333334 0.007407407407407408
4 0.5174479166666667 0.5148148148148148 0.0036458333333333334 0.007407407407407408
14 0.5197916666666667 0.5125 0.0020833333333333333 0.006481481481481481
4 0.5276041666666667 0.5180555555555556 0.003125 0.006481481481481481
3 0.5283854166666667 0.5074074074074074 0.0046875 0.012962962962962963
4 0.540625 0.6212962962962963 0.09375 0.17407407407407408
4 0.55234375 0.525 0.0078125 0.014814814814814815
13 0.5661458333333333 0.5259259259259259 0.027083333333333334 0.05
1 0.58359375 0.5351851851851852 0.0109375 0.022222222222222223
6 0.60078125 0.537962962962963 0.0078125 0.014814814814814815
1 0.6234375 0.5412037037037037 0.016666666666666666 0.03425925925925926
6 0.58359375 0.5398148148148149 0.0046875 0.014814814814814815
8 0.5838541666666667 0.5356481481481481 0.005208333333333333 0.017592592592592594