1 0.00546875 0.5287037037037037 0.0109375 0.046296296296296294
7 0.09713541666666667 0.5958333333333333 0.0328125 0.12685185185185185
7 0.11953125 0.5791666666666667 0.03802083333333333 0.15092592592592594
6 0.17135416666666667 0.5361111111111111 0.025 0.05
6 0.20104166666666667 0.5342592592592592 0.020833333333333332 0.046296296296296294
6 0.22317708333333333 0.5430555555555555 0.0484375 0.06574074074074074
8 0.22083333333333333 0.5226851851851851 0.022916666666666665 0.06944444444444445
1 0.27421875 0.5703703703703704 0.0859375 0.14629629629629629
7 0.2786458333333333 0.4888888888888889 0.008333333333333333 0.014814814814814815
6 0.3421875 0.5800925925925926 0.0375 0.07685185185185185
6 0.37421875 0.6509259259259259 0.0609375 0.1925925925925926
8 0.3385416666666667 0.5462962962962963 0.034375 0.09074074074074075
8 0.3697916666666667 0.587037037037037 0.05 0.14629629629629629
6 0.3216145833333333 0.7333333333333333 0.0859375 0.2462962962962963
8 0.3184895833333333 0.6541666666666667 0.0796875 0.2324074074074074
1 0.4513020833333333 0.5351851851851852 0.0671875 0.08148148148148149
1 0.6364583333333333 0.5393518518518519 0.026041666666666668 0.07314814814814814
1 0.5856770833333333 0.5717592592592593 0.08177083333333333 0.1638888888888889
6 0.61640625 0.6564814814814814 0.06822916666666666 0.22407407407407406
8 0.6135416666666667 0.5976851851851852 0.06145833333333333 0.2101851851851852
6 0.665625 0.5476851851851852 0.023958333333333335 0.05277777777777778
6 0.6864583333333333 0.5777777777777777 0.03229166666666667 0.05925925925925926
6 0.70625 0.5902777777777778 0.041666666666666664 0.062037037037037036
8 0.6921875 0.5356481481481481 0.022916666666666665 0.06759259259259259
8 0.7109375 0.5439814814814815 0.028125 0.0712962962962963
4 0.7388020833333333 0.5361111111111111 0.05364583333333333 0.046296296296296294
4 0.8828125 0.5643518518518519 0.11979166666666667 0.10092592592592593
14 0.8046875 0.6064814814814815 0.1625 0.22037037037037038
8 0.8075520833333333 0.4962962962962963 0.0265625 0.05925925925925926
8 0.7505208333333333 0.49722222222222223 0.034375 0.1037037037037037
8 0.7830729166666667 0.5254629629629629 0.027604166666666666 0.12314814814814815