7 0.9619791666666667 0.36527777777777776 0.011458333333333333 0.04537037037037037
7 0.9559895833333333 0.3680555555555556 0.013020833333333334 0.03796296296296296
1 0.97578125 0.3768518518518518 0.03177083333333333 0.027777777777777776
4 0.9354166666666667 0.46805555555555556 0.10520833333333333 0.17314814814814813
4 0.86875 0.6481481481481481 0.184375 0.4925925925925926
8 0.93046875 0.43796296296296294 0.05364583333333333 0.12037037037037036
6 0.9455729166666667 0.4962962962962963 0.034895833333333334 0.07592592592592592
6 0.7911458333333333 0.38101851851851853 0.057291666666666664 0.05277777777777778
8 0.9619791666666667 0.9078703703703703 0.05416666666666667 0.1398148148148148
8 0.019010416666666665 0.7379629629629629 0.03802083333333333 0.07222222222222222
1 0.4713541666666667 0.6763888888888889 0.728125 0.6398148148148148