14 0.4942708333333333 0.5120370370370371 0.008333333333333333 0.012962962962962963
4 0.48802083333333335 0.5226851851851851 0.014583333333333334 0.025
6 0.50078125 0.5185185185185185 0.0046875 0.007407407407407408
8 0.5 0.5148148148148148 0.005208333333333333 0.009259259259259259
6 0.4979166666666667 0.5291666666666667 0.004166666666666667 0.012037037037037037
8 0.4979166666666667 0.5199074074074074 0.00625 0.01574074074074074
6 0.49296875 0.5300925925925926 0.0078125 0.019444444444444445
8 0.49296875 0.5203703703703704 0.0078125 0.018518518518518517
13 0.45026041666666666 0.5092592592592593 0.008854166666666666 0.012962962962962963
3 0.46953125 0.5078703703703704 0.021354166666666667 0.030555555555555555
4 0.44192708333333336 0.5314814814814814 0.018229166666666668 0.03518518518518519
4 0.47109375 0.5305555555555556 0.021354166666666667 0.03888888888888889
4 0.42630208333333336 0.5231481481481481 0.009895833333333333 0.009259259259259259
4 0.38385416666666666 0.537962962962963 0.016666666666666666 0.03333333333333333
4 0.37005208333333334 0.5458333333333333 0.0328125 0.04537037037037037
6 0.31145833333333334 0.5717592592592593 0.023958333333333335 0.03981481481481482
4 0.3424479166666667 0.5550925925925926 0.0421875 0.062037037037037036
7 0.3690104166666667 0.5458333333333333 0.0109375 0.05648148148148148
7 0.290625 0.5388888888888889 0.019791666666666666 0.03333333333333333
8 0.40260416666666665 0.5212962962962963 0.007291666666666667 0.014814814814814815
8 0.41822916666666665 0.5180555555555556 0.007291666666666667 0.012037037037037037
3 0.5447916666666667 0.5027777777777778 0.017708333333333333 0.05185185185185185
3 0.5734375 0.49074074074074076 0.05 0.05555555555555555
4 0.6302083333333334 0.5199074074074074 0.026041666666666668 0.05092592592592592
6 0.5770833333333333 0.5314814814814814 0.009375 0.018518518518518517
4 0.6046875 0.5203703703703704 0.036458333333333336 0.05925925925925926
8 0.5755208333333334 0.5143518518518518 0.007291666666666667 0.026851851851851852
13 0.8645833333333334 0.45925925925925926 0.040625 0.016666666666666666
4 0.8044270833333333 0.5013888888888889 0.0640625 0.06388888888888888
4 0.8567708333333334 0.4925925925925926 0.05625 0.05555555555555555
3 0.7059895833333333 0.4837962962962963 0.13489583333333333 0.1787037037037037
4 0.78046875 0.5402777777777777 0.1015625 0.11944444444444445
4 0.8513020833333333 0.5509259259259259 0.0765625 0.14444444444444443
13 0.22526041666666666 0.5435185185185185 0.033854166666666664 0.07592592592592592
7 0.26276041666666666 0.5574074074074075 0.018229166666666668 0.07407407407407407
7 0.2375 0.5555555555555556 0.015625 0.07777777777777778
4 0.18046875 0.6134259259259259 0.06614583333333333 0.1398148148148148
4 0.4114583333333333 0.5819444444444445 0.07083333333333333 0.11944444444444445
6 0.2921875 0.6231481481481481 0.040625 0.09814814814814815
8 0.2916666666666667 0.5856481481481481 0.03854166666666667 0.1175925925925926
6 0.45364583333333336 0.6555555555555556 0.057291666666666664 0.1814814814814815
8 0.4552083333333333 0.6087962962962963 0.053125 0.18055555555555555
4 0.1796875 0.6134259259259259 0.065625 0.1398148148148148
3 0.08072916666666667 0.6087962962962963 0.16145833333333334 0.375
14 0.6098958333333333 0.48148148148148145 0.027083333333333334 0.02962962962962963
3 0.9278645833333333 0.4587962962962963 0.14322916666666666 0.4009259259259259