13 0.3617907339927121 0.5 0.1478396668401874 0.08703703703703704
3 0.44820406038521604 0.49027777777777776 0.022904737116085372 0.04537037037037037
4 0.44820406038521604 0.5032407407407408 0.008328995314940135 0.012037037037037037
4 0.4687662675689745 0.5013888888888889 0.03591879229567933 0.030555555555555555
4 0.4812597605413847 0.5412037037037037 0.04320666319625195 0.0787037037037037
4 0.44898490369599164 0.5055555555555555 0.004685059864653826 0.007407407407407408
4 0.45679333680374806 0.5625 0.06611140031233732 0.10648148148148148
8 0.44169703279541905 0.5032407407407408 0.00676730869338886 0.013888888888888888
8 0.4346694429984383 0.5046296296296297 0.006246746486205101 0.012962962962962963
8 0.4271212909942738 0.5060185185185185 0.00676730869338886 0.017592592592592594
8 0.4047371160853722 0.513425925925926 0.015096304008328995 0.03981481481481482
8 0.41957313899010934 0.4981481481481482 0.004164497657470068 0.007407407407407408
6 0.4778761061946903 0.6023148148148149 0.04268610098906819 0.12685185185185185
4 0.37168141592920356 0.5444444444444444 0.05101509630400833 0.08703703703703704
8 0.4815200416449766 0.5689814814814815 0.04476834981780323 0.1361111111111111
8 0.42035398230088494 0.5796296296296296 0.05049453409682457 0.16296296296296298
8 0.3558042686100989 0.6212962962962963 0.07027589796980739 0.2351851851851852
6 0.42061426340447683 0.6240740740740741 0.05101509630400833 0.16296296296296298
6 0.35268089536699637 0.7018518518518518 0.07548152004164498 0.2
4 0.3180635085892764 0.600462962962963 0.10307131702238417 0.15462962962962962
4 0.23633524206142634 0.5449074074074074 0.09161894846434149 0.0712962962962963
4 0.1478396668401874 0.5611111111111111 0.06350858927641853 0.07037037037037037
8 0.2665278500780843 0.5425925925925926 0.03019260801665799 0.08518518518518518
8 0.19000520562207185 0.5578703703703703 0.04476834981780323 0.11388888888888889
8 0.23997917751171266 0.6986111111111111 0.11868818323789693 0.38796296296296295
6 0.176730869338886 0.6625 0.0400832899531494 0.13425925925925927
6 0.23659552316501822 0.8083333333333333 0.14731910463300366 0.3648148148148148
1 0.06741280583029673 0.7486111111111111 0.13482561166059345 0.5009259259259259
6 0.5182196772514316 0.5166666666666667 0.008849557522123894 0.024074074074074074
8 0.5195210827693909 0.5106481481481482 0.007287870900572618 0.028703703703703703
1 0.5197813638729828 0.5009259259259259 0.008849557522123894 0.022222222222222223
3 0.633524206142634 0.4930555555555556 0.0739198334200937 0.11018518518518519
1 0.7623633524206143 0.4888888888888889 0.0338365434669443 0.037037037037037035
8 0.7818844351900052 0.46805555555555556 0.010411244143675169 0.019444444444444445
8 0.7490890161374284 0.4842592592592593 0.009370119729307652 0.020370370370370372
13 0.7433628318584071 0.43657407407407406 0.06663196251952108 0.06944444444444445
8 0.7847475273295159 0.5254629629629629 0.03279541905257678 0.09907407407407408
8 0.8050494534096825 0.5032407407407408 0.021343050494534097 0.06018518518518518
8 0.7912545549193128 0.48518518518518516 0.015616866215512754 0.02962962962962963
8 0.8542425819885476 0.4930555555555556 0.018740239458615304 0.05648148148148148
8 0.8159812597605414 0.5106481481481482 0.03279541905257678 0.08425925925925926
8 0.8334200937011973 0.5652777777777778 0.0676730869338886 0.18611111111111112
6 0.8344612181155648 0.6125 0.10203019260801666 0.15462962962962962
14 0.879229567933368 0.44166666666666665 0.05309734513274336 0.08703703703703704
3 0.9476834981780323 0.49675925925925923 0.1015096304008329 0.3138888888888889