13 0.4705729166666667 0.48935185185185187 0.024479166666666666 0.019444444444444445
1 0.5091145833333334 0.5398148148148149 0.030729166666666665 0.06851851851851852
1 0.5541666666666667 0.5833333333333334 0.06354166666666666 0.15
6 0.6013020833333333 0.5574074074074075 0.021354166666666667 0.027777777777777776
8 0.6018229166666667 0.5481481481481482 0.0140625 0.053703703703703705
7 0.6127604166666667 0.5458333333333333 0.009895833333333333 0.049074074074074076
4 0.72265625 0.6476851851851851 0.16510416666666666 0.2064814814814815
6 0.78046875 0.5726851851851852 0.0203125 0.05277777777777778
6 0.7947916666666667 0.5796296296296296 0.023958333333333335 0.06111111111111111
6 0.8276041666666667 0.5930555555555556 0.051041666666666666 0.06388888888888888
6 0.8723958333333334 0.5921296296296297 0.015625 0.06759259259259259
6 0.6291666666666667 0.7222222222222222 0.08645833333333333 0.2537037037037037
8 0.6333333333333333 0.6467592592592593 0.08020833333333334 0.23055555555555557
7 0.58828125 0.5513888888888889 0.009895833333333333 0.058333333333333334
3 0.43020833333333336 0.4976851851851852 0.021875 0.026851851851851852
4 0.46536458333333336 0.5064814814814815 0.0359375 0.020370370370370372
4 0.46901041666666665 0.5259259259259259 0.059895833333333336 0.02962962962962963
4 0.4859375 0.5717592592592593 0.08541666666666667 0.0712962962962963
4 0.4361979166666667 0.5291666666666667 0.018229166666666668 0.04351851851851852
1 0.41171875 0.5287037037037037 0.034895833333333334 0.04814814814814815
1 0.37135416666666665 0.5736111111111111 0.06041666666666667 0.1361111111111111
1 0.2986979166666667 0.6097222222222223 0.10885416666666667 0.21574074074074073
7 0.22942708333333334 0.5324074074074074 0.015104166666666667 0.07222222222222222
6 0.18776041666666668 0.5800925925925926 0.03802083333333333 0.0787037037037037
6 0.21484375 0.6259259259259259 0.05572916666666667 0.1259259259259259
8 0.225 0.5935185185185186 0.0375 0.14444444444444443
8 0.21432291666666667 0.5875 0.0515625 0.13055555555555556
8 0.0625 0.5546296296296296 0.020833333333333332 0.02962962962962963
4 0.11770833333333333 0.7736111111111111 0.23541666666666666 0.44907407407407407
10 0.8283854166666667 0.4125 0.016145833333333335 0.05092592592592592
4 0.44895833333333335 0.7171296296296297 0.22708333333333333 0.3453703703703704
6 0.7572916666666667 0.5592592592592592 0.010416666666666666 0.018518518518518517
4 0.40989583333333335 0.5356481481481481 0.019791666666666666 0.032407407407407406