3 0.45208333333333334 0.4203703703703704 0.025 0.04259259259259259
3 0.47734375 0.4199074074074074 0.0328125 0.04722222222222222
6 0.4513020833333333 0.4439814814814815 0.005729166666666666 0.013888888888888888
8 0.4513020833333333 0.43425925925925923 0.005729166666666666 0.022222222222222223
1 0.4661458333333333 0.45185185185185184 0.016666666666666666 0.04259259259259259
1 0.4796875 0.45416666666666666 0.021875 0.05092592592592592
14 0.5036458333333333 0.4324074074074074 0.025 0.024074074074074074
4 0.5072916666666667 0.45601851851851855 0.036458333333333336 0.06018518518518518
4 0.5393229166666667 0.4634259259259259 0.04739583333333333 0.06574074074074074
4 0.5734375 0.4398148148148148 0.021875 0.03333333333333333
6 0.56796875 0.45 0.0109375 0.024074074074074074
8 0.5677083333333334 0.44305555555555554 0.007291666666666667 0.028703703703703703
6 0.5825520833333333 0.4546296296296296 0.008854166666666666 0.02962962962962963
7 0.58515625 0.44907407407407407 0.008854166666666666 0.046296296296296294
7 0.5911458333333334 0.4583333333333333 0.010416666666666666 0.06111111111111111
6 0.6057291666666667 0.4550925925925926 0.010416666666666666 0.030555555555555555
8 0.6046875 0.4449074074074074 0.009375 0.032407407407407406
7 0.7596354166666667 0.48009259259259257 0.021354166666666667 0.15833333333333333
13 0.67734375 0.44351851851851853 0.16822916666666668 0.3074074074074074
1 0.9848958333333333 0.47824074074074074 0.029166666666666667 0.10462962962962963
4 0.3455729166666667 0.45 0.0484375 0.027777777777777776
4 0.42578125 0.42685185185185187 0.008854166666666666 0.011111111111111112
1 0.4328125 0.44583333333333336 0.015625 0.028703703703703703
4 0.39140625 0.4787037037037037 0.0515625 0.08703703703703704
6 0.42890625 0.6194444444444445 0.0609375 0.17592592592592593
8 0.42552083333333335 0.5277777777777778 0.0625 0.17407407407407408
14 0.5528645833333333 0.4310185185185185 0.0140625 0.03425925925925926
7 0.5653645833333333 0.42083333333333334 0.0036458333333333334 0.010185185185185186
7 0.2390625 0.4824074074074074 0.017708333333333333 0.1111111111111111
7 0.24557291666666667 0.4847222222222222 0.022395833333333334 0.12685185185185185
7 0.25859375 0.48657407407407405 0.0265625 0.13796296296296295
6 0.07604166666666666 0.5194444444444445 0.065625 0.11666666666666667
6 0.11510416666666666 0.47638888888888886 0.034375 0.041666666666666664
7 0.12135416666666667 0.44074074074074077 0.013541666666666667 0.05925925925925926
6 0.19609375 0.5115740740740741 0.050520833333333334 0.12685185185185185
6 0.13541666666666666 0.5597222222222222 0.08020833333333334 0.1675925925925926
8 0.14036458333333332 0.5152777777777777 0.0421875 0.175
7 0.41953125 0.43194444444444446 0.0046875 0.006481481481481481
8 0.42473958333333334 0.4351851851851852 0.0046875 0.007407407407407408
8 0.39166666666666666 0.42916666666666664 0.00625 0.013888888888888888
6 0.046614583333333334 0.525 0.0171875 0.09074074074074075