8 0.06666666666666667 0.4930555555555556 0.008333333333333333 0.013888888888888888
4 0.16302083333333334 0.5097222222222222 0.11041666666666666 0.06574074074074074
1 0.42421875 0.5037037037037037 0.03802083333333333 0.016666666666666666
1 0.20729166666666668 0.5041666666666667 0.08541666666666667 0.03425925925925926
4 0.24140625 0.5648148148148148 0.2109375 0.14814814814814814
1 0.33958333333333335 0.5699074074074074 0.109375 0.16944444444444445
4 0.06875 0.5509259259259259 0.13645833333333332 0.10555555555555556
6 0.03203125 0.5768518518518518 0.0640625 0.07777777777777778
8 0.021875 0.5356481481481481 0.04375 0.14722222222222223
8 0.04348958333333333 0.5370370370370371 0.05572916666666667 0.14814814814814814
6 0.13072916666666667 0.5731481481481482 0.023958333333333335 0.06296296296296296
8 0.14869791666666668 0.5319444444444444 0.0390625 0.09351851851851851
8 0.2760416666666667 0.5421296296296296 0.025 0.08981481481481482
8 0.29609375 0.5736111111111111 0.03697916666666667 0.14722222222222223
6 0.29375 0.6689814814814815 0.058333333333333334 0.14907407407407408
8 0.2625 0.6143518518518518 0.06979166666666667 0.18611111111111112
8 0.19505208333333332 0.5351851851851852 0.0484375 0.10740740740740741
6 0.27734375 0.687962962962963 0.06197916666666667 0.2
6 0.37578125 0.6078703703703704 0.03697916666666667 0.13425925925925927
8 0.38229166666666664 0.5768518518518518 0.04583333333333333 0.1814814814814815
8 0.40182291666666664 0.5689814814814815 0.050520833333333334 0.14166666666666666
8 0.44635416666666666 0.5254629629629629 0.035416666666666666 0.058333333333333334
6 0.43385416666666665 0.55 0.011458333333333333 0.024074074074074074
4 0.47942708333333334 0.7486111111111111 0.25052083333333336 0.41574074074074074
6 0.5190104166666667 0.5430555555555555 0.025520833333333333 0.03425925925925926
8 0.5255208333333333 0.5287037037037037 0.0125 0.040740740740740744
4 0.71171875 0.5393518518518519 0.03177083333333333 0.049074074074074076
6 0.7106770833333333 0.5689814814814815 0.0390625 0.05648148148148148
8 0.7213541666666666 0.5388888888888889 0.015625 0.07037037037037037
7 0.7109375 0.5504629629629629 0.015625 0.09722222222222222
6 0.8111979166666666 0.6157407407407407 0.06510416666666667 0.12407407407407407
8 0.5466145833333333 0.5157407407407407 0.011979166666666667 0.02962962962962963
6 0.53515625 0.5518518518518518 0.0265625 0.03518518518518519
8 0.5408854166666667 0.5333333333333333 0.034895833333333334 0.06481481481481481
4 0.6203125 0.6291666666666667 0.16770833333333332 0.23425925925925925
6 0.07057291666666667 0.874537037037037 0.1046875 0.23981481481481481
8 0.09609375 0.6726851851851852 0.06822916666666666 0.2361111111111111
6 0.20572916666666666 0.8430555555555556 0.20416666666666666 0.31203703703703706
8 0.23880208333333333 0.7773148148148148 0.12135416666666667 0.42314814814814816
8 0.19244791666666666 0.7805555555555556 0.17239583333333333 0.42962962962962964
4 0.45755208333333336 0.537962962962963 0.09739583333333333 0.05
8 0.4744791666666667 0.5157407407407407 0.014583333333333334 0.03148148148148148
8 0.490625 0.524537037037037 0.023958333333333335 0.049074074074074076