3 0.19260801665799063 0.5421296296296296 0.05101509630400833 0.12685185185185185
3 0.05361790733992712 0.5356481481481481 0.10723581467985424 0.20462962962962963
6 0.04685059864653826 0.6023148148148149 0.05101509630400833 0.09166666666666666
8 0.04945340968245705 0.5680555555555555 0.03956272774596564 0.125
13 0.4151483602290474 0.5541666666666667 0.027589796980739198 0.09537037037037037
1 0.5473711608537221 0.562037037037037 0.013014055179593961 0.016666666666666666
8 0.5377407600208225 0.5587962962962963 0.008328995314940135 0.021296296296296296
3 0.5153565851119208 0.5634259259259259 0.03956272774596564 0.10277777777777777
8 0.5419052576782926 0.5662037037037037 0.006246746486205101 0.01574074074074074
13 0.4622592399791775 0.5634259259259259 0.07183758459135867 0.20833333333333334
4 0.5190005205622071 0.5921296296296297 0.020822488287350338 0.05092592592592592
6 0.40733992712129097 0.6041666666666666 0.02030192608016658 0.06388888888888888
8 0.4062988027069235 0.586574074074074 0.022384174908901613 0.0712962962962963
1 0.4752732951587715 0.6407407407407407 0.07912545549193128 0.17592592592592593
4 0.5327954190525768 0.6314814814814815 0.04320666319625195 0.12777777777777777
3 0.7751171264966163 0.4986111111111111 0.44560124934929723 0.9972222222222222
7 0.3656949505465903 0.5726851851851852 0.016137428422696512 0.03611111111111111
7 0.31311816762103073 0.600925925925926 0.03071317022384175 0.15555555555555556
7 0.29672045809474235 0.6319444444444444 0.02394586153045289 0.06018518518518518
7 0.15955231650182197 0.65 0.00989068193649141 0.05925925925925926