10 0.4114583333333333 0.48055555555555557 0.017708333333333333 0.02962962962962963
6 0.40234375 0.5282407407407408 0.0265625 0.032407407407407406
6 0.38333333333333336 0.5513888888888889 0.04479166666666667 0.05277777777777778
6 0.4434895833333333 0.5449074074074074 0.009895833333333333 0.03425925925925926
8 0.4421875 0.5370370370370371 0.015625 0.05
1 0.46848958333333335 0.5375 0.0234375 0.05462962962962963
6 0.4796875 0.5291666666666667 0.00625 0.008333333333333333
8 0.4796875 0.524074074074074 0.00625 0.018518518518518517
4 0.4825520833333333 0.5226851851851851 0.005729166666666666 0.017592592592592594
1 0.4921875 0.5319444444444444 0.020833333333333332 0.04537037037037037
1 0.5028645833333333 0.5222222222222223 0.0046875 0.018518518518518517
6 0.46145833333333336 0.5601851851851852 0.019791666666666666 0.053703703703703705
8 0.46015625 0.5412037037037037 0.015104166666666667 0.05092592592592592
8 0.46145833333333336 0.5476851851851852 0.01875 0.06018518518518518
6 0.5127604166666667 0.5402777777777777 0.011979166666666667 0.030555555555555555
8 0.5119791666666667 0.5300925925925926 0.011458333333333333 0.03796296296296296
4 0.5260416666666666 0.5263888888888889 0.015625 0.023148148148148147
4 0.55234375 0.5226851851851851 0.018229166666666668 0.019444444444444445
4 0.56953125 0.5199074074074074 0.024479166666666666 0.017592592592592594
6 0.5408854166666667 0.5583333333333333 0.019270833333333334 0.05185185185185185
8 0.53984375 0.5296296296296297 0.0140625 0.02962962962962963
8 0.53828125 0.5481481481481482 0.019270833333333334 0.07037037037037037
7 0.61953125 0.5421296296296296 0.011979166666666667 0.03981481481481482
6 0.6028645833333334 0.5601851851851852 0.013020833333333334 0.037037037037037035
8 0.60234375 0.5476851851851852 0.016145833333333335 0.05648148148148148
4 0.5747395833333333 0.5708333333333333 0.0671875 0.09537037037037037
7 0.6677083333333333 0.5189814814814815 0.007291666666666667 0.006481481481481481
7 0.6877604166666667 0.5208333333333334 0.0078125 0.013888888888888888
4 0.6796875 0.6310185185185185 0.153125 0.2175925925925926
4 0.8734375 0.6898148148148148 0.2520833333333333 0.2740740740740741
6 0.8119791666666667 0.8416666666666667 0.340625 0.3148148148148148
8 0.9161458333333333 0.7324074074074074 0.1 0.39814814814814814
8 0.828125 0.7652777777777777 0.13333333333333333 0.4675925925925926