3 0.5158854166666667 0.5032407407407408 0.0296875 0.025
4 0.5703125 0.5106481481481482 0.016666666666666666 0.017592592592592594
3 0.6174479166666667 0.49907407407407406 0.022395833333333334 0.016666666666666666
3 0.6549479166666666 0.49722222222222223 0.043229166666666666 0.04259259259259259
13 0.7197916666666667 0.512962962962963 0.06354166666666666 0.024074074074074074
1 0.7916666666666666 0.5324074074074074 0.040625 0.024074074074074074
1 0.8627604166666667 0.5402777777777777 0.016145833333333335 0.03611111111111111
7 0.8927083333333333 0.5351851851851852 0.010416666666666666 0.03148148148148148
7 0.8841145833333334 0.5416666666666666 0.013020833333333334 0.024074074074074074
6 0.8958333333333334 0.5615740740740741 0.015625 0.026851851851851852
13 0.9395833333333333 0.5300925925925926 0.07916666666666666 0.08425925925925926
8 0.88515625 0.5518518518518518 0.019270833333333334 0.03148148148148148
8 0.8627604166666667 0.5467592592592593 0.015104166666666667 0.025
4 0.96328125 0.562962962962963 0.06927083333333334 0.046296296296296294
8 0.92265625 0.5550925925925926 0.018229166666666668 0.03796296296296296
8 0.9315104166666667 0.562037037037037 0.013020833333333334 0.02962962962962963
8 0.9778645833333334 0.5657407407407408 0.0171875 0.037037037037037035
4 0.8075520833333333 0.5412037037037037 0.05677083333333333 0.017592592592592594
4 0.6872395833333333 0.5148148148148148 0.04010416666666667 0.012962962962962963
3 0.48463541666666665 0.5171296296296296 0.043229166666666666 0.05462962962962963
4 0.509375 0.5236111111111111 0.020833333333333332 0.03611111111111111
4 0.5411458333333333 0.5527777777777778 0.06354166666666666 0.10740740740740741
4 0.6046875 0.5907407407407408 0.11041666666666666 0.18333333333333332
4 0.7052083333333333 0.6671296296296296 0.20208333333333334 0.30092592592592593
8 0.5002604166666667 0.5333333333333333 0.0234375 0.040740740740740744
1 0.45260416666666664 0.5148148148148148 0.021875 0.022222222222222223
4 0.4705729166666667 0.5347222222222222 0.024479166666666666 0.025
4 0.3919270833333333 0.5143518518518518 0.04114583333333333 0.021296296296296296
4 0.42942708333333335 0.5175925925925926 0.0453125 0.024074074074074074
1 0.3489583333333333 0.5231481481481481 0.046875 0.03888888888888889
7 0.31354166666666666 0.5111111111111111 0.009375 0.025925925925925925
7 0.29348958333333336 0.4986111111111111 0.0078125 0.023148148148148147
1 0.2755208333333333 0.5388888888888889 0.057291666666666664 0.07592592592592592
4 0.325 0.5768518518518518 0.08333333333333333 0.11481481481481481
4 0.44166666666666665 0.5342592592592592 0.046875 0.027777777777777776
4 0.4049479166666667 0.5467592592592593 0.10885416666666667 0.041666666666666664
8 0.2234375 0.5189814814814815 0.010416666666666666 0.013888888888888888
4 0.14270833333333333 0.5402777777777777 0.096875 0.04351851851851852
4 0.22369791666666666 0.5722222222222222 0.1640625 0.10185185185185185
8 0.08697916666666666 0.5439814814814815 0.035416666666666666 0.049074074074074076
4 0.16145833333333334 0.7481481481481481 0.3229166666666667 0.3962962962962963
4 0.42109375 0.7402777777777778 0.28177083333333336 0.43425925925925923
8 0.7596354166666667 0.5217592592592593 0.005729166666666666 0.008333333333333333
7 0.7731770833333333 0.5217592592592593 0.0036458333333333334 0.008333333333333333
8 0.8140625 0.5319444444444444 0.005208333333333333 0.012037037037037037
8 0.8177083333333334 0.5300925925925926 0.004166666666666667 0.013888888888888888
14 0.8231770833333333 0.524074074074074 0.027604166666666666 0.02962962962962963
6 0.8846354166666667 0.549537037037037 0.0265625 0.032407407407407406
4 0.8322916666666667 0.5509259259259259 0.08020833333333334 0.016666666666666666