7 0.27838541666666666 0.5504629629629629 0.027604166666666666 0.15648148148148147
7 0.019270833333333334 0.5685185185185185 0.0375 0.3574074074074074
6 0.11276041666666667 0.8175925925925925 0.18489583333333334 0.3592592592592593
8 0.12447916666666667 0.7398148148148148 0.14479166666666668 0.4203703703703704
1 0.7052083333333333 0.5333333333333333 0.015625 0.05
13 0.7815104166666667 0.5009259259259259 0.030729166666666665 0.044444444444444446
1 0.8296875 0.5166666666666667 0.022916666666666665 0.018518518518518517
6 0.7028645833333333 0.5810185185185185 0.0109375 0.03796296296296296
8 0.7033854166666667 0.5546296296296296 0.013020833333333334 0.06666666666666667
1 0.75234375 0.5824074074074074 0.09322916666666667 0.1425925925925926
4 0.8002604166666667 0.5342592592592592 0.013020833333333334 0.037037037037037035
8 0.73984375 0.5847222222222223 0.050520833333333334 0.13055555555555556
3 0.6856770833333333 0.4986111111111111 0.028645833333333332 0.21574074074074073
4 0.6846354166666667 0.6319444444444444 0.0328125 0.16944444444444445
6 0.7317708333333334 0.6175925925925926 0.03229166666666667 0.08518518518518518
8 0.81015625 0.5291666666666667 0.015104166666666667 0.03981481481481482
4 0.8528645833333334 0.7398148148148148 0.2911458333333333 0.5166666666666667
3 0.47994791666666664 0.5111111111111111 0.3932291666666667 0.7