14 0.50078125 0.5361111111111111 0.008854166666666666 0.014814814814814815
4 0.5106770833333333 0.549074074074074 0.015104166666666667 0.027777777777777776
4 0.49947916666666664 0.5393518518518519 0.00625 0.008333333333333333
4 0.5028645833333333 0.5597222222222222 0.016145833333333335 0.03796296296296296
1 0.54375 0.5523148148148148 0.035416666666666666 0.06574074074074074
13 0.5846354166666666 0.55 0.04010416666666667 0.046296296296296294
14 0.6270833333333333 0.5523148148148148 0.013541666666666667 0.017592592592592594
6 0.6153645833333333 0.5810185185185185 0.018229166666666668 0.05092592592592592
8 0.61328125 0.5601851851851852 0.0171875 0.053703703703703705
6 0.6283854166666667 0.5601851851851852 0.0078125 0.009259259259259259
8 0.6263020833333334 0.5527777777777778 0.009895833333333333 0.018518518518518517
4 0.6377604166666667 0.5574074074074075 0.015104166666666667 0.014814814814814815
8 0.6385416666666667 0.5546296296296296 0.008333333333333333 0.016666666666666666
6 0.63984375 0.5597222222222222 0.0078125 0.008333333333333333
14 0.6458333333333334 0.5486111111111112 0.017708333333333333 0.028703703703703703
4 0.6721354166666667 0.55 0.04114583333333333 0.04814814814814815
7 0.7096354166666666 0.5606481481481481 0.0078125 0.025
3 0.7846354166666667 0.5370370370370371 0.1359375 0.1259259259259259
7 0.6901041666666666 0.5800925925925926 0.030208333333333334 0.10648148148148148
4 0.5700520833333333 0.6143518518518518 0.09322916666666667 0.14351851851851852
6 0.6515625 0.600925925925926 0.028125 0.07037037037037037
8 0.6505208333333333 0.575462962962963 0.022916666666666665 0.08981481481481482
8 0.6526041666666667 0.5763888888888888 0.022916666666666665 0.08611111111111111
3 0.45416666666666666 0.5421296296296296 0.09166666666666666 0.18796296296296297
14 0.39739583333333334 0.5398148148148149 0.007291666666666667 0.014814814814814815
7 0.40703125 0.5467592592592593 0.0046875 0.01574074074074074
7 0.4049479166666667 0.5601851851851852 0.0078125 0.044444444444444446
7 0.3984375 0.5574074074074075 0.007291666666666667 0.03888888888888889
6 0.40911458333333334 0.5768518518518518 0.0078125 0.03518518518518519
8 0.409375 0.5597222222222222 0.007291666666666667 0.030555555555555555
7 0.3953125 0.5592592592592592 0.005208333333333333 0.03888888888888889
7 0.3932291666666667 0.5615740740740741 0.005208333333333333 0.04351851851851852
1 0.37109375 0.5791666666666667 0.0484375 0.09351851851851851
7 0.34739583333333335 0.5634259259259259 0.007291666666666667 0.04722222222222222
4 0.32395833333333335 0.5555555555555556 0.04791666666666667 0.046296296296296294
7 0.33125 0.5615740740740741 0.009375 0.049074074074074076
7 0.32421875 0.5666666666666667 0.011979166666666667 0.06296296296296296
7 0.30442708333333335 0.5421296296296296 0.0046875 0.01574074074074074
7 0.30130208333333336 0.5662037037037037 0.009895833333333333 0.06388888888888888
7 0.2984375 0.5643518518518519 0.0125 0.049074074074074076
7 0.3098958333333333 0.5680555555555555 0.0125 0.0712962962962963
7 0.290625 0.5421296296296296 0.009375 0.026851851851851852
7 0.2765625 0.5513888888888889 0.015625 0.03981481481481482
6 0.28802083333333334 0.5800925925925926 0.015625 0.021296296296296296
8 0.2921875 0.5833333333333334 0.023958333333333335 0.08333333333333333
14 0.2453125 0.5712962962962963 0.042708333333333334 0.09444444444444444
7 0.27630208333333334 0.5509259259259259 0.016145833333333335 0.044444444444444446
7 0.16484375 0.5254629629629629 0.008854166666666666 0.025
1 0.11979166666666667 0.6861111111111111 0.19270833333333334 0.31851851851851853
3 0.04088541666666667 0.512962962962963 0.08177083333333333 0.1425925925925926
7 0.040625 0.5268518518518519 0.0125 0.044444444444444446
7 0.03359375 0.5652777777777778 0.024479166666666666 0.12129629629629629
7 0.115625 0.5203703703703704 0.014583333333333334 0.022222222222222223
7 0.12994791666666666 0.5157407407407407 0.013020833333333334 0.02962962962962963
7 0.16458333333333333 0.513425925925926 0.005208333333333333 0.01574074074074074
7 0.1453125 0.5125 0.007291666666666667 0.032407407407407406
7 0.15130208333333334 0.5148148148148148 0.008854166666666666 0.03148148148148148
6 0.29348958333333336 0.8175925925925925 0.1421875 0.3611111111111111
8 0.2981770833333333 0.7351851851851852 0.12864583333333332 0.3314814814814815
7 0.9864583333333333 0.6560185185185186 0.023958333333333335 0.24537037037037038