14 0.48958875585632483 0.5217592592592593 0.00676730869338886 0.013888888888888888
6 0.5809474232170744 0.5324074074074074 0.010411244143675169 0.012962962962962963
1 0.637688703800104 0.5481481481481482 0.03643935450286309 0.07037037037037037
8 0.4744924518479958 0.5203703703703704 0.007808433107756377 0.018518518518518517
6 0.47423217074440394 0.5305555555555556 0.006246746486205101 0.012962962962962963
6 0.4812597605413847 0.5324074074074074 0.007808433107756377 0.016666666666666666
8 0.48204060385216035 0.5236111111111111 0.008328995314940135 0.021296296296296296
6 0.4651223321186882 0.5370370370370371 0.010931806350858926 0.024074074074074074
8 0.4664237376366476 0.5296296296296297 0.007287870900572618 0.03148148148148148
8 0.46408120770432065 0.5282407407407408 0.009890681936491412 0.030555555555555555
7 0.4338885996876627 0.524537037037037 0.007808433107756377 0.028703703703703703
4 0.3813118167621031 0.5472222222222223 0.04112441436751692 0.07962962962962963
6 0.36673607496095784 0.562037037037037 0.045288912024986985 0.06666666666666667
6 0.37038001041124413 0.5643518518518519 0.02030192608016658 0.0824074074074074
3 0.5182196772514316 0.5152777777777777 0.05465903175429464 0.11018518518518519
13 0.8349817803227485 0.5851851851851851 0.3269130661114003 0.825925925925926
8 0.2704320666319625 0.5875 0.024466423737636647 0.07685185185185185