6 0.6467985424258199 0.5324074074074074 0.008849557522123894 0.012962962962962963
8 0.6473191046330037 0.5254629629629629 0.00676730869338886 0.013888888888888888
7 0.6434148880791255 0.5282407407407408 0.0052056220718375845 0.021296296296296296
6 0.637948984903696 0.5342592592592592 0.00676730869338886 0.011111111111111112
8 0.6374284226965122 0.5268518518518519 0.00676730869338886 0.016666666666666666
13 0.6145236855804269 0.5171296296296296 0.04112441436751692 0.04722222222222222
4 0.5598646538261323 0.5199074074074074 0.021343050494534097 0.023148148148148147
14 0.5096304008328996 0.49907407407407406 0.01353461738677772 0.024074074074074074
13 0.526028110359188 0.5101851851851852 0.04737116085372202 0.06481481481481481
6 0.6975533576262364 0.5402777777777777 0.029151483602290473 0.041666666666666664
13 0.7647058823529411 0.5263888888888889 0.09786569495054659 0.0787037037037037
6 0.9619989588755856 0.6074074074074074 0.022904737116085372 0.09259259259259259
8 0.948204060385216 0.5643518518518519 0.018219677251431546 0.06574074074074074
6 0.9325871941697033 0.6273148148148148 0.07235814679854242 0.12129629629629629
8 0.9109838625715773 0.5875 0.021863612701717855 0.125
8 0.9273815720978656 0.5944444444444444 0.034877667881311816 0.13518518518518519
6 0.3008849557522124 0.5212962962962963 0.022904737116085372 0.03518518518518519
2 0.3086933888599688 0.5388888888888889 0.008328995314940135 0.025925925925925925
4 0.22019781363872984 0.5236111111111111 0.07600208224882873 0.0712962962962963
6 0.03956272774596564 0.549074074074074 0.04685059864653826 0.09259259259259259
4 0.12259239979177512 0.5777777777777777 0.13482561166059345 0.14074074074074075
4 0.06480999479437793 0.725925925925926 0.12961998958875587 0.3055555555555556
6 0.27485684539302446 0.7245370370370371 0.10098906819364914 0.2638888888888889
8 0.28735033836543467 0.6291666666666667 0.07704320666319625 0.26944444444444443
8 0.23971889640812077 0.6606481481481481 0.0952628839146278 0.287962962962963
3 0.40681936491410725 0.49583333333333335 0.1993753253513795 0.4027777777777778