13 0.31640625 0.4986111111111111 0.016145833333333335 0.023148148148148147
13 0.29791666666666666 0.49675925925925923 0.021875 0.028703703703703703
14 0.30442708333333335 0.5018518518518519 0.0140625 0.018518518518518517
3 0.36223958333333334 0.5013888888888889 0.028645833333333332 0.026851851851851852
4 0.32473958333333336 0.5087962962962963 0.008854166666666666 0.010185185185185186
13 0.25625 0.4930555555555556 0.019791666666666666 0.023148148148148147
1 0.20703125 0.5087962962962963 0.008854166666666666 0.023148148148148147
13 0.39296875 0.512962962962963 0.022395833333333334 0.06111111111111111
13 0.41822916666666665 0.5162037037037037 0.029166666666666667 0.06759259259259259
14 0.4513020833333333 0.5 0.011979166666666667 0.009259259259259259
3 0.44557291666666665 0.5060185185185185 0.013020833333333334 0.010185185185185186
8 0.4203125 0.5106481481481482 0.00625 0.008333333333333333
4 0.4278645833333333 0.5388888888888889 0.04114583333333333 0.053703703703703705
8 0.44869791666666664 0.5189814814814815 0.0067708333333333336 0.025
7 0.48098958333333336 0.5143518518518518 0.0067708333333333336 0.019444444444444445
14 0.4986979166666667 0.48703703703703705 0.013020833333333334 0.037037037037037035
3 0.5234375 0.5069444444444444 0.03958333333333333 0.030555555555555555
4 0.5059895833333333 0.5115740740740741 0.019270833333333334 0.017592592592592594
4 0.5286458333333334 0.5143518518518518 0.019791666666666666 0.017592592592592594
7 0.5200520833333333 0.513425925925926 0.013020833333333334 0.021296296296296296
10 0.5020833333333333 0.47685185185185186 0.011458333333333333 0.016666666666666666
10 0.8088541666666667 0.3537037037037037 0.010416666666666666 0.06296296296296296
13 0.6138020833333333 0.5305555555555556 0.1546875 0.1925925925925926
6 0.7125 0.5995370370370371 0.034375 0.09351851851851851
8 0.73515625 0.5717592592592593 0.0265625 0.09351851851851851
8 0.7520833333333333 0.5509259259259259 0.022916666666666665 0.07962962962962963
7 0.7677083333333333 0.549537037037037 0.019791666666666666 0.08055555555555556
7 0.7783854166666667 0.5347222222222222 0.0171875 0.062037037037037036
3 0.88984375 0.5138888888888888 0.19322916666666667 0.1037037037037037
4 0.8502604166666666 0.5416666666666666 0.08177083333333333 0.06296296296296296
8 0.8828125 0.5171296296296296 0.007291666666666667 0.010185185185185186
8 0.8888020833333333 0.5236111111111111 0.0078125 0.013888888888888888
7 0.85 0.5180555555555556 0.015625 0.09537037037037037
6 0.8174479166666667 0.5842592592592593 0.0359375 0.05555555555555555
8 0.8341145833333333 0.5453703703703704 0.0359375 0.07222222222222222
4 0.9065104166666667 0.5824074074074074 0.18489583333333334 0.1537037037037037
6 0.9018229166666667 0.65 0.09114583333333333 0.15
8 0.9005208333333333 0.6148148148148148 0.06041666666666667 0.1962962962962963
6 0.9395833333333333 0.8037037037037037 0.11770833333333333 0.19444444444444445
8 0.9700520833333334 0.6763888888888889 0.05677083333333333 0.30462962962962964
6 0.7817708333333333 0.7398148148148148 0.225 0.2962962962962963
8 0.8059895833333334 0.6837962962962963 0.11197916666666667 0.3194444444444444
8 0.4734375 0.5166666666666667 0.005208333333333333 0.016666666666666666
8 0.46822916666666664 0.5194444444444445 0.008333333333333333 0.016666666666666666
6 0.44947916666666665 0.5421296296296296 0.008333333333333333 0.017592592592592594
8 0.45364583333333336 0.5273148148148148 0.020833333333333332 0.03611111111111111
6 0.4270833333333333 0.5648148148148148 0.022916666666666665 0.05740740740740741
8 0.4278645833333333 0.5449074074074074 0.0203125 0.06944444444444445
4 0.48203125 0.5699074074074074 0.11302083333333333 0.10277777777777777
4 0.5354166666666667 0.6162037037037037 0.20833333333333334 0.18055555555555555
4 0.37916666666666665 0.5342592592592592 0.011458333333333333 0.044444444444444446
6 0.3802083333333333 0.5351851851851852 0.008333333333333333 0.025925925925925925
8 0.3828125 0.5231481481481481 0.008333333333333333 0.027777777777777776
6 0.39036458333333335 0.5782407407407407 0.024479166666666666 0.06759259259259259
8 0.3890625 0.549074074074074 0.025 0.08148148148148149
4 0.35442708333333334 0.5106481481481482 0.013020833333333334 0.006481481481481481
4 0.35546875 0.5268518518518519 0.015104166666666667 0.025925925925925925
6 0.36614583333333334 0.5888888888888889 0.026041666666666668 0.08148148148148149
8 0.365625 0.5555555555555556 0.028125 0.10185185185185185
8 0.334375 0.5115740740740741 0.005208333333333333 0.010185185185185186
8 0.3296875 0.5217592592592593 0.008333333333333333 0.030555555555555555
8 0.32369791666666664 0.5152777777777777 0.0067708333333333336 0.019444444444444445
6 0.3182291666666667 0.5425925925925926 0.013541666666666667 0.03333333333333333
8 0.3177083333333333 0.5273148148148148 0.013541666666666667 0.03425925925925926
7 0.3059895833333333 0.5097222222222222 0.0036458333333333334 0.013888888888888888
7 0.3098958333333333 0.513425925925926 0.005208333333333333 0.019444444444444445
8 0.31354166666666666 0.5125 0.005208333333333333 0.01574074074074074
8 0.29765625 0.5106481481481482 0.0078125 0.012037037037037037
7 0.290625 0.5175925925925926 0.005208333333333333 0.024074074074074074
6 0.3341145833333333 0.6041666666666666 0.033854166666666664 0.09351851851851851
8 0.3268229166666667 0.5504629629629629 0.024479166666666666 0.0712962962962963
8 0.33880208333333334 0.5666666666666667 0.030729166666666665 0.12037037037037036
7 0.27890625 0.5050925925925925 0.0026041666666666665 0.008333333333333333
1 0.26927083333333335 0.5143518518518518 0.015625 0.023148148148148147
8 0.28177083333333336 0.5226851851851851 0.010416666666666666 0.028703703703703703
6 0.28151041666666665 0.5388888888888889 0.0067708333333333336 0.012962962962962963
8 0.29140625 0.5342592592592592 0.0109375 0.025925925925925925
1 0.23645833333333333 0.5087962962962963 0.0125 0.013888888888888888
8 0.24817708333333333 0.5111111111111111 0.0067708333333333336 0.016666666666666666
8 0.26067708333333334 0.5087962962962963 0.0036458333333333334 0.012037037037037037
8 0.25833333333333336 0.5120370370370371 0.008333333333333333 0.020370370370370372
7 0.26484375 0.5175925925925926 0.005729166666666666 0.016666666666666666
8 0.22864583333333333 0.5060185185185185 0.004166666666666667 0.013888888888888888
8 0.225 0.5092592592592593 0.00625 0.014814814814814815
6 0.22630208333333332 0.5217592592592593 0.0078125 0.013888888888888888
7 0.2109375 0.5083333333333333 0.004166666666666667 0.018518518518518517
8 0.21666666666666667 0.5078703703703704 0.009375 0.013888888888888888
8 0.21666666666666667 0.5143518518518518 0.0125 0.026851851851851852
6 0.20338541666666668 0.5148148148148148 0.005729166666666666 0.014814814814814815
8 0.20338541666666668 0.5078703703703704 0.005729166666666666 0.017592592592592594
8 0.19296875 0.5032407407407408 0.0046875 0.01574074074074074
7 0.19947916666666668 0.5037037037037037 0.005208333333333333 0.012962962962962963
8 0.19609375 0.5101851851851852 0.011979166666666667 0.025925925925925925
7 0.1890625 0.5101851851851852 0.005208333333333333 0.02962962962962963
4 0.17942708333333332 0.5087962962962963 0.015104166666666667 0.04351851851851852
7 0.17057291666666666 0.5148148148148148 0.0078125 0.03888888888888889
6 0.19739583333333333 0.5203703703703704 0.0125 0.005555555555555556
6 0.12473958333333333 0.5263888888888889 0.008854166666666666 0.041666666666666664
8 0.12682291666666667 0.5046296296296297 0.011979166666666667 0.027777777777777776
6 0.1390625 0.5412037037037037 0.022916666666666665 0.05648148148148148
8 0.14140625 0.525 0.0109375 0.05740740740740741
8 0.13359375 0.5254629629629629 0.016145833333333335 0.06018518518518518
14 0.15729166666666666 0.5032407407407408 0.03125 0.06388888888888888
7 0.11145833333333334 0.5162037037037037 0.010416666666666666 0.06944444444444445
7 0.09817708333333333 0.4962962962962963 0.0036458333333333334 0.014814814814814815
7 0.10208333333333333 0.5208333333333334 0.010416666666666666 0.06388888888888888
7 0.00625 0.487962962962963 0.005208333333333333 0.011111111111111112
1 0.04635416666666667 0.5 0.052083333333333336 0.04259259259259259
8 0.06796875 0.513425925925926 0.0140625 0.04351851851851852
6 0.07057291666666667 0.5527777777777778 0.0171875 0.044444444444444446
4 0.022916666666666665 0.5541666666666667 0.04583333333333333 0.125
7 0.08802083333333334 0.5648148148148148 0.026041666666666668 0.15925925925925927
6 0.04375 0.5833333333333334 0.04791666666666667 0.11481481481481481
8 0.044270833333333336 0.5481481481481482 0.0375 0.10555555555555556
7 0.21171875 0.5740740740740741 0.0234375 0.11481481481481481
7 0.19348958333333333 0.5805555555555556 0.0171875 0.0962962962962963
7 0.24375 0.549074074074074 0.01875 0.09259259259259259
6 0.24921875 0.5800925925925926 0.0234375 0.08055555555555556
8 0.253125 0.5606481481481481 0.026041666666666668 0.09351851851851851
6 0.26171875 0.6013888888888889 0.03177083333333333 0.11018518518518519
8 0.26979166666666665 0.5773148148148148 0.034375 0.12685185185185185
6 0.30052083333333335 0.6342592592592593 0.06770833333333333 0.1574074074074074
8 0.29609375 0.611574074074074 0.06197916666666667 0.19166666666666668
7 0.04973958333333333 0.39861111111111114 0.008854166666666666 0.021296296296296296
7 0.08880208333333334 0.4050925925925926 0.009895833333333333 0.030555555555555555