7 0.23385416666666667 0.4981481481481482 0.010416666666666666 0.07777777777777778
7 0.25286458333333334 0.4962962962962963 0.0171875 0.06481481481481481
6 0.965625 0.836574074074074 0.06770833333333333 0.325
6 0.8927083333333333 0.6518518518518519 0.10208333333333333 0.1574074074074074
8 0.9791666666666666 0.8236111111111111 0.035416666666666666 0.275
1 0.8049479166666667 0.5907407407407408 0.1421875 0.22407407407407406
4 0.8947916666666667 0.5407407407407407 0.06041666666666667 0.08518518518518518
6 0.7161458333333334 0.5481481481481482 0.03229166666666667 0.07592592592592592
1 0.6518229166666667 0.5375 0.0890625 0.10462962962962963
6 0.6455729166666667 0.5856481481481481 0.1015625 0.13240740740740742
8 0.6479166666666667 0.5592592592592592 0.03854166666666667 0.12962962962962962
2 0.5838541666666667 0.5486111111111112 0.04895833333333333 0.06388888888888888
6 0.5677083333333334 0.6648148148148149 0.10208333333333333 0.17777777777777778
8 0.55546875 0.6 0.0578125 0.2037037037037037
7 0.5268229166666667 0.48148148148148145 0.018229166666666668 0.08518518518518518
1 0.39296875 0.5268518518518519 0.09010416666666667 0.1037037037037037
6 0.14479166666666668 0.5277777777777778 0.020833333333333332 0.07407407407407407
6 0.09895833333333333 0.5212962962962963 0.030208333333333334 0.08518518518518518
6 0.23697916666666666 0.6685185185185185 0.075 0.1962962962962963
8 0.23255208333333333 0.6064814814814815 0.0765625 0.1814814814814815
6 0.13489583333333333 0.6231481481481481 0.078125 0.14444444444444443
6 0.036458333333333336 0.5745370370370371 0.07291666666666667 0.12314814814814815
8 0.13098958333333333 0.5777777777777777 0.04739583333333333 0.16296296296296298
8 0.028125 0.5407407407407407 0.04375 0.1425925925925926