4 0.5609057782404997 0.5189814814814815 0.013014055179593961 0.023148148148148147
4 0.6270171785528371 0.5472222222222223 0.05778240499739719 0.06851851851851852
4 0.7147319104633003 0.5666666666666667 0.10411244143675169 0.11666666666666667
4 0.42009370119729306 0.5148148148148148 0.007287870900572618 0.007407407407407408
8 0.40135346173867775 0.5092592592592593 0.010411244143675169 0.014814814814814815
13 0.37896928682977615 0.512962962962963 0.03019260801665799 0.07407407407407407
7 0.3425299323269131 0.5217592592592593 0.010411244143675169 0.021296296296296296
7 0.3672566371681416 0.5226851851851851 0.014055179593961478 0.028703703703703703
3 0.4401353461738678 0.5046296296296297 0.03591879229567933 0.11296296296296296
13 0.49817803227485685 0.5185185185185185 0.08849557522123894 0.17962962962962964
4 0.4086413326392504 0.5731481481481482 0.06871421134825612 0.11481481481481481
4 0.2168141592920354 0.5296296296296297 0.034877667881311816 0.05740740740740741
4 0.25247267048412286 0.5273148148148148 0.045809474232170744 0.05648148148148148
7 0.2740760020822488 0.5180555555555556 0.015096304008328995 0.05648148148148148
4 0.30895366996356066 0.562962962962963 0.07756376887038001 0.11481481481481481
4 0.1728266527850078 0.5319444444444444 0.04997397188964081 0.05462962962962963
4 0.09396147839666841 0.5314814814814814 0.05674128058302967 0.053703703703703705
6 0.3008849557522124 0.6435185185185185 0.05622071837584591 0.15925925925925927
8 0.2969807391983342 0.6018518518518519 0.06090577824049974 0.16666666666666666
13 0.022123893805309734 0.4986111111111111 0.04424778761061947 0.09166666666666666
4 0.0676730869338886 0.711574074074074 0.1353461738677772 0.3472222222222222
3 0.91827173347215 0.5231481481481481 0.16241540864133264 0.5351851851851852