10 0.39609375 0.26666666666666666 0.058854166666666666 0.1259259259259259
4 0.23828125 0.4648148148148148 0.09114583333333333 0.12037037037037036
3 0.15833333333333333 0.37407407407407406 0.18333333333333332 0.08888888888888889
8 0.121875 0.39861111111111114 0.015625 0.025
4 0.14401041666666667 0.42962962962962964 0.1171875 0.05
4 0.04296875 0.40555555555555556 0.0671875 0.03888888888888889
4 0.004427083333333333 0.39490740740740743 0.008854166666666666 0.06759259259259259
4 0.16119791666666666 0.7069444444444445 0.3223958333333333 0.5842592592592593
8 0.018229166666666668 0.3976851851851852 0.021875 0.05277777777777778
8 0.0265625 0.40694444444444444 0.027083333333333334 0.058333333333333334
6 0.7864583333333334 0.600462962962963 0.09895833333333333 0.12685185185185185
8 0.7786458333333334 0.549537037037037 0.051041666666666666 0.14537037037037037
4 0.5291666666666667 0.6893518518518519 0.4510416666666667 0.4638888888888889