4 0.44635416666666666 0.537962962962963 0.011458333333333333 0.014814814814814815
10 0.4705729166666667 0.49722222222222223 0.030729166666666665 0.040740740740740744
4 0.48515625 0.538425925925926 0.0067708333333333336 0.008333333333333333
6 0.5244791666666667 0.5439814814814815 0.005208333333333333 0.012037037037037037
8 0.5244791666666667 0.5388888888888889 0.004166666666666667 0.014814814814814815
6 0.5372395833333333 0.537962962962963 0.0026041666666666665 0.005555555555555556
8 0.5369791666666667 0.5365740740740741 0.0020833333333333333 0.006481481481481481
4 0.54765625 0.5398148148148149 0.0046875 0.011111111111111112
4 0.5567708333333333 0.538425925925926 0.016666666666666666 0.032407407407407406
4 0.5708333333333333 0.5592592592592592 0.030208333333333334 0.04814814814814815
10 0.33984375 0.47453703703703703 0.011979166666666667 0.030555555555555555