6 0.2677083333333333 0.5569444444444445 0.014583333333333334 0.030555555555555555
8 0.2708333333333333 0.55 0.008333333333333333 0.04814814814814815
1 0.29270833333333335 0.5699074074074074 0.03854166666666667 0.08611111111111111
7 0.32057291666666665 0.5314814814814814 0.0078125 0.014814814814814815
1 0.33958333333333335 0.5310185185185186 0.027083333333333334 0.028703703703703703
1 0.3640625 0.5509259259259259 0.03125 0.07037037037037037
4 0.32890625 0.5851851851851851 0.06614583333333333 0.1037037037037037
4 0.3841145833333333 0.5370370370370371 0.015104166666666667 0.03148148148148148
10 0.34817708333333336 0.5106481481481482 0.0078125 0.013888888888888888
1 0.3963541666666667 0.5314814814814814 0.008333333333333333 0.016666666666666666
4 0.39166666666666666 0.5347222222222222 0.009375 0.017592592592592594
3 0.4114583333333333 0.5236111111111111 0.027083333333333334 0.05092592592592592
4 0.43723958333333335 0.5305555555555556 0.0265625 0.018518518518518517
1 0.51171875 0.5268518518518519 0.0359375 0.046296296296296294
1 0.53671875 0.5277777777777778 0.0171875 0.044444444444444446
6 0.4046875 0.5736111111111111 0.022916666666666665 0.05648148148148148
8 0.40520833333333334 0.5523148148148148 0.021875 0.07685185185185185
7 0.4661458333333333 0.5296296296296297 0.008333333333333333 0.03333333333333333
7 0.5309895833333333 0.5351851851851852 0.015104166666666667 0.07592592592592592
7 0.5729166666666666 0.5087962962962963 0.0125 0.019444444444444445
6 0.004166666666666667 0.7041666666666667 0.008333333333333333 0.05648148148148148