7 0.27630208333333334 0.5953703703703703 0.013020833333333334 0.03518518518518519
14 0.29661458333333335 0.5824074074074074 0.05572916666666667 0.040740740740740744
8 0.3098958333333333 0.5856481481481481 0.020833333333333332 0.028703703703703703
8 0.30520833333333336 0.5958333333333333 0.022916666666666665 0.04722222222222222
8 0.28880208333333335 0.5898148148148148 0.0109375 0.012962962962962963
8 0.2830729166666667 0.6527777777777778 0.04114583333333333 0.12962962962962962
6 0.29140625 0.6976851851851852 0.024479166666666666 0.0824074074074074
8 0.26171875 0.6143518518518518 0.027604166666666666 0.075
6 0.25234375 0.6699074074074074 0.0328125 0.075
1 0.22265625 0.6152777777777778 0.07864583333333333 0.10092592592592593
6 0.090625 0.6509259259259259 0.03229166666666667 0.10185185185185185
6 0.10911458333333333 0.6601851851851852 0.0609375 0.10185185185185185
6 0.02734375 0.750462962962963 0.0546875 0.1398148148148148
10 0.036458333333333336 0.3287037037037037 0.07291666666666667 0.21481481481481482
10 0.21328125 0.49583333333333335 0.0265625 0.06574074074074074
8 0.16223958333333333 0.75 0.06927083333333334 0.3314814814814815
2 0.15833333333333333 0.8398148148148148 0.03333333333333333 0.2222222222222222
8 0.23098958333333333 0.7680555555555556 0.12135416666666667 0.36018518518518516
6 0.22317708333333333 0.8629629629629629 0.15052083333333333 0.2722222222222222
14 0.2716145833333333 0.5782407407407407 0.0484375 0.03981481481481482
8 0.31927083333333334 0.6444444444444445 0.03229166666666667 0.15
1 0.3346354166666667 0.5819444444444445 0.0546875 0.028703703703703703
1 0.3921875 0.6175925925925926 0.041666666666666664 0.1037037037037037
8 0.39401041666666664 0.6236111111111111 0.022395833333333334 0.10092592592592593
8 0.3807291666666667 0.6046296296296296 0.01875 0.06666666666666667
8 0.37447916666666664 0.6305555555555555 0.028125 0.12962962962962962
6 0.39088541666666665 0.6625 0.013020833333333334 0.058333333333333334
6 0.37890625 0.6546296296296297 0.0328125 0.10555555555555556
6 0.3515625 0.7615740740740741 0.07395833333333333 0.24537037037037038
8 0.36380208333333336 0.6398148148148148 0.0328125 0.1259259259259259
8 0.34348958333333335 0.6893518518518519 0.07239583333333334 0.25092592592592594
8 0.41692708333333334 0.6319444444444444 0.022395833333333334 0.13055555555555556
8 0.4153645833333333 0.6481481481481481 0.021354166666666667 0.1425925925925926
8 0.42994791666666665 0.625462962962963 0.0359375 0.12129629629629629
6 0.428125 0.6708333333333333 0.023958333333333335 0.0712962962962963
14 0.4317708333333333 0.6037037037037037 0.042708333333333334 0.04814814814814815
14 0.4471354166666667 0.5745370370370371 0.0203125 0.023148148148148147
1 0.49166666666666664 0.5740740740740741 0.078125 0.05925925925925926
7 0.49270833333333336 0.5800925925925926 0.020833333333333332 0.032407407407407406
4 0.5036458333333333 0.736574074074074 0.16354166666666667 0.28425925925925927
4 0.55 0.600462962962963 0.040625 0.049074074074074076
8 0.5393229166666667 0.586574074074074 0.0203125 0.03611111111111111
1 0.5755208333333334 0.5893518518518519 0.03333333333333333 0.05648148148148148
3 0.58671875 0.5587962962962963 0.06510416666666667 0.05648148148148148
7 0.5828125 0.6185185185185185 0.01875 0.08703703703703704
14 0.70234375 0.5472222222222223 0.0234375 0.012962962962962963
14 0.6950520833333333 0.5578703703703703 0.0359375 0.013888888888888888
4 0.6283854166666667 0.6185185185185185 0.08489583333333334 0.16111111111111112
4 0.721875 0.6810185185185185 0.1625 0.24537037037037038
13 0.7692708333333333 0.5467592592592593 0.1125 0.04351851851851852
1 0.840625 0.5828703703703704 0.128125 0.07685185185185185
14 0.94765625 0.5689814814814815 0.0796875 0.023148148148148147
4 0.8783854166666667 0.7870370370370371 0.2421875 0.42407407407407405