6 0.46119791666666665 0.5708333333333333 0.016145833333333335 0.03796296296296296
7 0.4513020833333333 0.5504629629629629 0.011979166666666667 0.04537037037037037
7 0.4278645833333333 0.5412037037037037 0.009895833333333333 0.03981481481481482
3 0.96328125 0.5185185185185185 0.07135416666666666 0.26666666666666666
3 0.8078125 0.5337962962962963 0.3 0.35833333333333334
6 0.45338541666666665 0.5833333333333334 0.0140625 0.044444444444444446
6 0.4239583333333333 0.5810185185185185 0.017708333333333333 0.06388888888888888
7 0.44036458333333334 0.587037037037037 0.021354166666666667 0.11851851851851852
1 0.3807291666666667 0.5819444444444445 0.07708333333333334 0.1527777777777778
6 0.2109375 0.6162037037037037 0.025 0.10462962962962963
7 0.23046875 0.6296296296296297 0.033854166666666664 0.21666666666666667
1 0.29192708333333334 0.6037037037037037 0.1203125 0.20925925925925926
14 0.16067708333333333 0.5990740740740741 0.10572916666666667 0.20555555555555555
7 0.14661458333333333 0.6226851851851852 0.027604166666666666 0.16944444444444445
7 0.16536458333333334 0.6444444444444445 0.0296875 0.1648148148148148
4 0.11901041666666666 0.5583333333333333 0.027604166666666666 0.037037037037037035
7 0.1046875 0.6361111111111111 0.04479166666666667 0.20925925925925926
7 0.14192708333333334 0.6458333333333334 0.05677083333333333 0.23425925925925925
7 0.08828125 0.6435185185185185 0.03802083333333333 0.22777777777777777
7 0.29140625 0.6347222222222222 0.0421875 0.16944444444444445
3 0.5651041666666666 0.5013888888888889 0.19270833333333334 0.3638888888888889
6 0.5971354166666667 0.7231481481481481 0.0734375 0.22592592592592592
8 0.5950520833333334 0.6458333333333334 0.07135416666666666 0.23981481481481481
6 0.7171875 0.7888888888888889 0.128125 0.2814814814814815
8 0.7049479166666667 0.7060185185185185 0.0984375 0.38425925925925924
6 0.5174479166666667 0.7625 0.0859375 0.25833333333333336
8 0.5174479166666667 0.6759259259259259 0.0859375 0.29444444444444445