10 0.4726704841228527 0.4166666666666667 0.028110359187922956 0.024074074074074074
13 0.4565330557001562 0.5143518518518518 0.045809474232170744 0.08796296296296297
4 0.42920353982300885 0.5263888888888889 0.018219677251431546 0.03611111111111111
13 0.4148880791254555 0.5138888888888888 0.018740239458615304 0.046296296296296294
1 0.40057261842790215 0.524537037037037 0.016137428422696512 0.03611111111111111
6 0.38807912545549195 0.5314814814814814 0.013014055179593961 0.03148148148148148
7 0.385736595523165 0.5138888888888888 0.007287870900572618 0.024074074074074074
1 0.5052056220718376 0.5328703703703703 0.011972930765226444 0.041666666666666664
4 0.4973971889640812 0.5351851851851852 0.013014055179593961 0.040740740740740744
7 0.49583550234252993 0.5143518518518518 0.004685059864653826 0.008333333333333333
4 0.4781363872982821 0.5393518518518519 0.029672045809474232 0.05277777777777778
8 0.4960957834461218 0.512962962962963 0.004164497657470068 0.009259259259259259
6 0.4903695991671005 0.5527777777777778 0.017699115044247787 0.05185185185185185
8 0.48828735033836546 0.5393518518518519 0.01665799062988027 0.062037037037037036
6 0.46069755335762624 0.5546296296296296 0.014575741801145237 0.044444444444444446
8 0.4619989588755856 0.5337962962962963 0.011972930765226444 0.041666666666666664
8 0.4588755856324831 0.5416666666666666 0.013014055179593961 0.05555555555555555
6 0.45080687142113485 0.5837962962962963 0.029151483602290473 0.08055555555555556
8 0.4484643414888079 0.5657407407407408 0.02654867256637168 0.08888888888888889
6 0.547631441957314 0.5430555555555555 0.009370119729307652 0.021296296296296296
4 0.5642894325871942 0.5337962962962963 0.01978136387298282 0.028703703703703703
4 0.5796460176991151 0.524537037037037 0.015096304008328995 0.013888888888888888
4 0.5741801145236856 0.5416666666666666 0.01665799062988027 0.03518518518518519
4 0.5871941697032795 0.5583333333333333 0.028110359187922956 0.07407407407407407
6 0.558302967204581 0.549074074074074 0.016137428422696512 0.03333333333333333
8 0.5577824049973972 0.5351851851851852 0.013014055179593961 0.03333333333333333
4 0.6361270171785528 0.5782407407407407 0.08953669963560645 0.125
1 0.687402394586153 0.5578703703703703 0.02342529932326913 0.049074074074074076
6 0.6827173347214992 0.5722222222222222 0.014055179593961478 0.04259259259259259
4 0.7595002602811036 0.625462962962963 0.13742842269651223 0.16203703703703703
7 0.8162415408641333 0.5662037037037037 0.011452368558042686 0.05648148148148148
10 0.8711608537220198 0.5111111111111111 0.014055179593961478 0.027777777777777776
6 0.8651743883394065 0.6305555555555555 0.04685059864653826 0.07037037037037037
7 0.8573659552316502 0.5708333333333333 0.017699115044247787 0.04351851851851852
6 0.9266007287870901 0.662962962962963 0.06454971369078605 0.09814814814814815
7 0.9687662675689744 0.5703703703703704 0.01353461738677772 0.05185185185185185
7 0.9619989588755856 0.6328703703703704 0.02394586153045289 0.17314814814814813
7 0.9830817282665278 0.6013888888888889 0.019260801665799063 0.10462962962962963
6 0.984903695991671 0.6824074074074075 0.029151483602290473 0.07962962962962963
6 0.6212909942738157 0.7560185185185185 0.09942738157209786 0.24166666666666667
8 0.618688183237897 0.6592592592592592 0.08693388859968766 0.25925925925925924
4 0.3682977615825091 0.5356481481481481 0.034877667881311816 0.049074074074074076
6 0.32769390942217597 0.5527777777777778 0.019260801665799063 0.06111111111111111
6 0.31363872982821445 0.5347222222222222 0.019260801665799063 0.05277777777777778
10 0.27173347214992194 0.4587962962962963 0.008328995314940135 0.028703703703703703
6 0.19599167100468506 0.5259259259259259 0.022384174908901613 0.04814814814814815
4 0.2769390942217595 0.5407407407407407 0.06559083810515356 0.04814814814814815
4 0.21212909942738156 0.7226851851851852 0.29099427381572096 0.36574074074074076