6 0.14237376366475793 0.49675925925925923 0.018219677251431546 0.03796296296296296
6 0.20822488287350338 0.5111111111111111 0.01665799062988027 0.03518518518518519
4 0.2771993753253514 0.5069444444444444 0.052576782925559604 0.049074074074074076
6 0.329776158250911 0.5481481481481482 0.02342529932326913 0.05
8 0.3310775637688704 0.5342592592592592 0.012493492972410203 0.06111111111111111
4 0.35736595523165016 0.5361111111111111 0.042165538781884435 0.06111111111111111
4 0.4120249869859448 0.5101851851851852 0.01717855283706403 0.018518518518518517
13 0.42920353982300885 0.500462962962963 0.021343050494534097 0.03796296296296296
4 0.45705361790733995 0.5097222222222222 0.012493492972410203 0.023148148148148147
4 0.46017699115044247 0.5152777777777777 0.017699115044247787 0.025
13 0.47553357626236337 0.5032407407407408 0.019260801665799063 0.03425925925925926
4 0.48542425819885476 0.5226851851851851 0.02654867256637168 0.03611111111111111
13 0.5013014055179594 0.49953703703703706 0.01665799062988027 0.025
4 0.5127537740760021 0.5138888888888888 0.011452368558042686 0.018518518518518517
4 0.5205622071837585 0.5106481481481482 0.008328995314940135 0.017592592592592594
13 0.5340968245705362 0.5060185185185185 0.024986985944820406 0.03611111111111111
4 0.5499739718896408 0.5277777777777778 0.024466423737636647 0.037037037037037035
6 0.5747006767308693 0.5310185185185186 0.008328995314940135 0.025
8 0.5747006767308693 0.5231481481481481 0.008328995314940135 0.025925925925925925
10 0.6332639250390422 0.4273148148148148 0.0338365434669443 0.05462962962962963
7 0.7917751171264966 0.5518518518518518 0.01353461738677772 0.06296296296296296
6 0.9526288391462779 0.5467592592592593 0.02706923477355544 0.03425925925925926
6 0.9825611660593441 0.5879629629629629 0.024466423737636647 0.053703703703703705
3 0.6736074960957834 0.5222222222222223 0.15304528891202498 0.18888888888888888
6 0.5247267048412285 0.5476851851851852 0.015616866215512754 0.041666666666666664
8 0.5229047371160854 0.5361111111111111 0.01717855283706403 0.05925925925925926