6 0.45132743362831856 0.524537037037037 0.01665799062988027 0.030555555555555555
4 0.40707964601769914 0.5259259259259259 0.038521603331598125 0.05555555555555555
1 0.3745445080687142 0.5351851851851852 0.03800104112441437 0.06666666666666667
4 0.3521603331598126 0.5768518518518518 0.028630921395106715 0.10185185185185185
4 0.29984383133784487 0.6092592592592593 0.10307131702238417 0.19074074074074074
6 0.03591879229567933 0.5935185185185186 0.03019260801665799 0.09259259259259259
4 0.13638729828214471 0.7032407407407407 0.27173347214992194 0.3638888888888889
4 0.022123893805309734 0.9055555555555556 0.04424778761061947 0.18333333333333332
13 0.5460697553357626 0.5023148148148148 0.09474232170744404 0.06574074074074074
4 0.49921915668922434 0.538425925925926 0.04060385216033316 0.08425925925925926
7 0.4656428943258719 0.5597222222222222 0.031754294638209266 0.10277777777777777
4 0.5640291514836023 0.5949074074074074 0.10879750130140552 0.14537037037037037
6 0.6397709526288391 0.7032407407407407 0.032274856845393024 0.1398148148148148
4 0.9713690786048933 0.5157407407407407 0.05622071837584591 0.09814814814814815
1 0.7727745965642895 0.7074074074074074 0.25976054138469545 0.39444444444444443
4 0.9232170744403956 0.7837962962962963 0.15252472670484124 0.42685185185185187