13 0.18349817803227486 0.5810185185185185 0.2670484122852681 0.5064814814814815
6 0.3844351900052056 0.6814814814814815 0.07027589796980739 0.21666666666666667
8 0.3831337844872462 0.6194444444444445 0.059344091618948464 0.21851851851851853
13 0.35658511192087455 0.5069444444444444 0.05413846954711088 0.11944444444444445
13 0.38859968766267566 0.5203703703703704 0.014055179593961478 0.09074074074074075
1 0.39666840187402397 0.5421296296296296 0.007287870900572618 0.05277777777777778
1 0.41280583029672047 0.5296296296296297 0.015616866215512754 0.044444444444444446
6 0.4096824570536179 0.5578703703703703 0.024986985944820406 0.05648148148148148
4 0.4237376366475794 0.5314814814814814 0.012493492972410203 0.03888888888888889
4 0.4336283185840708 0.5185185185185185 0.017699115044247787 0.022222222222222223
1 0.44456012493492975 0.5097222222222222 0.010411244143675169 0.010185185185185186
1 0.46434148880791254 0.5120370370370371 0.012493492972410203 0.009259259259259259
13 0.44508068714211346 0.5046296296296297 0.014575741801145237 0.016666666666666666
1 0.46043727225403436 0.6018518518518519 0.07964601769911504 0.17592592592592593
8 0.4656428943258719 0.5120370370370371 0.003643935450286309 0.005555555555555556
8 0.45809474232170744 0.5120370370370371 0.0052056220718375845 0.005555555555555556
8 0.4752732951587715 0.5120370370370371 0.004164497657470068 0.011111111111111112
13 0.48282144716293596 0.5055555555555555 0.013014055179593961 0.016666666666666666
1 0.48568453930244665 0.524074074074074 0.020822488287350338 0.02962962962962963
1 0.4960957834461218 0.5300925925925926 0.01353461738677772 0.04351851851851852
4 0.5041644976574701 0.5259259259259259 0.00676730869338886 0.024074074074074074
13 0.515096304008329 0.5111111111111111 0.011972930765226444 0.03333333333333333
3 0.5314940135346173 0.5069444444444444 0.028110359187922956 0.025
1 0.5406038521603331 0.5236111111111111 0.014055179593961478 0.023148148148148147
4 0.5294117647058824 0.5342592592592592 0.03331598125976054 0.03148148148148148
13 0.5697553357626236 0.5333333333333333 0.04945340968245705 0.10740740740740741
4 0.523685580426861 0.5652777777777778 0.055179593961478396 0.0787037037037037
7 0.6054138469547111 0.537962962962963 0.009370119729307652 0.03888888888888889
7 0.5981259760541384 0.5657407407407408 0.01665799062988027 0.07962962962962963
6 0.6035918792295679 0.5712962962962963 0.014055179593961478 0.05555555555555555
7 0.6189484643414888 0.5694444444444444 0.022904737116085372 0.09444444444444444
7 0.620770432066632 0.5263888888888889 0.00989068193649141 0.028703703703703703
7 0.644195731389901 0.5532407407407407 0.018219677251431546 0.08796296296296297
1 0.702498698594482 0.6060185185185185 0.0890161374284227 0.14537037037037037
7 0.7576782925559604 0.5638888888888889 0.019260801665799063 0.1111111111111111
7 0.7480478917230609 0.625462962962963 0.020822488287350338 0.08055555555555556
4 0.8180635085892765 0.5287037037037037 0.08589276418532014 0.03888888888888889
1 0.8144195731389902 0.649074074074074 0.13586673607496097 0.22037037037037038
1 0.9299843831337845 0.6712962962962963 0.13899010931806352 0.2537037037037037
7 0.9593961478396669 0.5287037037037037 0.020822488287350338 0.04259259259259259