13 0.5083333333333333 0.5111111111111111 0.04583333333333333 0.03888888888888889
13 0.41458333333333336 0.5273148148148148 0.015625 0.023148148148148147
4 0.48776041666666664 0.5509259259259259 0.0390625 0.05
6 0.37421875 0.5365740740740741 0.005729166666666666 0.01574074074074074
8 0.37421875 0.5310185185185186 0.0078125 0.019444444444444445
6 0.38619791666666664 0.5407407407407407 0.0067708333333333336 0.016666666666666666
8 0.3859375 0.5333333333333333 0.009375 0.022222222222222223
6 0.4049479166666667 0.5462962962962963 0.008854166666666666 0.027777777777777776
8 0.4046875 0.538425925925926 0.009375 0.030555555555555555
6 0.421875 0.6175925925925926 0.036458333333333336 0.08888888888888889
8 0.4278645833333333 0.5833333333333334 0.024479166666666666 0.10925925925925926
8 0.41875 0.5856481481481481 0.03958333333333333 0.10462962962962963
4 0.8432291666666667 0.7106481481481481 0.309375 0.5342592592592592