3 0.52421875 0.5337962962962963 0.034895833333333334 0.017592592592592594
13 0.5296875 0.5365740740740741 0.017708333333333333 0.010185185185185186
3 0.51015625 0.5472222222222223 0.025520833333333333 0.03333333333333333
4 0.47578125 0.5421296296296296 0.034895833333333334 0.023148148148148147
8 0.4940104166666667 0.5439814814814815 0.0140625 0.017592592592592594
4 0.46927083333333336 0.5439814814814815 0.01875 0.013888888888888888
4 0.39348958333333334 0.5574074074074075 0.04010416666666667 0.053703703703703705
8 0.4010416666666667 0.5435185185185185 0.014583333333333334 0.027777777777777776
4 0.43333333333333335 0.5416666666666666 0.06041666666666667 0.024074074074074074
4 0.57421875 0.5453703703703704 0.0234375 0.012962962962962963
7 0.634375 0.5782407407407407 0.011458333333333333 0.07685185185185185
4 0.69921875 0.5467592592592593 0.050520833333333334 0.017592592592592594
13 0.84140625 0.55 0.0640625 0.03333333333333333
4 0.778125 0.5532407407407407 0.071875 0.028703703703703703
4 0.9697916666666667 0.5717592592592593 0.058333333333333334 0.03425925925925926
4 0.6083333333333333 0.5847222222222223 0.053125 0.09166666666666666
4 0.5567708333333333 0.6208333333333333 0.09583333333333334 0.16018518518518518
7 0.26953125 0.5375 0.015104166666666667 0.062037037037037036
4 0.3229166666666667 0.5712962962962963 0.06979166666666667 0.11481481481481481
6 0.3625 0.6064814814814815 0.03125 0.08148148148148149
8 0.3684895833333333 0.5712962962962963 0.018229166666666668 0.08888888888888889
8 0.35859375 0.5634259259259259 0.0265625 0.10462962962962963
7 0.09817708333333333 0.5337962962962963 0.022395833333333334 0.09722222222222222
6 0.01796875 0.5435185185185185 0.0359375 0.07962962962962963
4 0.4401041666666667 0.6958333333333333 0.2 0.3138888888888889
4 0.8296875 0.763425925925926 0.3385416666666667 0.39537037037037037
6 0.03828125 0.8935185185185185 0.0765625 0.20555555555555555
8 0.030729166666666665 0.825 0.06145833333333333 0.1574074074074074