4 0.5044270833333333 0.5347222222222222 0.008854166666666666 0.023148148148148147
4 0.5072916666666667 0.5361111111111111 0.007291666666666667 0.024074074074074074
13 0.5192708333333333 0.5314814814814814 0.021875 0.046296296296296294
13 0.5497395833333333 0.5268518518518519 0.009895833333333333 0.024074074074074074
4 0.55859375 0.5324074074074074 0.008854166666666666 0.014814814814814815
13 0.4513020833333333 0.5314814814814814 0.015104166666666667 0.027777777777777776
3 0.48020833333333335 0.5212962962962963 0.0375 0.07037037037037037
6 0.43463541666666666 0.5365740740740741 0.0067708333333333336 0.013888888888888888
6 0.425 0.5370370370370371 0.0125 0.012962962962962963
6 0.44817708333333334 0.5416666666666666 0.0067708333333333336 0.020370370370370372
8 0.44869791666666664 0.5324074074074074 0.0067708333333333336 0.022222222222222223
6 0.44192708333333336 0.5574074074074075 0.013020833333333334 0.03888888888888889
8 0.4427083333333333 0.5444444444444444 0.0125 0.03888888888888889
4 0.41458333333333336 0.5412037037037037 0.011458333333333333 0.03981481481481482
7 0.37447916666666664 0.5560185185185185 0.007291666666666667 0.028703703703703703
1 0.3963541666666667 0.55 0.03125 0.06296296296296296
6 0.29192708333333334 0.538425925925926 0.0140625 0.049074074074074076
6 0.3067708333333333 0.5407407407407407 0.013541666666666667 0.046296296296296294
6 0.32421875 0.5462962962962963 0.016145833333333335 0.04814814814814815
6 0.3606770833333333 0.6305555555555555 0.0453125 0.12407407407407407
8 0.3609375 0.6023148148148149 0.04479166666666667 0.14166666666666666
6 0.2825520833333333 0.575925925925926 0.019270833333333334 0.046296296296296294
4 0.22057291666666667 0.575462962962963 0.09322916666666667 0.10648148148148148
4 0.1265625 0.5995370370370371 0.11666666666666667 0.1398148148148148
7 0.07526041666666666 0.587037037037037 0.0328125 0.13333333333333333
6 0.27109375 0.7143518518518519 0.08489583333333334 0.22314814814814815
8 0.27057291666666666 0.6472222222222223 0.06510416666666667 0.2222222222222222
13 0.6463541666666667 0.5356481481481481 0.07291666666666667 0.14351851851851852
4 0.7341145833333333 0.5504629629629629 0.0421875 0.05277777777777778
7 0.7421875 0.5625 0.013541666666666667 0.06018518518518518
6 0.7161458333333334 0.5879629629629629 0.022916666666666665 0.05925925925925926
8 0.7127604166666667 0.5740740740740741 0.022395833333333334 0.07222222222222222
4 0.8734375 0.6560185185185186 0.25 0.287962962962963