10 0.484903695991671 0.3675925925925926 0.039042165538781884 0.03333333333333333
6 0.08849557522123894 0.5731481481481482 0.03956272774596564 0.09259259259259259
6 0.07470067673086934 0.6259259259259259 0.04737116085372202 0.17592592592592593
6 0.15148360229047372 0.5509259259259259 0.04789172306090578 0.10555555555555556
6 0.3612701717855284 0.513425925925926 0.014575741801145237 0.019444444444444445
7 0.37558563248308174 0.4962962962962963 0.004685059864653826 0.009259259259259259
13 0.4034357105674128 0.5060185185185185 0.02394586153045289 0.062037037037037036
7 0.4250390421655388 0.5064814814814815 0.00676730869338886 0.022222222222222223
7 0.4336283185840708 0.5092592592592593 0.0052056220718375845 0.024074074074074074
1 0.3810515356585112 0.5217592592592593 0.021863612701717855 0.049074074074074076
7 0.37896928682977615 0.5328703703703703 0.012493492972410203 0.06574074074074074
6 0.4148880791254555 0.5648148148148148 0.026028110359187923 0.07222222222222222
8 0.4148880791254555 0.5472222222222223 0.02394586153045289 0.07777777777777778
4 0.439614783966684 0.5138888888888888 0.00989068193649141 0.037037037037037035
13 0.4648620510150963 0.5027777777777778 0.04789172306090578 0.10185185185185185
1 0.4932326913066111 0.524537037037037 0.048412285268089536 0.05092592592592592
4 0.5460697553357626 0.5060185185185185 0.022904737116085372 0.013888888888888888
4 0.6072358146798542 0.5310185185185186 0.02342529932326913 0.04351851851851852
4 0.5580426861009891 0.5226851851851851 0.032274856845393024 0.028703703703703703
4 0.5525767829255596 0.5319444444444444 0.024466423737636647 0.04351851851851852
4 0.5234252993232691 0.5532407407407407 0.06923477355543987 0.08981481481481482
6 0.4619989588755856 0.5634259259259259 0.02030192608016658 0.058333333333333334
8 0.4682457053617907 0.5212962962962963 0.010931806350858927 0.03333333333333333
8 0.4646017699115044 0.537962962962963 0.015096304008328995 0.06111111111111111
6 0.4747527329515877 0.6064814814814815 0.04268610098906819 0.12962962962962962
8 0.47579385736595525 0.5745370370370371 0.041644976574700676 0.1361111111111111
4 0.6665799062988027 0.5768518518518518 0.07235814679854242 0.11666666666666667
4 0.7225403435710568 0.5518518518518518 0.03956272774596564 0.05
1 0.7592399791775117 0.5638888888888889 0.0338365434669443 0.06851851851851852
6 0.7511712649661635 0.5972222222222222 0.032274856845393024 0.07592592592592592
8 0.7501301405517959 0.5703703703703704 0.017699115044247787 0.07592592592592592
6 0.8042686100989068 0.5782407407407407 0.026028110359187923 0.04722222222222222
7 0.7985424258198854 0.5662037037037037 0.015616866215512754 0.06759259259259259
1 0.84903695991671 0.5657407407407408 0.041644976574700676 0.05555555555555555
7 0.825351379489849 0.562962962962963 0.015096304008328995 0.05555555555555555
6 0.8308172826652785 0.600925925925926 0.029151483602290473 0.08518518518518518
8 0.8248308172826653 0.5902777777777778 0.018219677251431546 0.09351851851851851
6 0.859968766267569 0.5949074074074074 0.03643935450286309 0.058333333333333334
8 0.8680374804789173 0.5731481481481482 0.024466423737636647 0.06481481481481481
1 0.885736595523165 0.6032407407407407 0.031754294638209266 0.11203703703703703
6 0.9359708485163977 0.700925925925926 0.08328995314940135 0.1537037037037037
8 0.9206142634044768 0.6763888888888889 0.02342529932326913 0.11018518518518519
6 0.9890681936491411 0.6481481481481481 0.020822488287350338 0.11296296296296296
4 0.29047371160853724 0.5458333333333333 0.06038521603331598 0.07685185185185185
4 0.3245705361790734 0.6106481481481482 0.13378448724622594 0.18425925925925926
6 0.5174388339406559 0.5703703703703704 0.031233732431025507 0.07592592592592592
8 0.5200416449765747 0.5555555555555556 0.03019260801665799 0.10185185185185185
8 0.5158771473191046 0.5425925925925926 0.026028110359187923 0.09259259259259259