10 0.03045288912024987 0.3194444444444444 0.0338365434669443 0.1037037037037037
4 0.005986465382613223 0.8125 0.011972930765226446 0.16203703703703703
6 0.11244143675169184 0.5958333333333333 0.055179593961478396 0.14907407407407408
3 0.22071837584591358 0.46435185185185185 0.11452368558042686 0.09166666666666666
1 0.2904737116085372 0.5810185185185185 0.09474232170744404 0.17685185185185184
1 0.20380010411244143 0.5819444444444445 0.1015096304008329 0.18425925925925926
4 0.4942738157209786 0.5097222222222222 0.010931806350858926 0.021296296296296296
4 0.5814679854242581 0.5180555555555556 0.023945861530452892 0.012037037037037037
4 0.5627277459656429 0.5171296296296296 0.022904737116085372 0.013888888888888888
4 0.5570015616866216 0.524074074074074 0.05726184279021343 0.020370370370370372
4 0.6546069755335763 0.5569444444444445 0.0463300364393545 0.06759259259259259
4 0.7079646017699115 0.5407407407407407 0.05101509630400833 0.027777777777777776
4 0.5570015616866216 0.7384259259259259 0.27798021863612704 0.4546296296296296
4 0.7555960437272253 0.6805555555555556 0.18584070796460178 0.2777777777777778
3 0.41306611140031235 0.5143518518518518 0.15877147319104631 0.32685185185185184
6 0.2925559604372722 0.687962962962963 0.08120770432066632 0.23333333333333334
8 0.2920353982300885 0.6314814814814815 0.062467464862051014 0.22962962962962963
13 0.9039562727745966 0.5518518518518518 0.19104633003643937 0.8944444444444445
6 0.8349817803227485 0.5694444444444444 0.02706923477355544 0.04259259259259259