14 0.9877604166666667 0.30324074074074076 0.013020833333333334 0.023148148148148147
14 0.99453125 0.3138888888888889 0.0078125 0.018518518518518517
14 0.9390625 0.31157407407407406 0.017708333333333333 0.023148148148148147
14 0.8924479166666667 0.33055555555555555 0.0265625 0.046296296296296294
7 0.8692708333333333 0.3 0.011458333333333333 0.037037037037037035
10 0.9015625 0.28055555555555556 0.0125 0.03148148148148148
1 0.98359375 0.3509259259259259 0.03177083333333333 0.07777777777777778
7 0.9908854166666666 0.35462962962962963 0.0171875 0.09259259259259259
7 0.9453125 0.3523148148148148 0.013541666666666667 0.075
1 0.965625 0.3699074074074074 0.046875 0.10092592592592593
7 0.8440104166666667 0.3439814814814815 0.015104166666666667 0.0787037037037037
7 0.9065104166666667 0.37083333333333335 0.016145833333333335 0.0824074074074074
7 0.9184895833333333 0.3861111111111111 0.024479166666666666 0.1425925925925926
13 0.41875 0.3763888888888889 0.014583333333333334 0.07685185185185185
7 0.4296875 0.38472222222222224 0.025 0.10648148148148148
1 0.5927083333333333 0.3824074074074074 0.10416666666666667 0.1259259259259259
7 0.45598958333333334 0.4287037037037037 0.0546875 0.24444444444444444
2 0.8018229166666667 0.5087962962962963 0.06197916666666667 0.15833333333333333
8 0.8049479166666667 0.45 0.06510416666666667 0.23148148148148148
6 0.88515625 0.5842592592592593 0.08802083333333334 0.2351851851851852
8 0.8848958333333333 0.4837962962962963 0.08645833333333333 0.27314814814814814
7 0.8846354166666667 0.3023148148148148 0.008854166666666666 0.030555555555555555
7 0.9638020833333333 0.3106481481481482 0.005729166666666666 0.023148148148148147