3 0.3828125 0.4097222222222222 0.013541666666666667 0.03981481481481482
3 0.3953125 0.399537037037037 0.015625 0.028703703703703703
13 0.39401041666666664 0.42407407407407405 0.022395833333333334 0.046296296296296294
4 0.39505208333333336 0.4393518518518518 0.016145833333333335 0.028703703703703703
4 0.4127604166666667 0.4222222222222222 0.0171875 0.014814814814814815
7 0.4203125 0.4236111111111111 0.00625 0.006481481481481481
7 0.41041666666666665 0.42592592592592593 0.005208333333333333 0.007407407407407408
1 0.4127604166666667 0.47129629629629627 0.04114583333333333 0.09259259259259259
6 0.39114583333333336 0.4689814814814815 0.009375 0.03981481481481482
8 0.38958333333333334 0.44537037037037036 0.010416666666666666 0.022222222222222223
6 0.38229166666666664 0.46805555555555556 0.010416666666666666 0.03796296296296296
8 0.38046875 0.44675925925925924 0.008854166666666666 0.025
3 0.3458333333333333 0.4393518518518518 0.06875 0.16018518518518518
13 0.32838541666666665 0.46620370370370373 0.028645833333333332 0.18611111111111112
3 0.16145833333333334 0.49953703703703706 0.3229166666666667 0.9990740740740741
8 0.24895833333333334 0.7300925925925926 0.28958333333333336 0.537962962962963
6 0.25807291666666665 0.9425925925925925 0.31197916666666664 0.11296296296296296
7 0.46875 0.43333333333333335 0.00625 0.040740740740740744
7 0.4747395833333333 0.43333333333333335 0.0067708333333333336 0.02962962962962963
7 0.4869791666666667 0.42685185185185187 0.00625 0.046296296296296294
7 0.49765625 0.4300925925925926 0.0036458333333333334 0.041666666666666664
7 0.49296875 0.4324074074074074 0.0109375 0.04259259259259259
7 0.5354166666666667 0.44305555555555554 0.03333333333333333 0.09537037037037037
7 0.546875 0.41574074074074074 0.016666666666666666 0.04814814814814815
7 0.6505208333333333 0.37037037037037035 0.010416666666666666 0.037037037037037035
6 0.6098958333333333 0.4212962962962963 0.040625 0.07592592592592592
6 0.5833333333333334 0.425462962962963 0.028125 0.041666666666666664
6 0.5890625 0.45555555555555555 0.071875 0.08333333333333333
6 0.5020833333333333 0.5152777777777777 0.052083333333333336 0.09907407407407408
8 0.5669270833333333 0.6486111111111111 0.10989583333333333 0.44722222222222224
6 0.5614583333333333 0.7166666666666667 0.146875 0.34629629629629627
8 0.7072916666666667 0.6472222222222223 0.18854166666666666 0.4185185185185185
8 0.7958333333333333 0.7208333333333333 0.2947916666666667 0.5564814814814815
6 0.7716145833333333 0.837037037037037 0.3536458333333333 0.32407407407407407