1 0.4513020833333333 0.4185185185185185 0.025520833333333333 0.011111111111111112
1 0.4921875 0.4152777777777778 0.026041666666666668 0.012037037037037037
4 0.5734375 0.41064814814814815 0.05625 0.019444444444444445
4 0.6494791666666667 0.41064814814814815 0.026041666666666668 0.012037037037037037
8 0.48723958333333334 0.41203703703703703 0.009895833333333333 0.018518518518518517
8 0.44947916666666665 0.4162037037037037 0.007291666666666667 0.017592592592592594
8 0.46640625 0.41712962962962963 0.0046875 0.010185185185185186
8 0.45677083333333335 0.4166666666666667 0.00625 0.016666666666666666
8 0.46197916666666666 0.41759259259259257 0.00625 0.012962962962962963
4 0.5197916666666667 0.5199074074074074 0.04479166666666667 0.075
4 0.725 0.47638888888888886 0.057291666666666664 0.023148148148148147
4 0.68984375 0.5351851851851852 0.05364583333333333 0.10185185185185185
1 0.8151041666666666 0.5888888888888889 0.36875 0.6203703703703703
6 0.5919270833333333 0.736574074074074 0.15885416666666666 0.2324074074074074
8 0.6130208333333333 0.6689814814814815 0.10104166666666667 0.3675925925925926
6 0.6361979166666667 0.5194444444444445 0.0140625 0.053703703703703705
4 0.3580729166666667 0.6069444444444444 0.17135416666666667 0.22870370370370371
4 0.15286458333333333 0.7597222222222222 0.30572916666666666 0.4787037037037037
4 0.5638020833333334 0.4134259259259259 0.0390625 0.012037037037037037