14 0.34122852680895366 0.48564814814814816 0.010931806350858927 0.012037037037037037
14 0.3407079646017699 0.4962962962962963 0.00989068193649141 0.014814814814814815
14 0.34122852680895366 0.5013888888888889 0.007808433107756377 0.013888888888888888
7 0.3487766788131182 0.49027777777777776 0.004164497657470068 0.010185185185185186
4 0.3558042686100989 0.500462962962963 0.00989068193649141 0.017592592592592594
6 0.34513274336283184 0.5254629629629629 0.006246746486205101 0.01574074074074074
8 0.34747527329515876 0.5162037037037037 0.00676730869338886 0.017592592592592594
8 0.3435710567412806 0.5185185185185185 0.009370119729307652 0.025925925925925925
4 0.3594482040603852 0.5162037037037037 0.01717855283706403 0.030555555555555555
13 0.37532535137948986 0.500462962962963 0.03019260801665799 0.05462962962962963
6 0.3659552316501822 0.5324074074074074 0.010411244143675169 0.03148148148148148
8 0.3656949505465903 0.5254629629629629 0.011972930765226444 0.03611111111111111
8 0.3656949505465903 0.5222222222222223 0.00989068193649141 0.022222222222222223
6 0.37636647579385735 0.5407407407407407 0.015616866215512754 0.040740740740740744
8 0.37792816241540866 0.5310185185185186 0.014575741801145237 0.04537037037037037
7 0.5163977095262884 0.5032407407407408 0.006246746486205101 0.028703703703703703
7 0.5835502342529932 0.49722222222222223 0.006246746486205101 0.014814814814814815