4 0.4367516918271733 0.5259259259259259 0.007287870900572618 0.012962962962962963
14 0.44169703279541905 0.5268518518518519 0.004685059864653826 0.011111111111111112
14 0.446121811556481 0.5282407407407408 0.006246746486205101 0.012037037037037037
13 0.45679333680374806 0.5226851851851851 0.016137428422696512 0.026851851851851852
13 0.46694429984383135 0.5171296296296296 0.008328995314940135 0.01574074074074074
14 0.4752732951587715 0.5203703703703704 0.006246746486205101 0.011111111111111112
4 0.48256116605934407 0.5226851851851851 0.008328995314940135 0.010185185185185186
4 0.5059864653826133 0.525 0.009370119729307652 0.016666666666666666
13 0.49453409682457056 0.5226851851851851 0.017699115044247787 0.030555555555555555
13 0.5096304008328996 0.5189814814814815 0.008328995314940135 0.025
13 0.5187402394586154 0.5189814814814815 0.01717855283706403 0.026851851851851852
13 0.5468505986465383 0.5208333333333334 0.021343050494534097 0.041666666666666664
6 0.717855283706403 0.5347222222222222 0.01665799062988027 0.03611111111111111
6 0.7303487766788131 0.5361111111111111 0.026028110359187923 0.03148148148148148
6 0.7647058823529411 0.5305555555555556 0.022904737116085372 0.040740740740740744
7 0.7667881311816762 0.5291666666666667 0.01353461738677772 0.05277777777777778
6 0.5247267048412285 0.5310185185185186 0.0052056220718375845 0.013888888888888888
8 0.5244664237376366 0.524074074074074 0.004685059864653826 0.011111111111111112
6 0.5385216033315982 0.5365740740740741 0.008849557522123894 0.023148148148148147
8 0.53878188443519 0.5314814814814814 0.008328995314940135 0.024074074074074074
6 0.5825091098386257 0.5504629629629629 0.015616866215512754 0.03796296296296296
8 0.5819885476314419 0.5421296296296296 0.014575741801145237 0.03981481481481482
6 0.6238938053097345 0.5583333333333333 0.01717855283706403 0.03888888888888889
8 0.6244143675169183 0.5472222222222223 0.014055179593961478 0.044444444444444446
6 0.4648620510150963 0.5412037037037037 0.010411244143675169 0.023148148148148147
8 0.4646017699115044 0.5347222222222222 0.010931806350858927 0.028703703703703703
6 0.43545028630921395 0.5486111111111112 0.00989068193649141 0.025
8 0.4367516918271733 0.5375 0.010411244143675169 0.030555555555555555
8 0.43545028630921395 0.5342592592592592 0.010931806350858927 0.025925925925925925
13 0.35424258198854763 0.5268518518518519 0.05465903175429464 0.09444444444444444
6 0.28136387298282145 0.5745370370370371 0.03591879229567933 0.058333333333333334
8 0.27798021863612704 0.5601851851851852 0.01665799062988027 0.06296296296296296
8 0.2894325871941697 0.5592592592592592 0.02394586153045289 0.06666666666666667
7 0.784487246225924 0.5305555555555556 0.0052056220718375845 0.044444444444444446