1 0.46171875 0.5583333333333333 0.0109375 0.03518518518518519
1 0.46953125 0.5638888888888889 0.013020833333333334 0.044444444444444446
14 0.5270833333333333 0.538425925925926 0.017708333333333333 0.023148148148148147
13 0.5369791666666667 0.5560185185185185 0.017708333333333333 0.03981481481481482
1 0.5473958333333333 0.5532407407407407 0.009375 0.026851851851851852
13 0.5877604166666667 0.5583333333333333 0.0203125 0.040740740740740744
6 0.5869791666666667 0.5717592592592593 0.014583333333333334 0.026851851851851852
6 0.5927083333333333 0.5726851851851852 0.0125 0.030555555555555555
8 0.5848958333333333 0.5657407407407408 0.010416666666666666 0.03888888888888889
6 0.59609375 0.5787037037037037 0.009895833333333333 0.024074074074074074
6 0.6153645833333333 0.5800925925925926 0.034895833333333334 0.03796296296296296
8 0.6106770833333334 0.5648148148148148 0.0109375 0.037037037037037035
6 0.6671875 0.5787037037037037 0.028125 0.046296296296296294
6 0.6760416666666667 0.5810185185185185 0.03125 0.049074074074074076
6 0.7166666666666667 0.5916666666666667 0.040625 0.06296296296296296
6 0.7330729166666666 0.6083333333333333 0.044270833333333336 0.07962962962962963
6 0.8026041666666667 0.6097222222222223 0.03229166666666667 0.04537037037037037
2 0.8684895833333334 0.6851851851851852 0.0921875 0.16296296296296298
8 0.89296875 0.6439814814814815 0.058854166666666666 0.22685185185185186
6 0.9705729166666667 0.6481481481481481 0.05677083333333333 0.12037037037037036
1 0.52421875 0.5689814814814815 0.015104166666666667 0.06018518518518518
13 0.5151041666666667 0.5740740740740741 0.01875 0.06851851851851852
1 0.49270833333333336 0.5796296296296296 0.041666666666666664 0.08888888888888889
6 0.5544270833333333 0.6449074074074074 0.04114583333333333 0.11574074074074074
8 0.5544270833333333 0.6087962962962963 0.0390625 0.125
6 0.44088541666666664 0.5712962962962963 0.009895833333333333 0.025925925925925925
8 0.43984375 0.5634259259259259 0.0109375 0.03981481481481482
13 0.4203125 0.5587962962962963 0.03333333333333333 0.06388888888888888
4 0.3966145833333333 0.5777777777777777 0.0390625 0.06296296296296296
7 0.41302083333333334 0.5800925925925926 0.015625 0.0787037037037037
6 0.45598958333333334 0.6199074074074075 0.0296875 0.08425925925925926
8 0.45677083333333335 0.5935185185185186 0.029166666666666667 0.08888888888888889
8 0.45286458333333335 0.5930555555555556 0.030729166666666665 0.08981481481481482
4 0.4640625 0.5388888888888889 0.008333333333333333 0.005555555555555556