1 0.45054659031754296 0.524074074074074 0.015096304008328995 0.016666666666666666
6 0.4562727745965643 0.5421296296296296 0.00989068193649141 0.017592592592592594
8 0.4565330557001562 0.5314814814814814 0.008328995314940135 0.025925925925925925
8 0.4370119729307652 0.5277777777777778 0.00676730869338886 0.020370370370370372
6 0.4333680374804789 0.5393518518518519 0.011972930765226444 0.025
6 0.43779281624154087 0.5875 0.028110359187922956 0.07314814814814814
8 0.444039562727746 0.5694444444444444 0.01353461738677772 0.07222222222222222
8 0.4362311296199896 0.5703703703703704 0.02394586153045289 0.07407407407407407
8 0.41983342009370117 0.5527777777777778 0.007808433107756377 0.03148148148148148
8 0.4174908901613743 0.5685185185185185 0.014575741801145237 0.07037037037037037
6 0.41697032795419053 0.5990740740740741 0.018740239458615304 0.044444444444444446
1 0.39198334200937013 0.5888888888888889 0.04476834981780323 0.12777777777777777
10 0.2579385736595523 0.4152777777777778 0.01717855283706403 0.04537037037037037
9 0.34044768349817806 0.39675925925925926 0.01353461738677772 0.06574074074074074
1 0.32561166059344093 0.6231481481481481 0.10255075481520042 0.2111111111111111
6 0.38547631441957314 0.6819444444444445 0.06298802706923477 0.20462962962962963
8 0.38781884435190006 0.6458333333333334 0.059344091618948464 0.24166666666666667
1 0.15720978656949505 0.7587962962962963 0.27173347214992194 0.475
3 0.7961998958875586 0.4976851851851852 0.05674128058302967 0.06944444444444445
3 0.758719416970328 0.475 0.022384174908901613 0.12037037037037036
4 0.7829255596043727 0.5194444444444445 0.029151483602290473 0.03148148148148148
1 0.8024466423737636 0.5189814814814815 0.02654867256637168 0.041666666666666664
4 0.8336803748047892 0.524537037037037 0.031754294638209266 0.03981481481481482
13 0.9130661114003124 0.5300925925925926 0.17074440395627277 0.2490740740740741
10 0.7800624674648621 0.38287037037037036 0.03071317022384175 0.07685185185185185
3 0.6064549713690786 0.5092592592592593 0.29776158250910983 0.4777777777777778
4 0.7732951587714731 0.7611111111111111 0.44820406038521604 0.4740740740740741
8 0.8430504945340969 0.5310185185185186 0.04112441436751692 0.04537037037037037