13 0.5447916666666667 0.5199074074074074 0.01875 0.030555555555555555
3 0.5283854166666667 0.5208333333333334 0.015104166666666667 0.026851851851851852
4 0.55078125 0.5310185185185186 0.011979166666666667 0.021296296296296296
3 0.5127604166666667 0.5171296296296296 0.016145833333333335 0.023148148148148147
1 0.5130208333333334 0.5300925925925926 0.009375 0.019444444444444445
6 0.56015625 0.5425925925925926 0.005729166666666666 0.012962962962962963
8 0.56015625 0.5361111111111111 0.009895833333333333 0.020370370370370372
3 0.5765625 0.5125 0.020833333333333332 0.01574074074074074
3 0.6125 0.5166666666666667 0.019791666666666666 0.024074074074074074
4 0.61171875 0.5226851851851851 0.009895833333333333 0.012037037037037037
4 0.62421875 0.5282407407407408 0.0140625 0.019444444444444445
4 0.6552083333333333 0.5319444444444444 0.016666666666666666 0.025
4 0.67890625 0.538425925925926 0.027604166666666666 0.032407407407407406
4 0.7075520833333333 0.5435185185185185 0.028645833333333332 0.03148148148148148
4 0.7638020833333333 0.5425925925925926 0.03697916666666667 0.03148148148148148
8 0.8041666666666667 0.5370370370370371 0.015625 0.022222222222222223
13 0.9869791666666666 0.549537037037037 0.023958333333333335 0.1175925925925926
4 0.6752604166666667 0.5143518518518518 0.0109375 0.012037037037037037
4 0.60859375 0.5708333333333333 0.043229166666666666 0.06018518518518518
6 0.5825520833333333 0.5847222222222223 0.0171875 0.04722222222222222
8 0.5830729166666667 0.5703703703703704 0.0171875 0.06111111111111111
4 0.8205729166666667 0.6986111111111111 0.27239583333333334 0.30833333333333335
8 0.5252604166666667 0.5291666666666667 0.0046875 0.008333333333333333
8 0.5184895833333333 0.5314814814814814 0.005729166666666666 0.016666666666666666
8 0.5182291666666666 0.5398148148148149 0.004166666666666667 0.018518518518518517
2 0.5182291666666666 0.5486111111111112 0.003125 0.017592592592592594
4 0.5299479166666666 0.5518518518518518 0.024479166666666666 0.037037037037037035
13 0.49921875 0.5203703703703704 0.008854166666666666 0.012962962962962963
13 0.4890625 0.5208333333333334 0.0125 0.013888888888888888
1 0.46145833333333336 0.5236111111111111 0.009375 0.012037037037037037
4 0.46328125 0.5268518518518519 0.0078125 0.012962962962962963
7 0.48151041666666666 0.524537037037037 0.0026041666666666665 0.013888888888888888
7 0.47708333333333336 0.524074074074074 0.003125 0.012962962962962963
6 0.49166666666666664 0.5388888888888889 0.004166666666666667 0.011111111111111112
8 0.49192708333333335 0.5342592592592592 0.0046875 0.018518518518518517
8 0.47213541666666664 0.5337962962962963 0.0036458333333333334 0.013888888888888888
6 0.47239583333333335 0.5393518518518519 0.003125 0.008333333333333333
8 0.46510416666666665 0.5333333333333333 0.005208333333333333 0.012962962962962963
6 0.465625 0.5388888888888889 0.003125 0.009259259259259259
14 0.4479166666666667 0.5314814814814814 0.005208333333333333 0.016666666666666666
6 0.45364583333333336 0.5370370370370371 0.005208333333333333 0.012962962962962963
8 0.4544270833333333 0.5342592592592592 0.005729166666666666 0.016666666666666666
13 0.4354166666666667 0.5277777777777778 0.027083333333333334 0.025925925925925925
13 0.43046875 0.5282407407407408 0.0234375 0.025
7 0.4348958333333333 0.5402777777777777 0.005208333333333333 0.021296296296296296
6 0.4739583333333333 0.5893518518518519 0.023958333333333335 0.06944444444444445
8 0.4739583333333333 0.5763888888888888 0.019791666666666666 0.06944444444444445
4 0.40260416666666665 0.5513888888888889 0.023958333333333335 0.03425925925925926
6 0.37838541666666664 0.5444444444444444 0.021354166666666667 0.03148148148148148
6 0.3768229166666667 0.5476851851851852 0.0171875 0.025
7 0.36276041666666664 0.5305555555555556 0.0067708333333333336 0.016666666666666666
4 0.3619791666666667 0.5532407407407407 0.023958333333333335 0.04351851851851852
4 0.23359375 0.5532407407407407 0.058854166666666666 0.049074074074074076
1 0.30755208333333334 0.6046296296296296 0.10364583333333334 0.19814814814814816
7 0.471875 0.524074074074074 0.003125 0.012962962962962963
7 0.46979166666666666 0.524537037037037 0.003125 0.012037037037037037
14 0.4796875 0.5203703703703704 0.007291666666666667 0.012962962962962963
14 0.5598958333333334 0.5157407407407407 0.005208333333333333 0.007407407407407408