1 0.45002602811035913 0.5916666666666667 0.05986465382613222 0.1685185185185185
1 0.6335242061426339 0.5185185185185185 0.018740239458615304 0.02962962962962963
1 0.6681415929203539 0.5199074074074074 0.02654867256637168 0.03981481481481482
7 0.6618948464341489 0.5273148148148148 0.011972930765226446 0.030555555555555555
7 0.6824570536179073 0.524537037037037 0.010411244143675169 0.03611111111111111
7 0.7136907860489328 0.5268518518518519 0.01353461738677772 0.025925925925925925
7 0.8094742321707444 0.5916666666666667 0.03435710567412806 0.13703703703703704
7 0.9664237376366476 0.6587962962962963 0.06298802706923477 0.26944444444444443
7 0.39198334200937013 0.5412037037037037 0.020822488287350338 0.058333333333333334
7 0.4164497657470067 0.611574074074074 0.03435710567412806 0.21574074074074073
6 0.41046330036439355 0.6814814814814815 0.03279541905257678 0.1259259259259259
8 0.40786048932847474 0.6564814814814814 0.04945340968245705 0.25
7 0.3935450286309214 0.6106481481481482 0.04476834981780323 0.15648148148148147
6 0.35424258198854763 0.8046296296296296 0.1462779802186361 0.3888888888888889
7 0.36100989068193645 0.6861111111111111 0.10879750130140552 0.3574074074074074
4 0.747787610619469 0.6726851851851852 0.17126496616345654 0.2675925925925926
4 0.5455491931285789 0.6578703703703703 0.16762103071317022 0.3768518518518518
6 0.6314419573138991 0.8055555555555556 0.14159292035398227 0.37777777777777777
8 0.6350858927641853 0.7277777777777777 0.122852680895367 0.3814814814814815
8 0.6074960957834461 0.7162037037037037 0.0801665799062988 0.3712962962962963