7 0.29192708333333334 0.5884259259259259 0.025520833333333333 0.125
7 0.3059895833333333 0.6023148148148149 0.018229166666666668 0.09166666666666666
7 0.35703125 0.5828703703703704 0.0140625 0.11018518518518519
7 0.34296875 0.5921296296296297 0.016145833333333335 0.1175925925925926
7 0.18541666666666667 0.5976851851851852 0.10520833333333333 0.13240740740740742
7 0.31640625 0.6055555555555555 0.013020833333333334 0.09074074074074075
14 0.571875 0.5458333333333333 0.051041666666666666 0.1175925925925926
7 0.5375 0.5893518518518519 0.013541666666666667 0.09351851851851851
7 0.5286458333333334 0.5791666666666667 0.016666666666666666 0.11018518518518519
4 0.18489583333333334 0.6023148148148149 0.103125 0.1361111111111111
7 0.20833333333333334 0.6152777777777778 0.028125 0.11203703703703703
7 0.21432291666666667 0.6148148148148148 0.0265625 0.1574074074074074
7 0.08802083333333334 0.6189814814814815 0.014583333333333334 0.04351851851851852
6 0.12213541666666666 0.7314814814814815 0.09739583333333333 0.18333333333333332
8 0.11197916666666667 0.6439814814814815 0.06875 0.18055555555555555
6 0.08697916666666666 0.8138888888888889 0.17395833333333333 0.2611111111111111
8 0.03802083333333333 0.7361111111111112 0.07604166666666666 0.32592592592592595
14 0.9221354166666667 0.5180555555555556 0.013020833333333334 0.028703703703703703
14 0.91015625 0.5203703703703704 0.0109375 0.012962962962962963
7 0.93046875 0.5351851851851852 0.0067708333333333336 0.03888888888888889
7 0.92265625 0.5342592592592592 0.005729166666666666 0.03518518518518519
7 0.9315104166666667 0.5393518518518519 0.005729166666666666 0.025
7 0.9278645833333333 0.5425925925925926 0.0067708333333333336 0.024074074074074074
7 0.94296875 0.537962962962963 0.0078125 0.03518518518518519
7 0.95390625 0.5532407407407407 0.015104166666666667 0.0787037037037037
4 0.9760416666666667 0.5337962962962963 0.034375 0.04537037037037037
4 0.8830729166666667 0.5259259259259259 0.0203125 0.024074074074074074
7 0.8828125 0.5537037037037037 0.010416666666666666 0.06481481481481481
7 0.9015625 0.549537037037037 0.0125 0.08055555555555556
7 0.89296875 0.5513888888888889 0.011979166666666667 0.06944444444444445
7 0.8645833333333334 0.5523148148148148 0.013541666666666667 0.075
7 0.8416666666666667 0.5537037037037037 0.014583333333333334 0.07222222222222222
7 0.8546875 0.5486111111111112 0.009375 0.075
6 0.8158854166666667 0.5694444444444444 0.0484375 0.05185185185185185
7 0.828125 0.5273148148148148 0.008333333333333333 0.032407407407407406
7 0.81953125 0.5611111111111111 0.015104166666666667 0.0962962962962963
7 0.82890625 0.5689814814814815 0.015104166666666667 0.0787037037037037
7 0.8005208333333333 0.5351851851851852 0.013541666666666667 0.04814814814814815
6 0.7809895833333333 0.5726851851851852 0.03697916666666667 0.058333333333333334
7 0.7828125 0.5342592592592592 0.013541666666666667 0.046296296296296294
7 0.765625 0.5486111111111112 0.015625 0.09722222222222222
7 0.7546875 0.5509259259259259 0.0125 0.08518518518518518
4 0.7239583333333334 0.5523148148148148 0.042708333333333334 0.075
7 0.7450520833333333 0.549537037037037 0.013020833333333334 0.08611111111111111
4 0.6669270833333333 0.5574074074074075 0.08489583333333334 0.06851851851851852
6 0.66484375 0.5708333333333333 0.044270833333333336 0.05648148148148148
7 0.6255208333333333 0.5703703703703704 0.03229166666666667 0.06666666666666667
7 0.6559895833333333 0.5712962962962963 0.0234375 0.06666666666666667
6 0.62734375 0.5587962962962963 0.016145833333333335 0.021296296296296296
4 0.9934895833333334 0.5884259259259259 0.0109375 0.075