14 0.8008849557522124 0.4981481481481482 0.3971889640812077 0.9962962962962963
7 0.17516918271733473 0.5097222222222222 0.014055179593961478 0.023148148148148147
7 0.1967725143154607 0.5115740740740741 0.01353461738677772 0.04722222222222222
7 0.2368558042686101 0.5564814814814815 0.017699115044247787 0.06111111111111111
6 0.3508589276418532 0.6810185185185185 0.059344091618948464 0.15648148148148147
6 0.439614783966684 0.5361111111111111 0.008849557522123894 0.025925925925925925
6 0.45809474232170744 0.5532407407407407 0.018740239458615304 0.03981481481481482
8 0.3482561166059344 0.624537037037037 0.052056220718375845 0.1787037037037037
8 0.3446121811556481 0.6189814814814815 0.05413846954711088 0.19907407407407407
8 0.4586153045288912 0.5365740740740741 0.015616866215512754 0.049074074074074076
8 0.4398750650702759 0.5194444444444445 0.010411244143675169 0.02962962962962963
8 0.45757418011452367 0.5347222222222222 0.018740239458615304 0.05092592592592592
4 0.4994794377928162 0.5592592592592592 0.07339927121290994 0.0962962962962963
13 0.5296720458094742 0.5092592592592593 0.07339927121290994 0.13333333333333333
4 0.4510671525247267 0.5138888888888888 0.011972930765226444 0.012962962962962963
4 0.45783446121811555 0.5328703703703703 0.0338365434669443 0.04722222222222222
13 0.4109838625715773 0.5037037037037037 0.034877667881311816 0.08333333333333333
14 0.4336283185840708 0.49583333333333335 0.007287870900572618 0.006481481481481481
4 0.431025507548152 0.5125 0.007287870900572618 0.019444444444444445
14 0.4312857886517439 0.49953703703703706 0.00676730869338886 0.006481481481481481
14 0.437532535137949 0.5009259259259259 0.005726184279021343 0.003703703703703704
14 0.4422175950026028 0.5 0.003643935450286309 0.003703703703703704
1 0.4372722540343571 0.5083333333333333 0.006246746486205101 0.011111111111111112
13 0.4950546590317543 0.475462962962963 0.03956272774596564 0.08055555555555556
13 0.47319104633003645 0.4861111111111111 0.021863612701717855 0.05
7 0.2571577303487767 0.5351851851851852 0.014575741801145237 0.025925925925925925
13 0.6218115564809995 0.4949074074074074 0.025507548152004164 0.06018518518518518