14 0.4708485163977095 0.5199074074074074 0.005726184279021343 0.008333333333333333
14 0.47319104633003645 0.5208333333333334 0.004164497657470068 0.008333333333333333
14 0.47683498178032274 0.5138888888888888 0.004164497657470068 0.007407407407407408
14 0.48178032274856847 0.5185185185185185 0.004685059864653826 0.011111111111111112
14 0.48594482040603854 0.5180555555555556 0.005726184279021343 0.013888888888888888
3 0.4994794377928162 0.5175925925925926 0.027589796980739198 0.04814814814814815
13 0.5866736074960958 0.5083333333333333 0.092660072878709 0.1648148148148148
7 0.7475273295158772 0.5625 0.017699115044247787 0.08055555555555556
14 0.4469026548672566 0.513425925925926 0.004685059864653826 0.017592592592592594
13 0.4409161894846434 0.5148148148148148 0.009370119729307652 0.024074074074074074
6 0.44299843831337843 0.5268518518518519 0.0031233732431025507 0.009259259259259259
8 0.4422175950026028 0.5217592592592593 0.005726184279021343 0.012037037037037037
13 0.45679333680374806 0.5152777777777777 0.02030192608016658 0.04722222222222222
4 0.46330036439354505 0.5287037037037037 0.018740239458615304 0.03333333333333333
4 0.4213951067152525 0.5282407407407408 0.010931806350858927 0.019444444444444445
6 0.4338885996876627 0.5333333333333333 0.00989068193649141 0.022222222222222223
8 0.4338885996876627 0.5282407407407408 0.005726184279021343 0.025
8 0.4323269130661114 0.5273148148148148 0.00989068193649141 0.025
7 0.40916189484643417 0.5314814814814814 0.007287870900572618 0.03333333333333333
6 0.3984903695991671 0.5509259259259259 0.014055179593961478 0.03888888888888889
8 0.398750650702759 0.5361111111111111 0.015616866215512754 0.05
4 0.24362311296199896 0.5412037037037037 0.038521603331598125 0.05648148148148148
4 0.14081207704320667 0.5504629629629629 0.14107235814679855 0.10833333333333334
4 0.16762103071317022 0.5884259259259259 0.10515356585111921 0.11944444444444445
7 0.028370640291514836 0.5342592592592592 0.011972930765226444 0.024074074074074074
13 0.8748047891723061 0.5092592592592593 0.04945340968245705 0.08148148148148149