13 0.471875 0.4935185185185185 0.026041666666666668 0.03333333333333333
3 0.42994791666666665 0.4976851851851852 0.0234375 0.026851851851851852
4 0.4661458333333333 0.5050925925925925 0.036458333333333336 0.021296296296296296
4 0.47213541666666664 0.5324074074074074 0.0609375 0.05
4 0.4856770833333333 0.5712962962962963 0.0890625 0.07222222222222222
13 0.5096354166666667 0.5375 0.0296875 0.06388888888888888
4 0.53125 0.5296296296296297 0.0125 0.03518518518518519
1 0.54453125 0.5430555555555555 0.0234375 0.06388888888888888
4 0.6473958333333333 0.6050925925925926 0.017708333333333333 0.09166666666666666
1 0.5932291666666667 0.6185185185185185 0.1 0.2222222222222222
4 0.43697916666666664 0.5310185185185186 0.016666666666666666 0.03981481481481482
1 0.4231770833333333 0.5273148148148148 0.0140625 0.041666666666666664
1 0.40911458333333334 0.5268518518518519 0.0328125 0.044444444444444446
1 0.3765625 0.5680555555555555 0.057291666666666664 0.12685185185185185
1 0.29973958333333334 0.6092592592592593 0.11197916666666667 0.2
7 0.23567708333333334 0.5319444444444444 0.0140625 0.0712962962962963
6 0.21692708333333333 0.5763888888888888 0.050520833333333334 0.09166666666666666
6 0.19817708333333334 0.5851851851851851 0.0578125 0.09074074074074075
6 0.14114583333333333 0.6953703703703704 0.09375 0.19814814814814816
8 0.15755208333333334 0.6203703703703703 0.04010416666666667 0.2
8 0.13984375 0.6319444444444444 0.08072916666666667 0.2101851851851852
6 0.046875 0.5967592592592592 0.09375 0.12314814814814815
4 0.45651041666666664 0.725925925925926 0.23802083333333332 0.3574074074074074
6 0.9223958333333333 0.8893518518518518 0.134375 0.21574074074074073
8 0.9341145833333333 0.8805555555555555 0.13072916666666667 0.23703703703703705
10 0.8286458333333333 0.41203703703703703 0.016666666666666666 0.05185185185185185
8 0.5138020833333333 0.5393518518518519 0.015104166666666667 0.049074074074074076
8 0.51328125 0.5402777777777777 0.0171875 0.05092592592592592
6 0.7455729166666667 0.5768518518518518 0.018229166666666668 0.05555555555555555
6 0.7859375 0.575925925925926 0.017708333333333333 0.05925925925925926
6 0.8010416666666667 0.5800925925925926 0.030208333333333334 0.06574074074074074
6 0.8265625 0.5925925925925926 0.05 0.06481481481481481
6 0.8713541666666667 0.5861111111111111 0.019791666666666666 0.07222222222222222
4 0.41015625 0.5375 0.019270833333333334 0.032407407407407406