14 0.5856770833333333 0.1476851851851852 0.0171875 0.11944444444444445
9 0.47994791666666664 0.3699074074074074 0.016145833333333335 0.012037037037037037
7 0.03984375 0.6337962962962963 0.0796875 0.41944444444444445
7 0.225 0.5231481481481481 0.01875 0.08518518518518518
7 0.26588541666666665 0.5393518518518519 0.016145833333333335 0.09537037037037037
7 0.046875 0.763425925925926 0.08541666666666667 0.4675925925925926
7 0.18203125 0.5666666666666667 0.05364583333333333 0.13148148148148148
6 0.24140625 0.6601851851851852 0.0265625 0.22592592592592592
7 0.1109375 0.7611111111111111 0.09375 0.4740740740740741
7 0.17760416666666667 0.7462962962962963 0.0625 0.5018518518518519
7 0.21875 0.7662037037037037 0.096875 0.4583333333333333
7 0.290625 0.7523148148148148 0.08333333333333333 0.49166666666666664
7 0.2877604166666667 0.5111111111111111 0.018229166666666668 0.046296296296296294
7 0.3065104166666667 0.5351851851851852 0.0171875 0.05
7 0.334375 0.7087962962962963 0.07604166666666666 0.4546296296296296
7 0.353125 0.5638888888888889 0.021875 0.0962962962962963
7 0.3703125 0.5319444444444444 0.01875 0.058333333333333334
7 0.37916666666666665 0.524537037037037 0.0125 0.05277777777777778
1 0.35572916666666665 0.5273148148148148 0.028125 0.06018518518518518
7 0.3932291666666667 0.513425925925926 0.011458333333333333 0.030555555555555555
7 0.40078125 0.5087962962962963 0.0078125 0.026851851851851852
13 0.4708333333333333 0.49537037037037035 0.021875 0.020370370370370372
4 0.4354166666666667 0.5574074074074075 0.10104166666666667 0.12037037037037036
8 0.47265625 0.5569444444444445 0.008854166666666666 0.07685185185185185
8 0.45729166666666665 0.5370370370370371 0.016666666666666666 0.06851851851851852
8 0.42942708333333335 0.5217592592592593 0.018229166666666668 0.058333333333333334
8 0.42994791666666665 0.5564814814814815 0.024479166666666666 0.09259259259259259
6 0.42135416666666664 0.5777777777777777 0.0125 0.09074074074074075
6 0.4432291666666667 0.7194444444444444 0.06770833333333333 0.2462962962962963
8 0.4466145833333333 0.6388888888888888 0.07552083333333333 0.25
6 0.3723958333333333 0.5527777777777778 0.008333333333333333 0.016666666666666666
8 0.38203125 0.5958333333333333 0.024479166666666666 0.14722222222222223
6 0.39348958333333334 0.6412037037037037 0.04739583333333333 0.18055555555555555
8 0.3932291666666667 0.5925925925925926 0.046875 0.17407407407407408
6 0.5065104166666666 0.8351851851851851 0.1140625 0.3277777777777778
8 0.5013020833333334 0.7129629629629629 0.10989583333333333 0.35555555555555557
3 0.7361979166666667 0.5 0.5265625 0.9981481481481481
13 0.44036458333333334 0.4976851851851852 0.03802083333333333 0.08425925925925926