7 0.5026041666666666 0.5509259259259259 0.00625 0.022222222222222223
4 0.5330729166666667 0.5574074074074075 0.008854166666666666 0.02962962962962963
4 0.5559895833333334 0.5564814814814815 0.043229166666666666 0.03518518518518519
4 0.5588541666666667 0.5712962962962963 0.04375 0.05185185185185185
8 0.6325520833333333 0.5671296296296297 0.018229166666666668 0.05277777777777778
6 0.6361979166666667 0.5907407407407408 0.0109375 0.03518518518518519
8 0.6588541666666666 0.5958333333333333 0.03229166666666667 0.10833333333333334
6 0.6580729166666667 0.6194444444444445 0.0328125 0.09814814814814815
1 0.71796875 0.5393518518518519 0.021354166666666667 0.030555555555555555
6 0.6958333333333333 0.5467592592592593 0.011458333333333333 0.017592592592592594
3 0.7841145833333333 0.5268518518518519 0.08385416666666666 0.07777777777777778
7 0.8216145833333334 0.5430555555555555 0.018229166666666668 0.049074074074074076
6 0.5533854166666666 0.5995370370370371 0.018229166666666668 0.05092592592592592
8 0.5541666666666667 0.5745370370370371 0.020833333333333332 0.06574074074074074
7 0.5393229166666667 0.612037037037037 0.016145833333333335 0.09259259259259259
4 0.4666666666666667 0.5634259259259259 0.03229166666666667 0.03981481481481482
14 0.475 0.5319444444444444 0.014583333333333334 0.03425925925925926
7 0.5075520833333333 0.5583333333333333 0.0109375 0.022222222222222223
7 0.5184895833333333 0.5962962962962963 0.024479166666666666 0.11481481481481481
7 0.4942708333333333 0.5444444444444444 0.008333333333333333 0.024074074074074074
7 0.4934895833333333 0.6060185185185185 0.025520833333333333 0.14537037037037037
7 0.4713541666666667 0.5712962962962963 0.0125 0.03518518518518519
6 0.5890625 0.7333333333333333 0.09791666666666667 0.2814814814814815
8 0.5859375 0.6472222222222223 0.07916666666666666 0.25
8 0.5934895833333333 0.6675925925925926 0.09427083333333333 0.22962962962962963
7 0.47760416666666666 0.6476851851851851 0.021875 0.15833333333333333
7 0.4557291666666667 0.6319444444444444 0.020833333333333332 0.18981481481481483
7 0.4361979166666667 0.6171296296296296 0.0265625 0.14907407407407408
7 0.4158854166666667 0.6129629629629629 0.018229166666666668 0.1537037037037037
7 0.40208333333333335 0.6148148148148148 0.020833333333333332 0.1537037037037037
7 0.38515625 0.6208333333333333 0.028645833333333332 0.1398148148148148
7 0.36432291666666666 0.5875 0.022395833333333334 0.10833333333333334
4 0.29401041666666666 0.6037037037037037 0.034895833333333334 0.08148148148148149
6 0.33203125 0.6685185185185185 0.1234375 0.13703703703703704
8 0.3184895833333333 0.6361111111111111 0.04635416666666667 0.21666666666666667
7 0.24609375 0.5537037037037037 0.009895833333333333 0.03518518518518519
7 0.26666666666666666 0.6171296296296296 0.036458333333333336 0.1675925925925926
7 0.21927083333333333 0.6023148148148149 0.01875 0.1287037037037037
7 0.2390625 0.5986111111111111 0.027083333333333334 0.12685185185185185
4 0.11640625 0.6430555555555556 0.11822916666666666 0.19722222222222222
7 0.16901041666666666 0.6398148148148148 0.034895833333333334 0.22407407407407406
7 0.14348958333333334 0.6430555555555556 0.03697916666666667 0.2361111111111111
7 0.19348958333333333 0.637962962962963 0.044270833333333336 0.2537037037037037
6 0.2296875 0.6976851851851852 0.11875 0.18611111111111112
7 0.01015625 0.5611111111111111 0.016145833333333335 0.024074074074074074
4 0.034895833333333334 0.6671296296296296 0.06979166666666667 0.1935185185185185
4 0.953125 0.5879629629629629 0.08958333333333333 0.16111111111111112
7 0.96796875 0.6578703703703703 0.03802083333333333 0.2324074074074074
7 0.9416666666666667 0.6601851851851852 0.08229166666666667 0.29444444444444445
7 0.9872395833333333 0.6925925925925925 0.021354166666666667 0.22592592592592592
13 0.81875 0.5328703703703703 0.053125 0.06388888888888888