6 0.24375 0.7509259259259259 0.115625 0.2833333333333333
8 0.24296875 0.6708333333333333 0.0765625 0.27314814814814814
10 0.3255208333333333 0.5361111111111111 0.015625 0.016666666666666666
4 0.44192708333333336 0.5236111111111111 0.005729166666666666 0.008333333333333333
4 0.4473958333333333 0.524537037037037 0.005208333333333333 0.006481481481481481
4 0.48125 0.5277777777777778 0.00625 0.009259259259259259
6 0.49296875 0.5342592592592592 0.0036458333333333334 0.009259259259259259
8 0.49296875 0.5310185185185186 0.0036458333333333334 0.012037037037037037
10 0.4591145833333333 0.5152777777777777 0.0015625 0.004629629629629629
10 0.4640625 0.5157407407407407 0.0020833333333333333 0.003703703703703704
10 0.4705729166666667 0.5152777777777777 0.0015625 0.004629629629629629
10 0.47578125 0.5152777777777777 0.0015625 0.004629629629629629
13 0.4825520833333333 0.5203703703703704 0.011979166666666667 0.014814814814814815
13 0.50234375 0.5222222222222223 0.013020833333333334 0.020370370370370372
4 0.5111979166666667 0.5324074074074074 0.009895833333333333 0.014814814814814815
10 0.5088541666666667 0.5138888888888888 0.0020833333333333333 0.005555555555555556
10 0.5127604166666667 0.5143518518518518 0.0026041666666666665 0.006481481481481481
10 0.5286458333333334 0.512962962962963 0.003125 0.007407407407407408
10 0.534375 0.5115740740740741 0.003125 0.006481481481481481
10 0.5395833333333333 0.5106481481481482 0.003125 0.006481481481481481
10 0.5486979166666667 0.5083333333333333 0.0036458333333333334 0.009259259259259259
10 0.5520833333333334 0.5069444444444444 0.004166666666666667 0.008333333333333333
10 0.5614583333333333 0.5125 0.003125 0.006481481481481481
10 0.55625 0.5148148148148148 0.0020833333333333333 0.005555555555555556
10 0.5684895833333333 0.512962962962963 0.0015625 0.005555555555555556
13 0.6450520833333333 0.5217592592592593 0.0453125 0.075
4 0.5442708333333334 0.5537037037037037 0.04583333333333333 0.07037037037037037