14 0.4421875 0.4083333333333333 0.009375 0.014814814814814815
3 0.46119791666666665 0.4 0.019270833333333334 0.044444444444444446
6 0.4510416666666667 0.41898148148148145 0.007291666666666667 0.017592592592592594
8 0.44973958333333336 0.4046296296296296 0.008854166666666666 0.022222222222222223
7 0.46536458333333336 0.4166666666666667 0.0109375 0.04814814814814815
4 0.42265625 0.412962962962963 0.009895833333333333 0.02962962962962963
13 0.4005208333333333 0.39675925925925926 0.03958333333333333 0.07685185185185185
4 0.39427083333333335 0.4152777777777778 0.019791666666666666 0.05092592592592592
4 0.3854166666666667 0.4236111111111111 0.015625 0.058333333333333334
3 0.36432291666666666 0.399537037037037 0.03177083333333333 0.1361111111111111
3 0.28567708333333336 0.39351851851851855 0.14010416666666667 0.23148148148148148
4 0.23463541666666668 0.49398148148148147 0.12760416666666666 0.175
4 0.10338541666666666 0.5731481481481482 0.20677083333333332 0.3111111111111111
10 0.1640625 0.3416666666666667 0.028125 0.05