4 0.048177083333333336 0.6592592592592592 0.05677083333333333 0.19074074074074074
6 0.21640625 0.6310185185185185 0.058854166666666666 0.06944444444444445
8 0.21640625 0.6189814814814815 0.025520833333333333 0.08981481481481482
3 0.9786458333333333 0.5578703703703703 0.03958333333333333 0.19907407407407407
6 0.9166666666666666 0.6347222222222222 0.06666666666666667 0.08981481481481482
8 0.9171875 0.6078703703703704 0.021875 0.09907407407407408
8 0.9325520833333333 0.6074074074074074 0.022395833333333334 0.10555555555555556
3 0.5604166666666667 0.5592592592592592 0.596875 0.29074074074074074
6 0.7674479166666667 0.6731481481481482 0.09322916666666667 0.11666666666666667
8 0.7713541666666667 0.6324074074074074 0.036458333333333336 0.14814814814814814
6 0.6075520833333333 0.7648148148148148 0.12447916666666667 0.21481481481481482
8 0.5934895833333333 0.663425925925926 0.0921875 0.18981481481481483
6 0.28489583333333335 0.6976851851851852 0.07604166666666666 0.1398148148148148
8 0.3109375 0.6560185185185186 0.052083333333333336 0.19722222222222222
4 0.44817708333333334 0.7930555555555555 0.3151041666666667 0.4083333333333333
7 0.9755208333333333 0.6847222222222222 0.04479166666666667 0.23981481481481481