1 0.4356770833333333 0.38425925925925924 0.0296875 0.09074074074074075
7 0.45755208333333336 0.3837962962962963 0.009895833333333333 0.04351851851851852
7 0.48046875 0.38842592592592595 0.013020833333333334 0.06388888888888888
7 0.5330729166666667 0.4097222222222222 0.025520833333333333 0.11203703703703703
6 0.5890625 0.43148148148148147 0.040625 0.1
6 0.6609375 0.4212962962962963 0.035416666666666666 0.05925925925925926
8 0.6533854166666667 0.4013888888888889 0.018229166666666668 0.10092592592592593
6 0.6713541666666667 0.38657407407407407 0.019791666666666666 0.023148148148148147
6 0.7479166666666667 0.4 0.04479166666666667 0.07222222222222222
7 0.7973958333333333 0.48842592592592593 0.0875 0.5064814814814815
7 0.8583333333333333 0.4898148148148148 0.08333333333333333 0.4962962962962963
6 0.9513020833333333 0.6013888888888889 0.09635416666666667 0.22870370370370371
7 0.94296875 0.5032407407407408 0.11302083333333333 0.5916666666666667
1 0.4161458333333333 0.387037037037037 0.007291666666666667 0.018518518518518517
6 0.41015625 0.3907407407407407 0.0078125 0.020370370370370372
8 0.41041666666666665 0.38472222222222224 0.00625 0.023148148148148147
3 0.3859375 0.3763888888888889 0.042708333333333334 0.075
6 0.39765625 0.40370370370370373 0.011979166666666667 0.03518518518518519
8 0.3997395833333333 0.39305555555555555 0.005729166666666666 0.03425925925925926
8 0.39739583333333334 0.39490740740740743 0.010416666666666666 0.03981481481481482
4 0.35208333333333336 0.4009259259259259 0.03125 0.044444444444444446
13 0.3020833333333333 0.3907407407407407 0.06145833333333333 0.1259259259259259
6 0.33046875 0.45601851851851855 0.0328125 0.09166666666666666
8 0.3299479166666667 0.42777777777777776 0.03177083333333333 0.1037037037037037
4 0.33567708333333335 0.3907407407407407 0.0078125 0.009259259259259259
7 0.225 0.3875 0.005208333333333333 0.012037037037037037
4 0.18958333333333333 0.3972222222222222 0.029166666666666667 0.025925925925925925
8 0.21901041666666668 0.39305555555555555 0.0036458333333333334 0.012037037037037037
4 0.16901041666666666 0.4305555555555556 0.06510416666666667 0.07592592592592592
13 0.07630208333333334 0.40370370370370373 0.0546875 0.08703703703703704
6 0.09739583333333333 0.42083333333333334 0.014583333333333334 0.04351851851851852
4 0.0453125 0.41574074074074074 0.04479166666666667 0.06111111111111111
7 0.23072916666666668 0.38287037037037036 0.004166666666666667 0.008333333333333333
6 0.27630208333333334 0.5060185185185185 0.044270833333333336 0.12129629629629629
8 0.27239583333333334 0.46296296296296297 0.042708333333333334 0.17037037037037037
6 0.23776041666666667 0.5740740740740741 0.0890625 0.24444444444444444
8 0.23333333333333334 0.5050925925925925 0.07395833333333333 0.24166666666666667
4 0.032552083333333336 0.5199074074074074 0.0640625 0.2064814814814815
4 0.12630208333333334 0.4166666666666667 0.016145833333333335 0.02962962962962963
7 0.4635416666666667 0.3824074074074074 0.00625 0.03333333333333333
7 0.20494791666666667 0.3976851851851852 0.0067708333333333336 0.023148148148148147
6 0.21901041666666668 0.399537037037037 0.0046875 0.010185185185185186