13 0.301665799062988 0.5254629629629629 0.00989068193649141 0.023148148148148147
13 0.48542425819885476 0.549537037037037 0.027589796980739198 0.10648148148148148
7 0.6483602290473711 0.5986111111111111 0.03279541905257678 0.15462962962962962
6 0.28422696512233214 0.6037037037037037 0.015616866215512754 0.06851851851851852
8 0.29359708485163977 0.5699074074074074 0.021863612701717855 0.0712962962962963
6 0.2602811035918792 0.6986111111111111 0.05413846954711088 0.18425925925925926
8 0.2610619469026549 0.6013888888888889 0.055700156168662154 0.14722222222222223
6 0.22644456012493494 0.8180555555555555 0.13118167621030713 0.36018518518518516
8 0.2217595002602811 0.7967592592592593 0.122852680895367 0.4009259259259259
7 0.03643935450286309 0.6800925925925926 0.07287870900572618 0.3472222222222222
6 0.10437272254034358 0.7856481481481481 0.13378448724622594 0.3990740740740741
4 0.39432587194169705 0.6865740740740741 0.2295679333680375 0.41388888888888886
6 0.8042686100989068 0.6476851851851851 0.10827693909422176 0.13425925925925927
8 0.8107756376887038 0.6277777777777778 0.04112441436751692 0.17592592592592593
3 0.9778761061946902 0.5717592592592593 0.022384174908901613 0.11944444444444445
4 0.943779281624154 0.5643518518518519 0.08328995314940135 0.14907407407407408
1 0.9312857886517438 0.6064814814814815 0.06871421134825612 0.15
7 0.7535137948984904 0.5879629629629629 0.018219677251431546 0.046296296296296294
7 0.7313899010931806 0.5898148148148148 0.020822488287350338 0.037037037037037035