6 0.1234375 0.5106481481481482 0.01875 0.06759259259259259
6 0.21145833333333333 0.5212962962962963 0.04791666666666667 0.07222222222222222
13 0.22838541666666667 0.4699074074074074 0.10364583333333334 0.13425925925925927
6 0.14505208333333333 0.5148148148148148 0.025520833333333333 0.037037037037037035
8 0.14505208333333333 0.5023148148148148 0.018229166666666668 0.04722222222222222
6 0.32057291666666665 0.49722222222222223 0.044270833333333336 0.04814814814814815
8 0.31744791666666666 0.4837962962962963 0.015104166666666667 0.058333333333333334
7 0.33567708333333335 0.47824074074074074 0.0078125 0.025
6 0.35130208333333335 0.5027777777777778 0.019270833333333334 0.04259259259259259
8 0.3484375 0.4888888888888889 0.016666666666666666 0.05925925925925926
6 0.3765625 0.5120370370370371 0.036458333333333336 0.08333333333333333
8 0.37890625 0.475462962962963 0.018229166666666668 0.06759259259259259
8 0.37734375 0.4787037037037037 0.011979166666666667 0.04259259259259259
8 0.3729166666666667 0.4888888888888889 0.03229166666666667 0.09444444444444444
13 0.41822916666666665 0.4685185185185185 0.07395833333333333 0.10925925925925926
13 0.46041666666666664 0.43842592592592594 0.07708333333333334 0.12129629629629629
4 0.5229166666666667 0.48009259259259257 0.04791666666666667 0.06944444444444445
8 0.546875 0.4722222222222222 0.008333333333333333 0.018518518518518517
1 0.5541666666666667 0.4726851851851852 0.013541666666666667 0.023148148148148147
4 0.45755208333333336 0.5287037037037037 0.10677083333333333 0.1537037037037037
6 0.446875 0.6402777777777777 0.08229166666666667 0.27314814814814814
8 0.4453125 0.5675925925925925 0.07291666666666667 0.25
6 0.5815104166666667 0.5162037037037037 0.022395833333333334 0.08981481481481482
8 0.5791666666666667 0.4546296296296296 0.01875 0.03888888888888889
6 0.6190104166666667 0.4930555555555556 0.028645833333333332 0.06388888888888888
6 0.5955729166666667 0.5412037037037037 0.03177083333333333 0.10648148148148148
8 0.5955729166666667 0.4986111111111111 0.0328125 0.12685185185185185
8 0.59453125 0.5032407407407408 0.0359375 0.1398148148148148
6 0.559375 0.5828703703703704 0.05625 0.14722222222222223
8 0.56171875 0.5296296296296297 0.05364583333333333 0.17407407407407408
4 0.7015625 0.5819444444444445 0.18229166666666666 0.2898148148148148
7 0.7544270833333333 0.45555555555555555 0.008854166666666666 0.025925925925925925
7 0.7614583333333333 0.4546296296296296 0.008333333333333333 0.022222222222222223
7 0.7700520833333333 0.4546296296296296 0.008854166666666666 0.022222222222222223
7 0.77890625 0.4546296296296296 0.011979166666666667 0.020370370370370372
7 0.790625 0.4587962962962963 0.009375 0.03796296296296296
7 0.79921875 0.475462962962963 0.013020833333333334 0.06388888888888888
7 0.809375 0.4675925925925926 0.0125 0.06666666666666667
6 0.8174479166666667 0.48842592592592593 0.0421875 0.03981481481481482
7 0.8330729166666667 0.4722222222222222 0.011979166666666667 0.07037037037037037
10 0.24973958333333332 0.38055555555555554 0.04739583333333333 0.06296296296296296
9 0.24661458333333333 0.2611111111111111 0.0234375 0.11851851851851852
1 0.02265625 0.8944444444444445 0.0453125 0.20925925925925926
8 0.6283854166666667 0.45416666666666666 0.016145833333333335 0.032407407407407406