7 0.33880208333333334 0.5842592592592593 0.0078125 0.04259259259259259
7 0.3729166666666667 0.5777777777777777 0.009375 0.04259259259259259
14 0.35833333333333334 0.5902777777777778 0.028125 0.05092592592592592
6 0.38359375 0.6106481481481482 0.0359375 0.04537037037037037
13 0.2955729166666667 0.5634259259259259 0.0203125 0.04537037037037037
7 0.3033854166666667 0.5782407407407407 0.0036458333333333334 0.025
6 0.30625 0.5814814814814815 0.005208333333333333 0.024074074074074074
8 0.3072916666666667 0.5726851851851852 0.008333333333333333 0.017592592592592594
7 0.3138020833333333 0.5921296296296297 0.013020833333333334 0.062037037037037036
7 0.32916666666666666 0.5921296296296297 0.015625 0.06759259259259259
7 0.32109375 0.5995370370370371 0.011979166666666667 0.062037037037037036
14 0.4705729166666667 0.5953703703703703 0.0734375 0.12777777777777777
14 0.515625 0.625462962962963 0.11666666666666667 0.1935185185185185
7 0.43645833333333334 0.6240740740740741 0.028125 0.15
7 0.5369791666666667 0.6398148148148148 0.03333333333333333 0.17222222222222222
6 0.48984375 0.6731481481481482 0.0890625 0.12407407407407407
8 0.48359375 0.6351851851851852 0.033854166666666664 0.14074074074074075
6 0.9921875 0.625462962962963 0.013541666666666667 0.0712962962962963
7 0.2791666666666667 0.5736111111111111 0.005208333333333333 0.023148148148148147
6 0.28828125 0.600462962962963 0.0171875 0.041666666666666664
8 0.29140625 0.587037037037037 0.008854166666666666 0.053703703703703705
8 0.28802083333333334 0.5875 0.015625 0.06018518518518518
1 0.27265625 0.5685185185185185 0.008854166666666666 0.016666666666666666
14 0.24427083333333333 0.5851851851851851 0.029166666666666667 0.05185185185185185
8 0.27291666666666664 0.5856481481481481 0.0125 0.032407407407407406
7 0.21119791666666668 0.5856481481481481 0.008854166666666666 0.026851851851851852
6 0.23177083333333334 0.6097222222222223 0.01875 0.04537037037037037
6 0.2635416666666667 0.6472222222222223 0.036458333333333336 0.1037037037037037
7 0.19713541666666667 0.5939814814814814 0.015104166666666667 0.06388888888888888
6 0.20963541666666666 0.6148148148148148 0.015104166666666667 0.04259259259259259
1 0.14505208333333333 0.7759259259259259 0.29010416666666666 0.4462962962962963
8 0.26484375 0.6231481481481481 0.030729166666666665 0.11296296296296296