13 0.44140625 0.5120370370370371 0.0109375 0.03518518518518519
7 0.45625 0.5361111111111111 0.007291666666666667 0.03518518518518519
1 0.60234375 0.5537037037037037 0.0453125 0.07592592592592592
6 0.6229166666666667 0.6023148148148149 0.0375 0.10277777777777777
8 0.6127604166666667 0.5592592592592592 0.018229166666666668 0.07592592592592592
8 0.6236979166666666 0.5745370370370371 0.028645833333333332 0.10462962962962963
7 0.7171875 0.5333333333333333 0.023958333333333335 0.06481481481481481
6 0.7106770833333333 0.6240740740740741 0.05364583333333333 0.13703703703703704
8 0.7151041666666667 0.5884259259259259 0.03854166666666667 0.11944444444444445
4 0.78515625 0.5944444444444444 0.09010416666666667 0.12407407407407407
8 0.8328125 0.5342592592592592 0.015625 0.03148148148148148
8 0.4375 0.5296296296296297 0.00625 0.022222222222222223
8 0.44036458333333334 0.525 0.005729166666666666 0.014814814814814815
8 0.44479166666666664 0.5592592592592592 0.023958333333333335 0.08703703703703704
6 0.44479166666666664 0.5930555555555556 0.01875 0.05648148148148148
1 0.41302083333333334 0.5513888888888889 0.04479166666666667 0.075
4 0.36354166666666665 0.537962962962963 0.07708333333333334 0.07037037037037037
6 0.40963541666666664 0.5722222222222222 0.019270833333333334 0.046296296296296294
6 0.3927083333333333 0.5800925925925926 0.034375 0.06759259259259259
6 0.3625 0.5606481481481481 0.03125 0.041666666666666664
6 0.3841145833333333 0.5949074074074074 0.024479166666666666 0.06388888888888888
6 0.3515625 0.5634259259259259 0.008333333333333333 0.023148148148148147
6 0.36614583333333334 0.6032407407407407 0.036458333333333336 0.0712962962962963
6 0.3489583333333333 0.6148148148148148 0.008333333333333333 0.05
7 0.29401041666666666 0.4930555555555556 0.008854166666666666 0.04537037037037037
7 0.2799479166666667 0.5023148148148148 0.008854166666666666 0.028703703703703703
7 0.27395833333333336 0.5023148148148148 0.01875 0.028703703703703703
7 0.18072916666666666 0.5662037037037037 0.029166666666666667 0.14907407407407408
7 0.15885416666666666 0.5430555555555555 0.016666666666666666 0.08611111111111111
1 0.08984375 0.6546296296296297 0.1765625 0.31851851851851853
1 0.2869791666666667 0.6314814814814815 0.13333333333333333 0.2462962962962963
6 0.11796875 0.7356481481481482 0.18177083333333333 0.2657407407407407
8 0.11380208333333333 0.6893518518518519 0.10260416666666666 0.3398148148148148
4 0.89296875 0.6782407407407407 0.1921875 0.287962962962963
4 0.9752604166666666 0.5518518518518518 0.0390625 0.02962962962962963
6 0.8684895833333334 0.8175925925925925 0.12864583333333332 0.30925925925925923
8 0.8697916666666666 0.7236111111111111 0.12083333333333333 0.4009259259259259
4 0.9658854166666667 0.7560185185185185 0.0640625 0.4787037037037037
13 0.5296875 0.6546296296296297 0.178125 0.337037037037037