7 0.32447916666666665 0.525 0.008333333333333333 0.027777777777777776
6 0.35625 0.5402777777777777 0.021875 0.025
7 0.3489583333333333 0.5328703703703703 0.008333333333333333 0.03796296296296296
8 0.35598958333333336 0.5333333333333333 0.009895833333333333 0.037037037037037035
6 0.42473958333333334 0.5736111111111111 0.022395833333333334 0.05277777777777778
8 0.4234375 0.5569444444444445 0.021875 0.06388888888888888
6 0.40989583333333335 0.5328703703703703 0.014583333333333334 0.021296296296296296
7 0.43411458333333336 0.5439814814814815 0.0078125 0.03981481481481482
7 0.44036458333333334 0.5444444444444444 0.009895833333333333 0.03888888888888889
1 0.44088541666666664 0.5347222222222222 0.018229166666666668 0.03796296296296296
4 0.44921875 0.5259259259259259 0.008854166666666666 0.020370370370370372
7 0.4557291666666667 0.5361111111111111 0.009375 0.037037037037037035
6 0.4713541666666667 0.5342592592592592 0.00625 0.014814814814814815
8 0.47109375 0.5273148148148148 0.0067708333333333336 0.019444444444444445
4 0.5208333333333334 0.5703703703703704 0.051041666666666666 0.08333333333333333
4 0.6091145833333333 0.5287037037037037 0.011979166666666667 0.016666666666666666
4 0.6200520833333333 0.5296296296296297 0.018229166666666668 0.014814814814814815
4 0.6364583333333333 0.5328703703703703 0.016666666666666666 0.017592592592592594
4 0.6770833333333334 0.5337962962962963 0.034375 0.028703703703703703
6 0.6809895833333334 0.5375 0.015104166666666667 0.023148148148148147
6 0.69140625 0.537962962962963 0.011979166666666667 0.016666666666666666
6 0.696875 0.5402777777777777 0.013541666666666667 0.019444444444444445
6 0.8700520833333333 0.6162037037037037 0.0359375 0.06388888888888888
8 0.871875 0.5893518518518519 0.028125 0.08425925925925926
6 0.6263020833333334 0.5513888888888889 0.0078125 0.026851851851851852
8 0.6252604166666667 0.5444444444444444 0.009895833333333333 0.03333333333333333
6 0.6192708333333333 0.5560185185185185 0.010416666666666666 0.030555555555555555
8 0.6192708333333333 0.5458333333333333 0.010416666666666666 0.03425925925925926
6 0.6111979166666667 0.5504629629629629 0.008854166666666666 0.026851851851851852
8 0.6119791666666666 0.5430555555555555 0.008333333333333333 0.030555555555555555