13 0.47109375 0.49398148148148147 0.0265625 0.026851851851851852
4 0.46510416666666665 0.5037037037037037 0.0375 0.016666666666666666
4 0.46927083333333336 0.5287037037037037 0.06458333333333334 0.03333333333333333
8 0.5096354166666667 0.5347222222222222 0.015104166666666667 0.04351851851851852
8 0.5096354166666667 0.5300925925925926 0.011979166666666667 0.032407407407407406
1 0.509375 0.537962962962963 0.028125 0.06481481481481481
1 0.54140625 0.5458333333333333 0.0390625 0.06944444444444445
4 0.5796875 0.5699074074074074 0.05520833333333333 0.09722222222222222
1 0.65703125 0.6703703703703704 0.15260416666666668 0.31296296296296294
6 0.74375 0.5800925925925926 0.017708333333333333 0.04722222222222222
6 0.7830729166666667 0.5745370370370371 0.019270833333333334 0.062037037037037036
6 0.7979166666666667 0.5810185185185185 0.029166666666666667 0.0712962962962963
6 0.8229166666666666 0.5935185185185186 0.05416666666666667 0.06851851851851852
6 0.86953125 0.5893518518518519 0.018229166666666668 0.06944444444444445
4 0.48515625 0.5694444444444444 0.0828125 0.06851851851851852
4 0.4354166666666667 0.5300925925925926 0.015625 0.041666666666666664
3 0.42916666666666664 0.49675925925925923 0.025 0.030555555555555555
1 0.41328125 0.5282407407407408 0.03177083333333333 0.04537037037037037
1 0.375 0.5675925925925925 0.059375 0.12962962962962962
4 0.44921875 0.7199074074074074 0.2234375 0.3435185185185185
1 0.3015625 0.6083333333333333 0.11041666666666666 0.2037037037037037
7 0.2359375 0.5314814814814814 0.0125 0.07222222222222222
6 0.23854166666666668 0.6180555555555556 0.019791666666666666 0.075
6 0.215625 0.5745370370370371 0.040625 0.08611111111111111
6 0.20104166666666667 0.5837962962962963 0.058333333333333334 0.08981481481481482
8 0.24244791666666668 0.562037037037037 0.019270833333333334 0.08518518518518518
6 0.07395833333333333 0.5879629629629629 0.04479166666666667 0.12222222222222222
6 0.0625 0.7791666666666667 0.121875 0.32685185185185184
8 0.06484375 0.6791666666666667 0.07135416666666666 0.30092592592592593
8 0.051041666666666666 0.687962962962963 0.10104166666666667 0.31666666666666665
10 0.825 0.4125 0.014583333333333334 0.05277777777777778
4 0.41171875 0.5361111111111111 0.0203125 0.03333333333333333