4 0.036458333333333336 0.5111111111111111 0.013541666666666667 0.02962962962962963
6 0.07760416666666667 0.5125 0.03125 0.041666666666666664
1 0.11380208333333333 0.5064814814814815 0.04635416666666667 0.05555555555555555
7 0.30755208333333334 0.5356481481481481 0.021354166666666667 0.0824074074074074
7 0.32447916666666665 0.5046296296296297 0.009375 0.05
7 0.3372395833333333 0.5509259259259259 0.021354166666666667 0.07962962962962963
7 0.3494791666666667 0.525 0.016666666666666666 0.046296296296296294
6 0.36302083333333335 0.6375 0.05416666666666667 0.1361111111111111
6 0.40625 0.586574074074074 0.041666666666666664 0.125
1 0.42213541666666665 0.5564814814814815 0.049479166666666664 0.11851851851851852
6 0.46119791666666665 0.611574074074074 0.05260416666666667 0.14722222222222223
6 0.5442708333333334 0.6439814814814815 0.06354166666666666 0.19907407407407407
8 0.4596354166666667 0.5652777777777778 0.0390625 0.125
6 0.884375 0.6726851851851852 0.09270833333333334 0.1787037037037037
8 0.87578125 0.6296296296296297 0.049479166666666664 0.1814814814814815
8 0.5447916666666667 0.5944444444444444 0.058333333333333334 0.2037037037037037
14 0.6971354166666667 0.5273148148148148 0.17760416666666667 0.11574074074074074
8 0.3611979166666667 0.5893518518518519 0.04635416666666667 0.14351851851851852
8 0.4046875 0.5583333333333333 0.034375 0.12222222222222222
1 0.50546875 0.5268518518518519 0.024479166666666666 0.06296296296296296
6 0.5127604166666667 0.5472222222222223 0.011979166666666667 0.05740740740740741
8 0.5125 0.5416666666666666 0.008333333333333333 0.05740740740740741
1 0.5809895833333333 0.5291666666666667 0.0296875 0.05648148148148148
6 0.59765625 0.5439814814814815 0.0234375 0.04537037037037037
8 0.6002604166666666 0.5333333333333333 0.0171875 0.053703703703703705
6 0.7989583333333333 0.5560185185185185 0.034375 0.03981481481481482
6 0.8109375 0.5550925925925926 0.03958333333333333 0.049074074074074076
8 0.7973958333333333 0.5277777777777778 0.017708333333333333 0.03888888888888889
8 0.81015625 0.538425925925926 0.016145833333333335 0.05277777777777778
1 0.8692708333333333 0.5425925925925926 0.04791666666666667 0.06666666666666667
4 0.8942708333333333 0.538425925925926 0.009375 0.04351851851851852
4 0.9544270833333334 0.5476851851851852 0.04114583333333333 0.04722222222222222
7 0.909375 0.5699074074074074 0.01875 0.04351851851851852
4 0.68046875 0.5208333333333334 0.024479166666666666 0.028703703703703703
8 0.72578125 0.5060185185185185 0.0203125 0.032407407407407406
8 0.6611979166666667 0.5018518518518519 0.0140625 0.03518518518518519
8 0.6669270833333333 0.5125 0.011979166666666667 0.03981481481481482