6 0.8966145833333333 0.7356481481481482 0.0359375 0.1398148148148148
6 0.8994791666666667 0.8773148148148148 0.19791666666666666 0.2361111111111111
8 0.93984375 0.6240740740740741 0.11614583333333334 0.22592592592592592
8 0.9489583333333333 0.7486111111111111 0.09895833333333333 0.5009259259259259
6 0.8419270833333333 0.6277777777777778 0.0515625 0.14814814814814814
7 0.8229166666666666 0.5361111111111111 0.026041666666666668 0.07407407407407407
6 0.7994791666666666 0.5958333333333333 0.04479166666666667 0.08796296296296297
7 0.21796875 0.611574074074074 0.0578125 0.07685185185185185
7 0.3216145833333333 0.5486111111111112 0.0109375 0.058333333333333334
7 0.32708333333333334 0.5675925925925925 0.014583333333333334 0.09074074074074075
7 0.35234375 0.6208333333333333 0.0296875 0.1675925925925926
6 0.47265625 0.5791666666666667 0.0390625 0.09907407407407408
4 0.59296875 0.5333333333333333 0.08072916666666667 0.10740740740740741
1 0.6763020833333333 0.5523148148148148 0.0453125 0.08611111111111111
6 0.6104166666666667 0.5916666666666667 0.035416666666666666 0.06666666666666667
8 0.6151041666666667 0.5662037037037037 0.021875 0.08796296296296297
8 0.6057291666666667 0.5648148148148148 0.03229166666666667 0.09074074074074075
6 0.6442708333333333 0.5921296296296297 0.03229166666666667 0.08796296296296297
8 0.6434895833333333 0.562037037037037 0.025520833333333333 0.09444444444444444
6 0.6981770833333333 0.6134259259259259 0.03802083333333333 0.09722222222222222
8 0.6963541666666667 0.5828703703703704 0.035416666666666666 0.12314814814814815
6 0.7479166666666667 0.5402777777777777 0.013541666666666667 0.03425925925925926
6 0.7567708333333333 0.5314814814814814 0.009375 0.025925925925925925
6 0.7690104166666667 0.5523148148148148 0.015104166666666667 0.03611111111111111
8 0.7697916666666667 0.5388888888888889 0.014583333333333334 0.04814814814814815
8 0.7736979166666667 0.5407407407407407 0.011979166666666667 0.04814814814814815
7 0.77578125 0.5166666666666667 0.0067708333333333336 0.014814814814814815
7 0.7815104166666667 0.5296296296296297 0.0109375 0.03333333333333333
6 0.7984375 0.5365740740740741 0.008333333333333333 0.030555555555555555
1 0.8015625 0.5305555555555556 0.016666666666666666 0.03518518518518519
6 0.33307291666666666 0.5916666666666667 0.0328125 0.05