13 0.49921915668922434 0.5189814814814815 0.006246746486205101 0.010185185185185186
4 0.5005205622071838 0.5208333333333334 0.007808433107756377 0.006481481481481481
4 0.5039042165538782 0.5273148148148148 0.009370119729307652 0.013888888888888888
4 0.49427381572097867 0.5217592592592593 0.005726184279021343 0.006481481481481481
1 0.4862051015096304 0.5203703703703704 0.0052056220718375845 0.005555555555555556
1 0.49193128578865175 0.5439814814814815 0.017699115044247787 0.04351851851851852
6 0.5010411244143675 0.5370370370370371 0.005726184279021343 0.018518518518518517
8 0.5013014055179594 0.5300925925925926 0.0052056220718375845 0.01574074074074074
3 0.5210827693909422 0.5171296296296296 0.006246746486205101 0.013888888888888888
4 0.5203019260801666 0.5351851851851852 0.008849557522123894 0.025925925925925925
13 0.5314940135346173 0.5277777777777778 0.01665799062988027 0.044444444444444446
7 0.532274856845393 0.5398148148148149 0.007808433107756377 0.03333333333333333
6 0.5153565851119208 0.5893518518518519 0.022904737116085372 0.06944444444444445
8 0.5148360229047371 0.5592592592592592 0.024986985944820406 0.08148148148148149
1 0.5395627277459657 0.5421296296296296 0.007808433107756377 0.032407407407407406
1 0.5442477876106194 0.5425925925925926 0.00676730869338886 0.03518518518518519
1 0.5504945340968246 0.5430555555555555 0.011972930765226444 0.03796296296296296
1 0.5585632483081728 0.5458333333333333 0.018740239458615304 0.04537037037037037
1 0.5663716814159292 0.5319444444444444 0.008328995314940135 0.012037037037037037
1 0.5832899531494014 0.5296296296296297 0.029672045809474232 0.012962962962962963
7 0.5554398750650703 0.5444444444444444 0.011452368558042686 0.03518518518518519
4 0.5963040083289953 0.6175925925925926 0.11296199895887558 0.16296296296296298
7 0.6460176991150443 0.5527777777777778 0.01353461738677772 0.05555555555555555
6 0.6483602290473711 0.6 0.029672045809474232 0.09074074074074075
6 0.6733472149921915 0.6106481481481482 0.031754294638209266 0.08981481481481482
6 0.7017178552837064 0.6231481481481481 0.04476834981780323 0.0962962962962963
7 0.7079646017699115 0.5527777777777778 0.021863612701717855 0.08333333333333333
7 0.7186361270171786 0.5518518518518518 0.021343050494534097 0.0962962962962963
2 0.7339927121290994 0.6847222222222222 0.05413846954711088 0.14722222222222223
8 0.7449245184799583 0.6472222222222223 0.05830296720458095 0.21296296296296297
7 0.7917751171264966 0.6402777777777777 0.03748047891723061 0.2212962962962963
13 0.4534096824570536 0.5097222222222222 0.02394586153045289 0.01574074074074074
7 0.4344091618948464 0.5171296296296296 0.005726184279021343 0.012037037037037037
7 0.42399791775117124 0.5231481481481481 0.00989068193649141 0.020370370370370372
1 0.45393024466423737 0.6101851851851852 0.08224882873503384 0.18703703703703703
13 0.39042165538781887 0.5314814814814814 0.059344091618948464 0.15185185185185185
7 0.34096824570536177 0.5805555555555556 0.026028110359187923 0.12962962962962962
14 0.36647579385736595 0.6037037037037037 0.055179593961478396 0.09074074074074075
7 0.36361270171785526 0.5847222222222223 0.0338365434669443 0.13055555555555556
1 0.3094742321707444 0.5884259259259259 0.052576782925559604 0.16203703703703703
1 0.25923997917751174 0.6222222222222222 0.12701717855283706 0.23333333333333334
6 0.032014575741801145 0.6638888888888889 0.06402915148360229 0.27037037037037037
8 0.018219677251431546 0.5643518518518519 0.03643935450286309 0.041666666666666664
6 0.07704320666319625 0.8814814814814815 0.1540864133263925 0.2351851851851852
8 0.06819364914107236 0.7736111111111111 0.13638729828214471 0.45092592592592595
14 0.34044768349817806 0.5120370370370371 0.04060385216033316 0.05