14 0.5697553357626236 0.5486111111111112 0.019260801665799063 0.021296296296296296
4 0.6017699115044248 0.5388888888888889 0.012493492972410203 0.012962962962962963
6 0.5674128058302967 0.5643518518518519 0.011452368558042686 0.030555555555555555
8 0.5676730869338886 0.5527777777777778 0.007808433107756377 0.022222222222222223
14 0.5822488287350338 0.5574074074074075 0.007808433107756377 0.022222222222222223
6 0.5786048932847475 0.5810185185185185 0.010931806350858927 0.023148148148148147
8 0.5762623633524206 0.562962962962963 0.011452368558042686 0.03888888888888889
4 0.5382613222280063 0.5476851851851852 0.032274856845393024 0.023148148148148147
7 0.47709526288391463 0.5523148148148148 0.00676730869338886 0.017592592592592594
6 0.4583550234252993 0.5745370370370371 0.015096304008328995 0.03796296296296296
6 0.46928682977615827 0.5791666666666667 0.014055179593961478 0.023148148148148147
7 0.46954711087975015 0.5671296296296297 0.008328995314940135 0.04351851851851852
7 0.4841228526808954 0.5699074074074074 0.008328995314940135 0.04722222222222222
1 0.5916189484643415 0.5768518518518518 0.02342529932326913 0.07037037037037037
4 0.5400832899531494 0.6092592592592593 0.06611140031233732 0.11481481481481481
1 0.6043727225403436 0.5819444444444445 0.022904737116085372 0.07685185185185185
13 0.6522644456012493 0.5555555555555556 0.08537220197813639 0.1537037037037037
4 0.4469026548672566 0.5805555555555556 0.011972930765226444 0.024074074074074074
7 0.4284226965122332 0.5574074074074075 0.008328995314940135 0.012962962962962963
1 0.40525767829255593 0.5652777777777778 0.024466423737636647 0.03425925925925926
7 0.4286829776158251 0.5574074074074075 0.00676730869338886 0.011111111111111112
8 0.3992712129099427 0.5671296296296297 0.008328995314940135 0.017592592592592594
7 0.43649141072358144 0.5657407407407408 0.008849557522123894 0.02962962962962963
8 0.40135346173867775 0.5675925925925925 0.010411244143675169 0.024074074074074074
7 0.4744924518479958 0.5731481481481482 0.00989068193649141 0.05185185185185185
4 0.42269651223321186 0.5962962962962963 0.04685059864653826 0.06666666666666667
6 0.39276418532014573 0.6287037037037037 0.024466423737636647 0.07592592592592592
6 0.37011972930765225 0.6208333333333333 0.02706923477355544 0.0787037037037037
7 0.41332639250390424 0.6157407407407407 0.020822488287350338 0.10555555555555556
6 0.5023425299323269 0.5851851851851851 0.008328995314940135 0.024074074074074074
8 0.4997397188964081 0.5643518518518519 0.010411244143675169 0.026851851851851852
6 0.49297241020301924 0.6060185185185185 0.02394586153045289 0.062037037037037036
8 0.4932326913066111 0.5768518518518518 0.019260801665799063 0.04814814814814815
6 0.646538261322228 0.6300925925925925 0.03435710567412806 0.075
8 0.6454971369078605 0.6041666666666666 0.029151483602290473 0.10462962962962963
6 0.8373243102550755 0.6171296296296296 0.025507548152004164 0.0787037037037037
13 0.7631441957313899 0.5671296296296297 0.13638729828214471 0.21203703703703702
8 0.8417490890161374 0.6 0.01665799062988027 0.11851851851851852
4 0.2769390942217595 0.687037037037037 0.21238938053097345 0.24444444444444444