13 0.33255208333333336 0.3712962962962963 0.0140625 0.046296296296296294
14 0.3346354166666667 0.3962962962962963 0.0109375 0.04814814814814815
3 0.30234375 0.4013888888888889 0.06197916666666667 0.16574074074074074
13 0.28203125 0.41064814814814815 0.03177083333333333 0.15833333333333333
6 0.33567708333333335 0.42962962962962964 0.0109375 0.037037037037037035
8 0.3341145833333333 0.41574074074074074 0.009895833333333333 0.044444444444444446
6 0.34401041666666665 0.4273148148148148 0.011979166666666667 0.03981481481481482
8 0.34401041666666665 0.40046296296296297 0.009895833333333333 0.021296296296296296
1 0.34296875 0.3939814814814815 0.013020833333333334 0.026851851851851852
4 0.34713541666666664 0.39675925925925926 0.015104166666666667 0.030555555555555555
4 0.3658854166666667 0.3837962962962963 0.016145833333333335 0.019444444444444445
8 0.36223958333333334 0.387037037037037 0.005729166666666666 0.012962962962962963
8 0.3734375 0.3819444444444444 0.007291666666666667 0.012037037037037037
1 0.36692708333333335 0.43194444444444446 0.0421875 0.08796296296296297
14 0.34427083333333336 0.3592592592592593 0.014583333333333334 0.025925925925925925
3 0.14010416666666667 0.5009259259259259 0.28020833333333334 0.9962962962962963
6 0.2908854166666667 0.8787037037037037 0.2755208333333333 0.24074074074074073
8 0.29401041666666666 0.7111111111111111 0.2703125 0.575925925925926
14 0.390625 0.4185185185185185 0.013541666666666667 0.04259259259259259
7 0.41901041666666666 0.375 0.0067708333333333336 0.027777777777777776
7 0.44505208333333335 0.3907407407407407 0.0078125 0.04259259259259259
7 0.4205729166666667 0.3976851851851852 0.005729166666666666 0.030555555555555555
7 0.425 0.3921296296296296 0.009375 0.041666666666666664
7 0.44036458333333334 0.3925925925925926 0.0078125 0.040740740740740744
7 0.43723958333333335 0.375 0.0046875 0.011111111111111112
7 0.48151041666666666 0.3939814814814815 0.011979166666666667 0.04537037037037037
7 0.4856770833333333 0.42824074074074076 0.0203125 0.13796296296296295
6 0.4625 0.4675925925925926 0.059375 0.10925925925925926
6 0.553125 0.37824074074074077 0.059375 0.0712962962962963
6 0.54765625 0.41064814814814815 0.0609375 0.07685185185185185
7 0.6028645833333334 0.3592592592592593 0.0171875 0.09074074074074075
7 0.5963541666666666 0.43703703703703706 0.03125 0.07037037037037037
6 0.528125 0.6541666666666667 0.146875 0.32685185185185184
8 0.534375 0.5875 0.115625 0.4083333333333333
6 0.7640625 0.7981481481481482 0.3458333333333333 0.4
8 0.6817708333333333 0.5972222222222222 0.18645833333333334 0.4111111111111111
8 0.7739583333333333 0.6930555555555555 0.27708333333333335 0.5935185185185186
6 0.9453125 0.46620370370370373 0.10833333333333334 0.1787037037037037
10 0.409375 0.3509259259259259 0.00625 0.025925925925925925
10 0.4109375 0.3675925925925926 0.007291666666666667 0.009259259259259259
4 0.3497395833333333 0.3787037037037037 0.0171875 0.011111111111111112