10 0.4276041666666667 0.55 0.009375 0.014814814814814815
7 0.47760416666666666 0.5513888888888889 0.004166666666666667 0.021296296296296296
7 0.47630208333333335 0.5356481481481481 0.0046875 0.010185185185185186
7 0.4828125 0.5439814814814815 0.005208333333333333 0.023148148148148147
7 0.4635416666666667 0.5597222222222222 0.004166666666666667 0.017592592592592594
7 0.46875 0.5652777777777778 0.005208333333333333 0.012037037037037037
7 0.4622395833333333 0.5421296296296296 0.005729166666666666 0.019444444444444445
7 0.45651041666666664 0.5597222222222222 0.0078125 0.025
3 0.49557291666666664 0.5449074074074074 0.021354166666666667 0.06388888888888888
3 0.5940104166666667 0.5453703703703704 0.1765625 0.3648148148148148
7 0.3098958333333333 0.6148148148148148 0.029166666666666667 0.13333333333333333
4 0.4421875 0.7865740740740741 0.31354166666666666 0.425
10 0.7044270833333334 0.2898148148148148 0.027604166666666666 0.04259259259259259
3 0.8390625 0.49953703703703706 0.32083333333333336 0.9990740740740741
3 0.72421875 0.33425925925925926 0.050520833333333334 0.053703703703703705