6 0.309375 0.6643518518518519 0.04791666666666667 0.1527777777777778
7 0.5252604166666667 0.5407407407407407 0.011979166666666667 0.05925925925925926
6 0.5411458333333333 0.5787037037037037 0.017708333333333333 0.05185185185185185
8 0.5411458333333333 0.5541666666666667 0.022916666666666665 0.07685185185185185
8 0.5390625 0.5504629629629629 0.022916666666666665 0.0712962962962963
1 0.55234375 0.5425925925925926 0.0359375 0.07592592592592592
1 0.6143229166666667 0.524537037037037 0.025520833333333333 0.04722222222222222
6 0.6302083333333334 0.5333333333333333 0.0125 0.020370370370370372
8 0.6278645833333333 0.5277777777777778 0.0067708333333333336 0.027777777777777776
6 0.7223958333333333 0.5231481481481481 0.007291666666666667 0.024074074074074074
8 0.7216145833333333 0.5087962962962963 0.0046875 0.01574074074074074
4 0.8986979166666667 0.5416666666666666 0.2015625 0.17407407407407408