14 0.9393229166666667 0.4337962962962963 0.009895833333333333 0.017592592592592594
14 0.93125 0.43287037037037035 0.008333333333333333 0.01574074074074074
4 0.921875 0.43657407407407406 0.019791666666666666 0.023148148148148147
6 0.9075520833333334 0.44722222222222224 0.0078125 0.020370370370370372
8 0.9075520833333334 0.44212962962962965 0.0067708333333333336 0.023148148148148147
6 0.8997395833333334 0.45787037037037037 0.0109375 0.026851851851851852
8 0.89921875 0.44722222222222224 0.008854166666666666 0.03148148148148148
6 0.8713541666666667 0.4537037037037037 0.00625 0.022222222222222223
8 0.8697916666666666 0.4462962962962963 0.00625 0.027777777777777776
6 0.8755208333333333 0.4550925925925926 0.0125 0.025
8 0.8744791666666667 0.44583333333333336 0.011458333333333333 0.032407407407407406
6 0.93046875 0.4625 0.0078125 0.026851851851851852
8 0.9333333333333333 0.44907407407407407 0.011458333333333333 0.03333333333333333
4 0.9643229166666667 0.4842592592592593 0.0703125 0.12777777777777777
1 0.64765625 0.6074074074074074 0.17864583333333334 0.32037037037037036
4 0.86171875 0.763425925925926 0.2755208333333333 0.47129629629629627
13 0.37838541666666664 0.49953703703703706 0.7567708333333333 0.9990740740740741