10 0.34713541666666664 0.4777777777777778 0.009895833333333333 0.018518518518518517
3 0.51484375 0.5106481481481482 0.08385416666666666 0.06388888888888888
13 0.4434895833333333 0.5060185185185185 0.013020833333333334 0.025
4 0.44140625 0.5212962962962963 0.015104166666666667 0.025925925925925925
4 0.42630208333333336 0.5226851851851851 0.008854166666666666 0.032407407407407406
6 0.434375 0.5277777777777778 0.009375 0.020370370370370372
8 0.43385416666666665 0.5194444444444445 0.007291666666666667 0.022222222222222223
8 0.43307291666666664 0.5212962962962963 0.0078125 0.025925925925925925
4 0.465625 0.5231481481481481 0.013541666666666667 0.027777777777777776
6 0.4705729166666667 0.5296296296296297 0.0140625 0.024074074074074074
8 0.47239583333333335 0.5231481481481481 0.007291666666666667 0.03333333333333333
6 0.4466145833333333 0.5268518518518519 0.009895833333333333 0.025925925925925925
8 0.4510416666666667 0.5157407407407407 0.005208333333333333 0.014814814814814815
6 0.453125 0.5291666666666667 0.009375 0.023148148148148147
8 0.4549479166666667 0.5180555555555556 0.005729166666666666 0.017592592592592594
7 0.4583333333333333 0.5305555555555556 0.010416666666666666 0.044444444444444446
13 0.41067708333333336 0.5162037037037037 0.0296875 0.0824074074074074
1 0.39140625 0.5120370370370371 0.013020833333333334 0.020370370370370372
1 0.37734375 0.5356481481481481 0.028645833333333332 0.06388888888888888
6 0.3893229166666667 0.549074074074074 0.018229166666666668 0.05185185185185185
8 0.39036458333333335 0.5347222222222222 0.018229166666666668 0.05277777777777778
8 0.390625 0.537962962962963 0.016666666666666666 0.06111111111111111
6 0.69609375 0.5916666666666667 0.08072916666666667 0.09074074074074075
6 0.7606770833333333 0.600925925925926 0.0890625 0.1259259259259259
6 0.7778645833333333 0.6199074074074075 0.0984375 0.1175925925925926
6 0.9893229166666667 0.6481481481481481 0.0203125 0.08703703703703704
6 0.32083333333333336 0.6625 0.06041666666666667 0.1638888888888889
8 0.3216145833333333 0.575925925925926 0.0578125 0.12037037037037036
8 0.32057291666666665 0.6087962962962963 0.06302083333333333 0.19722222222222222
4 0.11848958333333333 0.7518518518518519 0.23697916666666666 0.3962962962962963