10 0.24140625 0.35324074074074074 0.0234375 0.03981481481481482
1 0.33151041666666664 0.4837962962962963 0.028645833333333332 0.041666666666666664
6 0.5471354166666667 0.4625 0.0078125 0.026851851851851852
6 0.55390625 0.4685185185185185 0.013020833333333334 0.027777777777777776
8 0.5455729166666666 0.45231481481481484 0.0109375 0.030555555555555555
1 0.5760416666666667 0.44675925925925924 0.0125 0.026851851851851852
13 0.609375 0.43333333333333335 0.021875 0.04814814814814815
13 0.5916666666666667 0.43287037037037035 0.014583333333333334 0.023148148148148147
7 0.6450520833333333 0.4398148148148148 0.009895833333333333 0.03518518518518519
7 0.6908854166666667 0.4675925925925926 0.016145833333333335 0.07777777777777778
7 0.8763020833333334 0.46944444444444444 0.03177083333333333 0.12037037037037036
7 0.7065104166666667 0.4777777777777778 0.0234375 0.09444444444444444
14 0.5809895833333333 0.43194444444444446 0.0046875 0.008333333333333333
7 0.5924479166666666 0.44814814814814813 0.0078125 0.025925925925925925
6 0.5979166666666667 0.4625 0.009375 0.026851851851851852
8 0.5981770833333333 0.4527777777777778 0.0109375 0.03333333333333333
8 0.553125 0.45694444444444443 0.011458333333333333 0.03425925925925926
14 0.5721354166666667 0.4375 0.0046875 0.013888888888888888
7 0.39375 0.4564814814814815 0.005208333333333333 0.014814814814814815
14 0.0140625 0.5370370370370371 0.027083333333333334 0.08148148148148149
14 0.18125 0.48842592592592593 0.016666666666666666 0.05648148148148148
6 0.6565104166666667 0.44583333333333336 0.008854166666666666 0.021296296296296296