4 0.03046875 0.5731481481481482 0.0609375 0.06111111111111111
4 0.09583333333333334 0.5925925925925926 0.1375 0.1425925925925926
7 0.42265625 0.5467592592592593 0.0078125 0.03425925925925926
14 0.40651041666666665 0.5425925925925926 0.0140625 0.03333333333333333
6 0.44166666666666665 0.5601851851851852 0.008333333333333333 0.03148148148148148
8 0.4421875 0.55 0.009375 0.040740740740740744
13 0.5080729166666667 0.5425925925925926 0.0203125 0.044444444444444446
6 0.5190104166666667 0.5675925925925925 0.016145833333333335 0.046296296296296294
8 0.5182291666666666 0.5583333333333333 0.0125 0.05
3 0.5359375 0.5361111111111111 0.028125 0.037037037037037035
14 0.5401041666666667 0.5449074074074074 0.016666666666666666 0.030555555555555555
14 0.55390625 0.5462962962962963 0.009895833333333333 0.027777777777777776
4 0.5638020833333334 0.5518518518518518 0.0171875 0.025925925925925925
1 0.5830729166666667 0.5541666666666667 0.022395833333333334 0.041666666666666664
8 0.58203125 0.5486111111111112 0.008854166666666666 0.023148148148148147
13 0.6130208333333333 0.5532407407407407 0.04895833333333333 0.09166666666666666
13 0.6455729166666667 0.5615740740740741 0.0328125 0.07314814814814814
4 0.6739583333333333 0.5819444444444445 0.04479166666666667 0.06018518518518518
6 0.6671875 0.6134259259259259 0.034375 0.06944444444444445
8 0.6653645833333334 0.5898148148148148 0.028645833333333332 0.10185185185185185
1 0.70390625 0.5550925925925926 0.0359375 0.026851851851851852
4 0.7046875 0.5851851851851851 0.040625 0.053703703703703705
6 0.7830729166666667 0.562037037037037 0.015104166666666667 0.020370370370370372
4 0.8145833333333333 0.5972222222222222 0.06770833333333333 0.06851851851851852
6 0.8111979166666666 0.6300925925925925 0.0328125 0.08425925925925926
8 0.80703125 0.6055555555555555 0.028645833333333332 0.09814814814814815
4 0.7575520833333333 0.6203703703703703 0.11197916666666667 0.13148148148148148
6 0.7307291666666667 0.6592592592592592 0.053125 0.10925925925925926
8 0.7330729166666666 0.6157407407407407 0.043229166666666666 0.13703703703703704
3 0.9229166666666667 0.48518518518518516 0.153125 0.5296296296296297
1 0.4734375 0.5833333333333334 0.06145833333333333 0.13518518518518519
6 0.41640625 0.562037037037037 0.015104166666666667 0.037037037037037035
8 0.41458333333333336 0.5509259259259259 0.016666666666666666 0.04259259259259259
1 0.39453125 0.5467592592592593 0.015104166666666667 0.041666666666666664
7 0.40182291666666664 0.5527777777777778 0.008854166666666666 0.040740740740740744
14 0.37864583333333335 0.549074074074074 0.017708333333333333 0.05185185185185185
7 0.38515625 0.5513888888888889 0.0067708333333333336 0.05092592592592592
7 0.38255208333333335 0.5527777777777778 0.008854166666666666 0.05555555555555555
14 0.35260416666666666 0.5476851851851852 0.026041666666666668 0.06018518518518518
7 0.36875 0.5351851851851852 0.007291666666666667 0.024074074074074074
7 0.33541666666666664 0.5481481481481482 0.010416666666666666 0.05185185185185185
6 0.31197916666666664 0.5555555555555556 0.027083333333333334 0.05
7 0.3151041666666667 0.5310185185185186 0.011458333333333333 0.03425925925925926
7 0.26510416666666664 0.549074074074074 0.011458333333333333 0.06666666666666667
7 0.27760416666666665 0.5527777777777778 0.01875 0.06481481481481481
7 0.32473958333333336 0.5481481481481482 0.009895833333333333 0.03888888888888889
7 0.32760416666666664 0.549074074074074 0.007291666666666667 0.04259259259259259
6 0.3690104166666667 0.5981481481481481 0.03177083333333333 0.09074074074074075
8 0.3734375 0.5819444444444445 0.020833333333333332 0.0824074074074074
8 0.35963541666666665 0.5800925925925926 0.027604166666666666 0.09166666666666666
6 0.20625 0.6532407407407408 0.06354166666666666 0.13425925925925927
8 0.21666666666666667 0.6064814814814815 0.03854166666666667 0.15925925925925927
8 0.20078125 0.6013888888888889 0.04635416666666667 0.16574074074074074
7 0.16796875 0.5824074074074074 0.0171875 0.08333333333333333