13 0.52890625 0.5032407407407408 0.011979166666666667 0.021296296296296296
4 0.5286458333333334 0.513425925925926 0.009375 0.017592592592592594
4 0.5338541666666666 0.5148148148148148 0.011458333333333333 0.018518518518518517
4 0.5466145833333333 0.524537037037037 0.015104166666666667 0.028703703703703703
4 0.5596354166666667 0.5305555555555556 0.022395833333333334 0.03333333333333333
7 0.58046875 0.5356481481481481 0.0067708333333333336 0.03611111111111111
7 0.61953125 0.5287037037037037 0.0078125 0.020370370370370372
7 0.58671875 0.5671296296296297 0.0026041666666666665 0.013888888888888888
6 0.6736979166666667 0.611574074074074 0.049479166666666664 0.11388888888888889
8 0.675 0.5787037037037037 0.040625 0.12222222222222222
6 0.7151041666666667 0.5597222222222222 0.022916666666666665 0.05648148148148148
6 0.7619791666666667 0.575925925925926 0.026041666666666668 0.10185185185185185
6 0.79375 0.5935185185185186 0.04375 0.07592592592592592
7 0.8666666666666667 0.5574074074074075 0.026041666666666668 0.12037037037037036
7 0.8791666666666667 0.5481481481481482 0.021875 0.1259259259259259
1 0.4895833333333333 0.5115740740740741 0.008333333333333333 0.019444444444444445
1 0.48359375 0.5083333333333333 0.0046875 0.009259259259259259
1 0.47291666666666665 0.5412037037037037 0.026041666666666668 0.058333333333333334
6 0.49609375 0.5180555555555556 0.0109375 0.01574074074074074
8 0.4979166666666667 0.5171296296296296 0.005208333333333333 0.023148148148148147
7 0.46328125 0.512962962962963 0.0046875 0.009259259259259259
7 0.4703125 0.5083333333333333 0.003125 0.005555555555555556
7 0.4596354166666667 0.5203703703703704 0.0026041666666666665 0.020370370370370372
3 0.44947916666666665 0.513425925925926 0.01875 0.04537037037037037
13 0.4375 0.5018518518518519 0.027083333333333334 0.044444444444444446
4 0.43515625 0.5208333333333334 0.013020833333333334 0.01574074074074074
4 0.42473958333333334 0.5351851851851852 0.0203125 0.040740740740740744
4 0.43255208333333334 0.5305555555555556 0.013020833333333334 0.037037037037037035
8 0.44244791666666666 0.5310185185185186 0.0109375 0.03611111111111111
8 0.44817708333333334 0.5449074074074074 0.021354166666666667 0.06388888888888888
8 0.4544270833333333 0.5472222222222223 0.0109375 0.04259259259259259
6 0.44947916666666665 0.5601851851851852 0.021875 0.05925925925925926
1 0.4791666666666667 0.5101851851851852 0.011458333333333333 0.003703703703703704
6 0.4861979166666667 0.5296296296296297 0.0036458333333333334 0.018518518518518517
8 0.48541666666666666 0.5273148148148148 0.004166666666666667 0.026851851851851852
8 0.4796875 0.5060185185185185 0.004166666666666667 0.006481481481481481
13 0.38671875 0.525 0.06927083333333334 0.10185185185185185
6 0.42083333333333334 0.5611111111111111 0.020833333333333332 0.05185185185185185
1 0.36640625 0.5856481481481481 0.07552083333333333 0.15833333333333333
8 0.4203125 0.5425925925925926 0.016666666666666666 0.05740740740740741
7 0.3328125 0.5328703703703703 0.005208333333333333 0.021296296296296296
7 0.32578125 0.5208333333333334 0.011979166666666667 0.028703703703703703
7 0.31536458333333334 0.5259259259259259 0.0109375 0.02962962962962963
7 0.28984375 0.5208333333333334 0.0109375 0.028703703703703703
14 0.31197916666666664 0.5726851851851852 0.046875 0.08425925925925926
7 0.28072916666666664 0.5837962962962963 0.03125 0.14537037037037037
4 0.5138020833333333 0.5143518518518518 0.015104166666666667 0.010185185185185186