13 0.06328125 0.5930555555555556 0.1265625 0.18611111111111112
6 0.18255208333333334 0.6699074074074074 0.0921875 0.16203703703703703
8 0.1828125 0.6185185185185185 0.05416666666666667 0.17962962962962964
6 0.23958333333333334 0.5569444444444445 0.03125 0.041666666666666664
6 0.2713541666666667 0.5550925925925926 0.036458333333333336 0.041666666666666664
7 0.24322916666666666 0.5263888888888889 0.0125 0.03425925925925926
7 0.28151041666666665 0.5435185185185185 0.0078125 0.022222222222222223
7 0.29401041666666666 0.5398148148148149 0.0078125 0.020370370370370372
7 0.28854166666666664 0.5458333333333333 0.008333333333333333 0.023148148148148147
6 0.29973958333333334 0.5583333333333333 0.03177083333333333 0.03888888888888889
7 0.30364583333333334 0.5421296296296296 0.008333333333333333 0.04351851851851852
4 0.3333333333333333 0.5550925925925926 0.04583333333333333 0.058333333333333334
6 0.38697916666666665 0.5476851851851852 0.017708333333333333 0.026851851851851852
6 0.403125 0.5875 0.023958333333333335 0.058333333333333334
8 0.4036458333333333 0.5703703703703704 0.019791666666666666 0.06666666666666667
8 0.3971354166666667 0.5675925925925925 0.028645833333333332 0.07407407407407407
6 0.37005208333333334 0.6023148148148149 0.028645833333333332 0.0787037037037037
8 0.371875 0.5773148148148148 0.019791666666666666 0.08425925925925926
8 0.36666666666666664 0.575925925925926 0.029166666666666667 0.1
7 0.39348958333333334 0.537962962962963 0.005729166666666666 0.022222222222222223
7 0.3854166666666667 0.5324074074074074 0.005208333333333333 0.024074074074074074
7 0.4161458333333333 0.5439814814814815 0.00625 0.03611111111111111
1 0.428125 0.5421296296296296 0.015625 0.032407407407407406
7 0.42682291666666666 0.5430555555555555 0.005729166666666666 0.03611111111111111
8 0.4315104166666667 0.5472222222222223 0.008854166666666666 0.03333333333333333
8 0.43359375 0.5569444444444445 0.005729166666666666 0.03796296296296296
6 0.4359375 0.5671296296296297 0.007291666666666667 0.028703703703703703
14 0.49895833333333334 0.5319444444444444 0.008333333333333333 0.012037037037037037
4 0.5018229166666667 0.5449074074074074 0.008854166666666666 0.021296296296296296
13 0.5140625 0.5421296296296296 0.022916666666666665 0.04537037037037037
6 0.5283854166666667 0.5652777777777778 0.011979166666666667 0.04537037037037037
8 0.52890625 0.5564814814814815 0.0140625 0.04814814814814815
13 0.55625 0.5361111111111111 0.025 0.03518518518518519
13 0.5739583333333333 0.5416666666666666 0.0125 0.03148148148148148
3 0.6192708333333333 0.5425925925925926 0.084375 0.12962962962962962
4 0.66484375 0.5689814814814815 0.015104166666666667 0.03796296296296296
13 0.740625 0.5435185185185185 0.159375 0.22592592592592592
4 0.87890625 0.5879629629629629 0.05677083333333333 0.06296296296296296
7 0.8692708333333333 0.5708333333333333 0.007291666666666667 0.026851851851851852
8 0.8765625 0.5694444444444444 0.007291666666666667 0.03518518518518519
6 0.8786458333333333 0.5819444444444445 0.014583333333333334 0.028703703703703703
7 0.8192708333333333 0.6060185185185185 0.009375 0.07314814814814814
7 0.8130208333333333 0.6078703703703704 0.011458333333333333 0.0712962962962963
7 0.85546875 0.6074074074074074 0.0203125 0.08888888888888889
6 0.8778645833333333 0.625462962962963 0.0484375 0.07314814814814814
8 0.8786458333333333 0.6171296296296296 0.022916666666666665 0.08611111111111111
8 0.9075520833333334 0.6189814814814815 0.0234375 0.09722222222222222
8 0.89453125 0.5930555555555556 0.0109375 0.06759259259259259
6 0.9244791666666666 0.586574074074074 0.01875 0.03611111111111111
6 0.9380208333333333 0.5837962962962963 0.019791666666666666 0.03981481481481482
8 0.9388020833333334 0.575462962962963 0.016145833333333335 0.04722222222222222
6 0.9588541666666667 0.5833333333333334 0.025 0.046296296296296294
6 0.9528645833333333 0.6087962962962963 0.043229166666666666 0.075
6 0.9294270833333333 0.6046296296296296 0.0328125 0.06666666666666667
6 0.9799479166666667 0.5930555555555556 0.0265625 0.04722222222222222
6 0.6205729166666667 0.6212962962962963 0.05572916666666667 0.12222222222222222
8 0.62265625 0.5953703703703703 0.030729166666666665 0.14074074074074075
8 0.6692708333333334 0.6421296296296296 0.09479166666666666 0.11944444444444445
8 0.6809895833333334 0.6069444444444444 0.0296875 0.14537037037037037
8 0.7028645833333333 0.5953703703703703 0.024479166666666666 0.11666666666666667
1 0.46640625 0.5828703703703704 0.0703125 0.14166666666666666
4 0.8497395833333333 0.5995370370370371 0.07552083333333333 0.09166666666666666