7 0.009895833333333333 0.5893518518518519 0.019791666666666666 0.06388888888888888
6 0.0390625 0.7578703703703704 0.078125 0.262037037037037
7 0.18359375 0.5773148148148148 0.0234375 0.04351851851851852
7 0.28229166666666666 0.5486111111111112 0.023958333333333335 0.06018518518518518
7 0.30442708333333335 0.5509259259259259 0.024479166666666666 0.13333333333333333
7 0.33697916666666666 0.5532407407407407 0.017708333333333333 0.03981481481481482
7 0.35052083333333334 0.5462962962962963 0.016666666666666666 0.044444444444444446
7 0.3606770833333333 0.549074074074074 0.011979166666666667 0.03518518518518519
7 0.37447916666666664 0.5347222222222222 0.009375 0.10462962962962963
7 0.41901041666666666 0.537962962962963 0.0171875 0.07037037037037037
7 0.43020833333333336 0.5425925925925926 0.013541666666666667 0.06481481481481481
7 0.43333333333333335 0.5486111111111112 0.020833333333333332 0.03981481481481482
7 0.44427083333333334 0.5337962962962963 0.01875 0.08055555555555556
7 0.45078125 0.5236111111111111 0.005729166666666666 0.04722222222222222
7 0.4549479166666667 0.5254629629629629 0.009895833333333333 0.03981481481481482
7 0.4552083333333333 0.5560185185185185 0.019791666666666666 0.03796296296296296
7 0.46380208333333334 0.5236111111111111 0.0140625 0.07314814814814814
7 0.48151041666666666 0.5412037037037037 0.0234375 0.09351851851851851
7 0.5005208333333333 0.5282407407407408 0.0125 0.023148148148148147
7 0.49765625 0.5337962962962963 0.0078125 0.019444444444444445
7 0.5135416666666667 0.5203703703703704 0.007291666666666667 0.037037037037037035
7 0.5197916666666667 0.5023148148148148 0.007291666666666667 0.013888888888888888
7 0.51640625 0.5199074074074074 0.015104166666666667 0.03796296296296296
7 0.52734375 0.5041666666666667 0.0078125 0.013888888888888888
7 0.5307291666666667 0.5027777777777778 0.004166666666666667 0.009259259259259259
7 0.5361979166666667 0.5370370370370371 0.013020833333333334 0.07962962962962963
7 0.53984375 0.5222222222222223 0.005729166666666666 0.037037037037037035
7 0.5458333333333333 0.5199074074074074 0.008333333333333333 0.03425925925925926
7 0.55 0.5097222222222222 0.009375 0.026851851851851852
3 0.6263020833333334 0.5032407407407408 0.1484375 0.18796296296296297
6 0.5216145833333333 0.5611111111111111 0.0359375 0.05740740740740741
8 0.5197916666666667 0.5467592592592593 0.015625 0.07685185185185185
8 0.5260416666666666 0.5416666666666666 0.016666666666666666 0.06481481481481481
6 0.4046875 0.6106481481481482 0.046875 0.13796296296296295
8 0.40572916666666664 0.5791666666666667 0.0375 0.13796296296296295
8 0.3966145833333333 0.5768518518518518 0.04010416666666667 0.13148148148148148
6 0.58359375 0.6388888888888888 0.0640625 0.15185185185185185
8 0.5963541666666666 0.5990740740740741 0.023958333333333335 0.1685185185185185
8 0.5763020833333333 0.5976851851851852 0.04739583333333333 0.1675925925925926
3 0.8614583333333333 0.49953703703703706 0.014583333333333334 0.026851851851851852
13 0.8807291666666667 0.48935185185185187 0.027083333333333334 0.049074074074074076
6 0.8815104166666666 0.5638888888888889 0.022395833333333334 0.07037037037037037
8 0.8830729166666667 0.5518518518518518 0.0203125 0.08333333333333333
8 0.8734375 0.5319444444444444 0.014583333333333334 0.058333333333333334
6 0.9143229166666667 0.5939814814814814 0.0328125 0.08796296296296297
8 0.9145833333333333 0.5615740740740741 0.034375 0.10833333333333334
6 0.9622395833333334 0.7694444444444445 0.07447916666666667 0.26296296296296295
8 0.9643229166666667 0.6601851851851852 0.0703125 0.29259259259259257
13 0.9453125 0.49166666666666664 0.10833333333333334 0.21481481481481482
6 0.24739583333333334 0.6407407407407407 0.06458333333333334 0.17777777777777778
8 0.25364583333333335 0.6134259259259259 0.06666666666666667 0.19537037037037036