4 0.029151483602290473 0.5449074074074074 0.05830296720458095 0.11018518518518519
4 0.1241540864133264 0.5606481481481481 0.17751171264966165 0.12314814814814815
7 0.19364914107235814 0.5148148148148148 0.01353461738677772 0.07222222222222222
6 0.3617907339927121 0.55 0.02394586153045289 0.053703703703703705
6 0.3958875585632483 0.5486111111111112 0.018219677251431546 0.04351851851851852
6 0.41384695471108796 0.5504629629629629 0.024986985944820406 0.03981481481481482
13 0.4786569495054659 0.5518518518518518 0.0827693909422176 0.18703703703703703
4 0.5400832899531494 0.5615740740740741 0.04737116085372202 0.07314814814814814
13 0.5637688703800104 0.5342592592592592 0.03019260801665799 0.07777777777777778
6 0.5733992712129099 0.5638888888888889 0.014055179593961478 0.03148148148148148
6 0.6134825611660594 0.5773148148148148 0.022384174908901613 0.06018518518518518
6 0.5801665799062988 0.5671296296296297 0.016137428422696512 0.03981481481481482
8 0.5796460176991151 0.5569444444444445 0.013014055179593961 0.04722222222222222
7 0.5937011972930766 0.5476851851851852 0.010931806350858927 0.04537037037037037
7 0.6124414367516918 0.5416666666666666 0.010931806350858927 0.03888888888888889
7 0.6223321186881833 0.5453703703703704 0.013014055179593961 0.04259259259259259
7 0.6220718375845914 0.5731481481481482 0.015616866215512754 0.07407407407407407
6 0.6467985424258199 0.575 0.011972930765226444 0.05
7 0.6884435190005206 0.5662037037037037 0.014055179593961478 0.0712962962962963
7 0.7300884955752213 0.5685185185185185 0.02030192608016658 0.06296296296296296
7 0.7683498178032275 0.5671296296296297 0.011452368558042686 0.06388888888888888
7 0.756376887038001 0.5569444444444445 0.015616866215512754 0.058333333333333334
7 0.8388859968766268 0.5694444444444444 0.016137428422696512 0.06851851851851852
4 0.8953669963560645 0.5953703703703703 0.092660072878709 0.1
7 0.9070796460176991 0.5462962962962963 0.008849557522123894 0.020370370370370372
6 0.9760541384695471 0.6138888888888889 0.032274856845393024 0.06851851851851852
6 0.9703279541905258 0.7412037037037037 0.05830296720458095 0.20277777777777778
10 0.42894325871941696 0.4976851851851852 0.012493492972410203 0.023148148148148147
6 0.6733472149921915 0.5800925925925926 0.010931806350858927 0.030555555555555555