4 0.05572916666666667 0.5958333333333333 0.04583333333333333 0.021296296296296296
4 0.1046875 0.6106481481481482 0.05625 0.05277777777777778
1 0.1859375 0.5861111111111111 0.1 0.020370370370370372
6 0.09817708333333333 0.6319444444444444 0.019270833333333334 0.03425925925925926
8 0.08776041666666666 0.6143518518518518 0.0359375 0.06018518518518518
8 0.2546875 0.5851851851851851 0.016666666666666666 0.022222222222222223
4 0.22890625 0.725925925925926 0.2953125 0.28703703703703703
4 0.051041666666666666 0.6833333333333333 0.10208333333333333 0.17037037037037037
6 0.03203125 0.7175925925925926 0.0640625 0.1685185185185185
8 0.015625 0.675 0.03125 0.18518518518518517
6 0.7395833333333334 0.6282407407407408 0.058333333333333334 0.13425925925925927
6 0.78046875 0.6333333333333333 0.03697916666666667 0.07407407407407407
0 0.69296875 0.6810185185185185 0.04114583333333333 0.028703703703703703
6 0.84375 0.5893518518518519 0.021875 0.07314814814814814
7 0.8638020833333333 0.586574074074074 0.0234375 0.125
6 0.9401041666666666 0.5671296296296297 0.014583333333333334 0.03981481481481482
8 0.940625 0.5606481481481481 0.014583333333333334 0.049074074074074076
13 0.9752604166666666 0.5648148148148148 0.0484375 0.2
7 0.7848958333333333 0.6148148148148148 0.035416666666666666 0.18518518518518517