3 0.5101509630400833 0.5115740740740741 0.01353461738677772 0.01574074074074074
1 0.510671525247267 0.5268518518518519 0.012493492972410203 0.024074074074074074
14 0.5229047371160854 0.5226851851851851 0.015096304008328995 0.030555555555555555
14 0.5463300364393545 0.5171296296296296 0.011972930765226444 0.026851851851851852
13 0.571056741280583 0.5203703703703704 0.017699115044247787 0.046296296296296294
13 0.5952628839146278 0.5203703703703704 0.031754294638209266 0.09444444444444444
4 0.6246746486205101 0.5296296296296297 0.011452368558042686 0.024074074074074074
6 0.6533055700156168 0.5356481481481481 0.008328995314940135 0.017592592592592594
6 0.6447162935970848 0.5333333333333333 0.007808433107756377 0.016666666666666666
8 0.65096304008329 0.5254629629629629 0.005726184279021343 0.019444444444444445
8 0.644195731389901 0.5263888888888889 0.00676730869338886 0.025
4 0.7014575741801146 0.5324074074074074 0.022384174908901613 0.02962962962962963
1 0.676730869338886 0.5412037037037037 0.03435710567412806 0.058333333333333334
4 0.713430504945341 0.562962962962963 0.052576782925559604 0.07962962962962963
6 0.7891723060905779 0.5648148148148148 0.02706923477355544 0.053703703703703705
8 0.7907339927121291 0.5439814814814815 0.020822488287350338 0.06388888888888888
6 0.8901613742842269 0.5606481481481481 0.02394586153045289 0.03611111111111111
8 0.8893805309734514 0.5439814814814815 0.010931806350858927 0.05092592592592592
6 0.9859448204060385 0.6231481481481481 0.024986985944820406 0.1111111111111111
8 0.9950546590317543 0.625 0.00676730869338886 0.06666666666666667
4 0.3235294117647059 0.5601851851851852 0.04737116085372202 0.0962962962962963
1 0.26496616345653307 0.562962962962963 0.07079646017699115 0.1
7 0.20093701197293076 0.5148148148148148 0.010411244143675169 0.03333333333333333
7 0.33524206142634044 0.5638888888888889 0.018740239458615304 0.1037037037037037
4 0.23971889640812077 0.5800925925925926 0.09213951067152525 0.11203703703703703
4 0.20640291514836023 0.6592592592592592 0.1556480999479438 0.24259259259259258
1 0.11114003123373244 0.7486111111111111 0.22228006246746487 0.49722222222222223
3 0.4237376366475794 0.5171296296296296 0.1592920353982301 0.3138888888888889