4 0.44296875 0.47453703703703703 0.0046875 0.006481481481481481
4 0.4513020833333333 0.47175925925925927 0.0036458333333333334 0.006481481481481481
4 0.4549479166666667 0.4736111111111111 0.0036458333333333334 0.006481481481481481
4 0.45625 0.48194444444444445 0.005208333333333333 0.006481481481481481
4 0.4669270833333333 0.4791666666666667 0.005729166666666666 0.006481481481481481
4 0.4609375 0.48333333333333334 0.005208333333333333 0.007407407407407408
4 0.453125 0.48842592592592593 0.010416666666666666 0.013888888888888888
13 0.47734375 0.49074074074074076 0.0171875 0.03518518518518519
4 0.48984375 0.49398148148148147 0.0078125 0.008333333333333333
4 0.4953125 0.5 0.009375 0.016666666666666666
7 0.49947916666666664 0.5013888888888889 0.004166666666666667 0.017592592592592594
4 0.5122395833333333 0.4930555555555556 0.008854166666666666 0.006481481481481481
6 0.51796875 0.5115740740740741 0.0067708333333333336 0.01574074074074074
8 0.51875 0.5064814814814815 0.005208333333333333 0.020370370370370372
4 0.5158854166666667 0.5013888888888889 0.011979166666666667 0.017592592592592594
4 0.5260416666666666 0.4981481481481482 0.009375 0.009259259259259259
4 0.5322916666666667 0.5013888888888889 0.009375 0.01574074074074074
4 0.5408854166666667 0.5037037037037037 0.013020833333333334 0.018518518518518517
4 0.5484375 0.49953703703703706 0.008333333333333333 0.010185185185185186
3 0.55859375 0.4925925925925926 0.021354166666666667 0.024074074074074074
3 0.60859375 0.5078703703703704 0.0515625 0.07314814814814814
7 0.6356770833333333 0.5231481481481481 0.0067708333333333336 0.040740740740740744
8 0.6940104166666666 0.5143518518518518 0.0067708333333333336 0.012037037037037037
7 0.7015625 0.5171296296296296 0.00625 0.017592592592592594
6 0.7377604166666667 0.5527777777777778 0.019270833333333334 0.03888888888888889
6 0.7505208333333333 0.5518518518518518 0.023958333333333335 0.05185185185185185
6 0.7802083333333333 0.575925925925926 0.03333333333333333 0.07037037037037037
8 0.7809895833333333 0.5532407407407407 0.027604166666666666 0.08796296296296297
7 0.8041666666666667 0.5578703703703703 0.015625 0.06574074074074074
7 0.8421875 0.5652777777777778 0.017708333333333333 0.075
7 0.8786458333333333 0.5347222222222222 0.0125 0.032407407407407406
4 0.8950520833333333 0.5777777777777777 0.07447916666666667 0.08333333333333333
7 0.9684895833333333 0.5712962962962963 0.015104166666666667 0.08518518518518518
6 0.9502604166666667 0.687037037037037 0.0984375 0.19074074074074074
8 0.9473958333333333 0.6194444444444445 0.059375 0.22962962962962963
4 0.6807291666666667 0.5574074074074075 0.07916666666666666 0.09444444444444444
6 0.52421875 0.5138888888888888 0.0109375 0.016666666666666666
8 0.5234375 0.5092592592592593 0.00625 0.020370370370370372
8 0.52578125 0.5083333333333333 0.005729166666666666 0.024074074074074074
8 0.5309895833333333 0.5087962962962963 0.0067708333333333336 0.025
8 0.53359375 0.5041666666666667 0.0046875 0.019444444444444445
8 0.5359375 0.5092592592592593 0.007291666666666667 0.020370370370370372
6 0.5325520833333334 0.5125 0.011979166666666667 0.019444444444444445
6 0.5388020833333333 0.5175925925925926 0.009895833333333333 0.024074074074074074
8 0.5393229166666667 0.512962962962963 0.0078125 0.027777777777777776
4 0.5541666666666667 0.5194444444444445 0.030208333333333334 0.03888888888888889
6 0.5697916666666667 0.5254629629629629 0.007291666666666667 0.026851851851851852
8 0.5690104166666666 0.5180555555555556 0.009895833333333333 0.03611111111111111
6 0.5796875 0.5393518518518519 0.016666666666666666 0.04722222222222222
8 0.5747395833333333 0.5259259259259259 0.0078125 0.046296296296296294
8 0.5802083333333333 0.5277777777777778 0.017708333333333333 0.05555555555555555
8 0.5734375 0.5074074074074074 0.005208333333333333 0.012962962962962963
8 0.5653645833333333 0.5060185185185185 0.0046875 0.01574074074074074
13 0.5354166666666667 0.49675925925925923 0.010416666666666666 0.021296296296296296
8 0.4354166666666667 0.4962962962962963 0.00625 0.016666666666666666
8 0.43046875 0.4949074074074074 0.0078125 0.01574074074074074
8 0.42604166666666665 0.49537037037037035 0.005208333333333333 0.014814814814814815
4 0.4669270833333333 0.4930555555555556 0.0078125 0.013888888888888888
8 0.4544270833333333 0.4935185185185185 0.0067708333333333336 0.014814814814814815
14 0.446875 0.4935185185185185 0.01875 0.014814814814814815
4 0.4609375 0.4949074074074074 0.013541666666666667 0.017592592592592594
4 0.48671875 0.5046296296296297 0.018229166666666668 0.022222222222222223
4 0.47604166666666664 0.5060185185185185 0.029166666666666667 0.025
8 0.4518229166666667 0.4935185185185185 0.0046875 0.007407407407407408
4 0.4453125 0.5162037037037037 0.029166666666666667 0.049074074074074076
4 0.45989583333333334 0.4962962962962963 0.010416666666666666 0.011111111111111112
4 0.48203125 0.5643518518518519 0.07552083333333333 0.1175925925925926
7 0.4075520833333333 0.49537037037037035 0.0067708333333333336 0.018518518518518517
6 0.4161458333333333 0.5407407407407407 0.017708333333333333 0.044444444444444446
8 0.4161458333333333 0.49212962962962964 0.008333333333333333 0.008333333333333333
7 0.3924479166666667 0.5009259259259259 0.008854166666666666 0.037037037037037035
7 0.38619791666666664 0.5 0.009895833333333333 0.03888888888888889
7 0.375 0.49583333333333335 0.009375 0.03981481481481482
7 0.365625 0.4981481481481482 0.008333333333333333 0.046296296296296294
7 0.36041666666666666 0.5032407407407408 0.011458333333333333 0.049074074074074076
6 0.3763020833333333 0.5416666666666666 0.0234375 0.06481481481481481
8 0.37578125 0.5296296296296297 0.0203125 0.07222222222222222
7 0.3421875 0.5027777777777778 0.0125 0.053703703703703705
2 0.32578125 0.6472222222222223 0.0421875 0.1537037037037037
8 0.32578125 0.5893518518518519 0.04010416666666667 0.20092592592592592
7 0.08203125 0.7222222222222222 0.07864583333333333 0.42962962962962964
0 0.48072916666666665 0.05648148148148148 0.004166666666666667 0.014814814814814815
10 0.465625 0.4583333333333333 0.04375 0.014814814814814815
8 0.65078125 0.5171296296296296 0.005729166666666666 0.017592592592592594
7 0.9942708333333333 0.5722222222222222 0.010416666666666666 0.09259259259259259