10 0.9440104166666666 0.38564814814814813 0.06197916666666667 0.025
4 0.97421875 0.45694444444444443 0.011979166666666667 0.01574074074074074
4 0.98671875 0.4648148148148148 0.0140625 0.024074074074074074
4 0.9526041666666667 0.4962962962962963 0.07604166666666666 0.10925925925925926
1 0.80234375 0.5921296296296297 0.3171875 0.31574074074074077
4 0.9104166666666667 0.8055555555555556 0.178125 0.3574074074074074
6 0.8890625 0.8291666666666667 0.22083333333333333 0.3398148148148148
8 0.9815104166666667 0.8597222222222223 0.0359375 0.2712962962962963
1 0.028125 0.4476851851851852 0.05625 0.06018518518518518
4 0.0453125 0.5324074074074074 0.05416666666666667 0.17037037037037037
6 0.020833333333333332 0.5708333333333333 0.041666666666666664 0.1398148148148148
8 0.021354166666666667 0.5370370370370371 0.042708333333333334 0.22592592592592592
13 0.4328125 0.49953703703703706 0.7822916666666667 0.9990740740740741