3 0.11686621551275378 0.5226851851851851 0.1140031233732431 0.15648148148148147
3 0.01978136387298282 0.5069444444444444 0.03956272774596564 0.14537037037037037
6 0.15382613222280062 0.5828703703703704 0.03279541905257678 0.09351851851851851
8 0.15616866215512754 0.5574074074074075 0.03019260801665799 0.10185185185185185
6 0.021343050494534097 0.5990740740740741 0.041644976574700676 0.11481481481481481
8 0.017438833940655908 0.5638888888888889 0.0338365434669443 0.14629629629629629
6 0.17647058823529413 0.5736111111111111 0.01665799062988027 0.030555555555555555
8 0.1754294638209266 0.5407407407407407 0.014575741801145237 0.08148148148148149
6 0.3266527850078084 0.5365740740740741 0.007808433107756377 0.013888888888888888
8 0.32613222280062465 0.5277777777777778 0.00989068193649141 0.025925925925925925
4 0.31598125976054137 0.5310185185185186 0.020822488287350338 0.03796296296296296
7 0.3732431025507548 0.5453703703703704 0.008328995314940135 0.025925925925925925
3 0.3956272774596564 0.5273148148148148 0.024986985944820406 0.10277777777777777
6 0.3844351900052056 0.5828703703703704 0.01717855283706403 0.05277777777777778
8 0.38183237896928685 0.5638888888888889 0.024466423737636647 0.07592592592592592
1 0.5497136907860489 0.5310185185185186 0.020822488287350338 0.026851851851851852
8 0.53878188443519 0.5287037037037037 0.008328995314940135 0.024074074074074074
8 0.5419052576782926 0.5356481481481481 0.009370119729307652 0.021296296296296296
3 0.5114523685580427 0.5162037037037037 0.05153565851119209 0.08425925925925926
13 0.4471629359708485 0.5370370370370371 0.08745445080687142 0.2574074074074074
1 0.45783446121811555 0.6240740740740741 0.09109838625715773 0.2
4 0.5203019260801666 0.5884259259259259 0.05049453409682457 0.10277777777777777
4 0.5356585111920874 0.6226851851851852 0.06975533576262363 0.16203703703703703
3 0.7748568453930245 0.4976851851851852 0.446121811556481 0.9953703703703703
7 0.24518479958355024 0.6282407407407408 0.03748047891723061 0.0824074074074074
7 0.2618427902134305 0.5921296296296297 0.03643935450286309 0.18425925925925926
7 0.02316501821967725 0.6601851851851852 0.0463300364393545 0.09814814814814815
7 0.35372201978136386 0.5564814814814815 0.016137428422696512 0.08703703703703704