10 0.3995314940135346 0.4925925925925926 0.010931806350858927 0.018518518518518517
6 0.40525767829255593 0.5532407407407407 0.011972930765226444 0.03425925925925926
8 0.40707964601769914 0.5462962962962963 0.015616866215512754 0.05
7 0.4083810515356585 0.524537037037037 0.005726184279021343 0.017592592592592594
13 0.45184799583550234 0.5166666666666667 0.020822488287350338 0.03333333333333333
8 0.44456012493492975 0.5296296296296297 0.008328995314940135 0.024074074074074074
6 0.4323269130661114 0.5541666666666667 0.00989068193649141 0.032407407407407406
8 0.4349297241020302 0.5425925925925926 0.01717855283706403 0.046296296296296294
4 0.4752732951587715 0.5722222222222222 0.062467464862051014 0.10740740740740741
6 0.5018219677251432 0.5430555555555555 0.008328995314940135 0.025
8 0.5020822488287351 0.5333333333333333 0.007808433107756377 0.022222222222222223
6 0.43805309734513276 0.6166666666666667 0.03591879229567933 0.10185185185185185
8 0.4403956272774597 0.5731481481481482 0.031233732431025507 0.08333333333333333
6 0.5499739718896408 0.5736111111111111 0.024466423737636647 0.06574074074074074
8 0.5499739718896408 0.5564814814814815 0.024466423737636647 0.06481481481481481
6 0.6988547631441957 0.5851851851851851 0.034877667881311816 0.06296296296296296
6 0.665799062988027 0.6046296296296296 0.045809474232170744 0.08148148148148149
6 0.7207183758459136 0.5967592592592592 0.042165538781884435 0.07685185185185185
6 0.7329515877147319 0.5953703703703703 0.04060385216033316 0.0962962962962963
6 0.7514315460697554 0.600462962962963 0.031754294638209266 0.10833333333333334
6 0.7873503383654347 0.6157407407407407 0.07652264445601249 0.0962962962962963
6 0.969807391983342 0.6203703703703703 0.059344091618948464 0.11851851851851852
4 0.36647579385736595 0.5726851851851852 0.0739198334200937 0.13055555555555556
4 0.31884435190005206 0.6129629629629629 0.11504424778761062 0.1685185185185185