1 0.45859375 0.5106481481481482 0.0067708333333333336 0.01574074074074074
4 0.4552083333333333 0.5152777777777777 0.007291666666666667 0.019444444444444445
4 0.44583333333333336 0.5203703703703704 0.01875 0.03518518518518519
13 0.48151041666666666 0.500462962962963 0.0296875 0.058333333333333334
13 0.5455729166666666 0.4791666666666667 0.04635416666666667 0.04722222222222222
13 0.49661458333333336 0.5111111111111111 0.04010416666666667 0.04814814814814815
6 0.46901041666666665 0.5351851851851852 0.008854166666666666 0.03148148148148148
6 0.4434895833333333 0.5333333333333333 0.013020833333333334 0.022222222222222223
8 0.46979166666666666 0.525 0.010416666666666666 0.027777777777777776
4 0.40078125 0.524074074074074 0.0609375 0.05185185185185185
4 0.4239583333333333 0.5351851851851852 0.03333333333333333 0.053703703703703705
4 0.48880208333333336 0.5675925925925925 0.05364583333333333 0.1111111111111111
4 0.6385416666666667 0.524537037037037 0.030208333333333334 0.032407407407407406
13 0.709375 0.5328703703703703 0.0375 0.04351851851851852
6 0.73046875 0.538425925925926 0.0109375 0.028703703703703703
13 0.7984375 0.5462962962962963 0.090625 0.06851851851851852
4 0.5619791666666667 0.6231481481481481 0.12291666666666666 0.2611111111111111
13 0.93125 0.5476851851851852 0.0875 0.10277777777777777
13 0.9830729166666666 0.575925925925926 0.0328125 0.31296296296296294
6 0.37213541666666666 0.5333333333333333 0.04010416666666667 0.046296296296296294
7 0.4635416666666667 0.5106481481481482 0.0020833333333333333 0.006481481481481481
14 0.4666666666666667 0.4898148148148148 0.0020833333333333333 0.005555555555555556