14 0.38984375 0.5365740740740741 0.011979166666666667 0.017592592592592594
4 0.40078125 0.5425925925925926 0.0078125 0.012962962962962963
4 0.42421875 0.5518518518518518 0.011979166666666667 0.022222222222222223
1 0.4122395833333333 0.549537037037037 0.013020833333333334 0.028703703703703703
4 0.44192708333333336 0.5472222222222223 0.0171875 0.025925925925925925
4 0.4666666666666667 0.5509259259259259 0.015625 0.025925925925925925
6 0.40703125 0.5680555555555555 0.0078125 0.019444444444444445
8 0.40677083333333336 0.5555555555555556 0.009375 0.037037037037037035
6 0.3984375 0.5726851851851852 0.008333333333333333 0.025
8 0.39921875 0.5527777777777778 0.011979166666666667 0.03518518518518519
6 0.39036458333333335 0.5893518518518519 0.021354166666666667 0.0712962962962963
8 0.39140625 0.5643518518518519 0.019270833333333334 0.06388888888888888
6 0.45208333333333334 0.5763888888888888 0.016666666666666666 0.05277777777777778
8 0.45026041666666666 0.5449074074074074 0.008854166666666666 0.025
8 0.45364583333333336 0.5574074074074075 0.014583333333333334 0.04814814814814815
4 0.8598958333333333 0.5791666666666667 0.07083333333333333 0.04351851851851852
4 0.9669270833333333 0.5884259259259259 0.06510416666666667 0.03981481481481482