7 0.45677083333333335 0.6129629629629629 0.025 0.14074074074074075
7 0.38515625 0.5745370370370371 0.013020833333333334 0.04351851851851852
7 0.43020833333333336 0.6134259259259259 0.036458333333333336 0.18981481481481483
7 0.40625 0.6268518518518519 0.030208333333333334 0.1388888888888889
6 0.3 0.6138888888888889 0.08020833333333334 0.1
7 0.35651041666666666 0.6134259259259259 0.034895833333333334 0.225
6 0.20286458333333332 0.7486111111111111 0.1609375 0.3490740740740741
6 0.13255208333333332 0.7939814814814815 0.15885416666666666 0.4064814814814815
7 0.4510416666666667 0.5375 0.007291666666666667 0.030555555555555555
7 0.45729166666666665 0.5398148148148149 0.009375 0.03148148148148148
7 0.46015625 0.5458333333333333 0.011979166666666667 0.030555555555555555
4 0.47109375 0.5412037037037037 0.018229166666666668 0.028703703703703703
4 0.50390625 0.5402777777777777 0.0140625 0.028703703703703703
7 0.4783854166666667 0.5356481481481481 0.0078125 0.01574074074074074
6 0.48880208333333336 0.5472222222222223 0.0109375 0.024074074074074074
8 0.48854166666666665 0.5398148148148149 0.009375 0.025925925925925925
6 0.49895833333333334 0.5486111111111112 0.009375 0.025
6 0.49557291666666664 0.5462962962962963 0.0067708333333333336 0.022222222222222223
8 0.49635416666666665 0.5324074074074074 0.004166666666666667 0.016666666666666666
8 0.4984375 0.5430555555555555 0.008333333333333333 0.032407407407407406
7 0.5140625 0.537962962962963 0.00625 0.020370370370370372
6 0.51796875 0.5513888888888889 0.0109375 0.032407407407407406
6 0.5091145833333334 0.5634259259259259 0.013020833333333334 0.03796296296296296
8 0.5096354166666667 0.5592592592592592 0.016145833333333335 0.046296296296296294
7 0.5247395833333334 0.5425925925925926 0.0109375 0.03888888888888889
6 0.5268229166666667 0.5601851851851852 0.016145833333333335 0.037037037037037035
7 0.5317708333333333 0.5416666666666666 0.00625 0.022222222222222223
7 0.5372395833333333 0.5430555555555555 0.0078125 0.028703703703703703
6 0.5388020833333333 0.5722222222222222 0.0171875 0.04259259259259259
7 0.5557291666666667 0.5611111111111111 0.0125 0.07037037037037037
6 0.57578125 0.5925925925925926 0.034895833333333334 0.08333333333333333
7 0.5752604166666667 0.5453703703703704 0.005729166666666666 0.016666666666666666
7 0.58046875 0.5416666666666666 0.008854166666666666 0.03148148148148148
7 0.6322916666666667 0.5703703703703704 0.03125 0.06111111111111111
7 0.6611979166666667 0.6092592592592593 0.050520833333333334 0.2777777777777778
7 0.6971354166666667 0.649537037037037 0.043229166666666666 0.2064814814814815
7 0.6299479166666667 0.6995370370370371 0.05572916666666667 0.33796296296296297
6 0.47942708333333334 0.5680555555555555 0.013020833333333334 0.04351851851851852
8 0.4786458333333333 0.5444444444444444 0.0125 0.02962962962962963
8 0.4791666666666667 0.5574074074074075 0.013541666666666667 0.05
7 0.23307291666666666 0.5009259259259259 0.016145833333333335 0.11296296296296296