4 0.25299323269130664 0.5074074074074074 0.018740239458615304 0.009259259259259259
7 0.27199375325351377 0.5074074074074074 0.00676730869338886 0.009259259259259259
7 0.2621030713170224 0.5074074074074074 0.004685059864653826 0.009259259259259259
1 0.2954190525767829 0.5550925925925926 0.02030192608016658 0.08611111111111111
1 0.25637688703800104 0.5666666666666667 0.05361790733992712 0.11666666666666667
6 0.286569495054659 0.5944444444444444 0.031754294638209266 0.08518518518518518
8 0.28865174388339404 0.5717592592592593 0.03071317022384175 0.11018518518518519
3 0.1215512753774076 0.5370370370370371 0.2431025507548152 0.662962962962963
13 0.41020301926080166 0.5351851851851852 0.21655387818844352 0.4166666666666667
6 0.5153565851119208 0.7425925925925926 0.092660072878709 0.3037037037037037
8 0.5163977095262884 0.663425925925926 0.08433107756376887 0.2657407407407407
2 0.5981259760541384 0.6222222222222222 0.062467464862051014 0.13333333333333333
8 0.5877147319104633 0.5847222222222223 0.05101509630400833 0.18981481481481483
13 0.5580426861009891 0.5175925925925926 0.052056220718375845 0.10740740740740741
4 0.6124414367516918 0.5180555555555556 0.015096304008328995 0.019444444444444445
4 0.6324830817282665 0.5189814814814815 0.031233732431025507 0.019444444444444445
4 0.6389901093180635 0.5652777777777778 0.05153565851119209 0.09537037037037037
4 0.6697032795419052 0.5185185185185185 0.04320666319625195 0.024074074074074074
7 0.6957313899010932 0.512962962962963 0.011972930765226444 0.022222222222222223
8 0.6824570536179073 0.5166666666666667 0.007287870900572618 0.012962962962962963
8 0.6704841228526809 0.5212962962962963 0.0052056220718375845 0.009259259259259259
4 0.6998958875585632 0.5958333333333333 0.107756376887038 0.14722222222222223
4 0.7230609057782404 0.5194444444444445 0.055179593961478396 0.014814814814814815
4 0.7503904216553878 0.5199074074074074 0.034877667881311816 0.021296296296296296
4 0.7990629880270692 0.5291666666666667 0.059344091618948464 0.06018518518518518
8 0.7165538781884435 0.5208333333333334 0.008849557522123894 0.017592592592592594
4 0.7516918271733473 0.5703703703703704 0.06663196251952108 0.09259259259259259
4 0.9128058302967205 0.512962962962963 0.039042165538781884 0.018518518518518517
4 0.9656428943258719 0.5171296296296296 0.03643935450286309 0.021296296296296296
1 0.9432587194169704 0.6361111111111111 0.11035918792295679 0.2388888888888889
4 0.8625715773034878 0.5842592592592593 0.04997397188964081 0.1
7 0.8068714211348256 0.538425925925926 0.008328995314940135 0.032407407407407406
6 0.7506507027589797 0.5990740740740741 0.032274856845393024 0.1
8 0.7566371681415929 0.5824074074074074 0.04112441436751692 0.12037037037037036
6 0.7920353982300885 0.6083333333333333 0.042165538781884435 0.11481481481481481
8 0.7894325871941698 0.5819444444444445 0.03800104112441437 0.11944444444444445
6 0.8328995314940135 0.6231481481481481 0.055179593961478396 0.12962962962962962
8 0.829776158250911 0.5995370370370371 0.055179593961478396 0.15648148148148147
6 0.8854763144195731 0.675 0.08328995314940135 0.16666666666666666
8 0.862051015096304 0.6222222222222222 0.035398230088495575 0.16296296296296298
8 0.8883394065590838 0.6342592592592593 0.061946902654867256 0.21481481481481482
4 0.8758459135866736 0.5166666666666667 0.039042165538781884 0.037037037037037035