6 0.040364583333333336 0.6731481481481482 0.07552083333333333 0.17037037037037037
8 0.05364583333333333 0.6240740740740741 0.04583333333333333 0.17037037037037037
8 0.03619791666666667 0.6356481481481482 0.06927083333333334 0.20277777777777778
14 0.48880208333333336 0.5402777777777777 0.008854166666666666 0.023148148148148147
4 0.48984375 0.5546296296296296 0.008854166666666666 0.014814814814814815
13 0.5182291666666666 0.562962962962963 0.052083333333333336 0.10925925925925926
7 0.55703125 0.5518518518518518 0.009895833333333333 0.025925925925925925
7 0.5640625 0.5578703703703703 0.005208333333333333 0.017592592592592594
13 0.5708333333333333 0.5453703703703704 0.027083333333333334 0.03518518518518519
14 0.6049479166666667 0.5615740740740741 0.008854166666666666 0.013888888888888888
4 0.6247395833333333 0.5736111111111111 0.034895833333333334 0.04722222222222222
4 0.6705729166666666 0.5898148148148148 0.058854166666666666 0.09814814814814815
4 0.7049479166666667 0.5587962962962963 0.011979166666666667 0.026851851851851852
1 0.7528645833333333 0.6263888888888889 0.0953125 0.1935185185185185
6 0.80625 0.6481481481481481 0.027083333333333334 0.08888888888888889
8 0.8065104166666667 0.6152777777777778 0.024479166666666666 0.12129629629629629
6 0.8546875 0.5634259259259259 0.003125 0.013888888888888888
8 0.86484375 0.6166666666666667 0.024479166666666666 0.1
6 0.8682291666666667 0.6439814814814815 0.014583333333333334 0.06759259259259259
6 0.8481770833333333 0.6708333333333333 0.049479166666666664 0.11944444444444445
8 0.8502604166666666 0.6277777777777778 0.04010416666666667 0.1388888888888889
6 0.9013020833333333 0.6694444444444444 0.05260416666666667 0.1425925925925926
8 0.9033854166666667 0.6314814814814815 0.0453125 0.14629629629629629
1 0.8856770833333333 0.6032407407407407 0.0546875 0.10462962962962963
4 0.9466145833333334 0.6291666666666667 0.10572916666666667 0.16203703703703703
6 0.96171875 0.7226851851851852 0.07447916666666667 0.18796296296296297
8 0.9645833333333333 0.6546296296296297 0.046875 0.19074074074074074
7 0.8177083333333334 0.5791666666666667 0.011458333333333333 0.04722222222222222
14 0.4739583333333333 0.5527777777777778 0.007291666666666667 0.009259259259259259
3 0.44817708333333334 0.5328703703703703 0.050520833333333334 0.06574074074074074
1 0.40598958333333335 0.5717592592592593 0.016145833333333335 0.08425925925925926
4 0.43723958333333335 0.5861111111111111 0.0765625 0.12037037037037036
6 0.4830729166666667 0.6180555555555556 0.034895833333333334 0.10277777777777777
8 0.48203125 0.5898148148148148 0.030729166666666665 0.11666666666666667
4 0.36744791666666665 0.5564814814814815 0.016145833333333335 0.020370370370370372
4 0.39114583333333336 0.5703703703703704 0.0125 0.03518518518518519
6 0.38255208333333335 0.5916666666666667 0.025520833333333333 0.06851851851851852
8 0.38177083333333334 0.5736111111111111 0.022916666666666665 0.07685185185185185
7 0.36953125 0.5671296296296297 0.0109375 0.05277777777777778
8 0.34427083333333336 0.5550925925925926 0.013541666666666667 0.03981481481481482
6 0.35598958333333336 0.6027777777777777 0.030729166666666665 0.07777777777777778
8 0.3572916666666667 0.5763888888888888 0.026041666666666668 0.08981481481481482
8 0.3416666666666667 0.6148148148148148 0.027083333333333334 0.16111111111111112
8 0.3299479166666667 0.6148148148148148 0.0421875 0.1648148148148148
6 0.334375 0.6606481481481481 0.04375 0.14537037037037037
1 0.19270833333333334 0.7032407407407407 0.25416666666666665 0.44351851851851853