10 0.35762623633524204 0.4810185185185185 0.012493492972410203 0.021296296296296296
13 0.4336283185840708 0.5111111111111111 0.022904737116085372 0.03148148148148148
4 0.43154606975533577 0.5731481481481482 0.06871421134825612 0.10925925925925926
4 0.45471108797501303 0.5273148148148148 0.00989068193649141 0.021296296296296296
1 0.48308172826652784 0.5351851851851852 0.010411244143675169 0.027777777777777776
7 0.5541384695471109 0.537962962962963 0.007808433107756377 0.025925925925925925
1 0.4713690786048933 0.5356481481481481 0.018219677251431546 0.03796296296296296
6 0.5275897969807392 0.5787037037037037 0.021343050494534097 0.06111111111111111
8 0.5283706402915148 0.5583333333333333 0.01978136387298282 0.06851851851851852
7 0.37922956793336804 0.5282407407407408 0.00676730869338886 0.032407407407407406
6 0.3607496095783446 0.6342592592592593 0.038521603331598125 0.11666666666666667
8 0.3623112961998959 0.5851851851851851 0.035398230088495575 0.1
7 0.3617907339927121 0.5291666666666667 0.011452368558042686 0.019444444444444445
6 0.9216553878188444 0.7300925925925926 0.1494013534617387 0.22870370370370371
6 0.9508068714211348 0.6601851851851852 0.09734513274336283 0.15555555555555556
4 0.13274336283185842 0.7148148148148148 0.2644456012493493 0.4444444444444444