6 0.23541666666666666 0.5615740740740741 0.0375 0.075
6 0.21979166666666666 0.5638888888888889 0.06770833333333333 0.08333333333333333
6 0.31354166666666666 0.575925925925926 0.025 0.06481481481481481
1 0.44479166666666664 0.5435185185185185 0.008333333333333333 0.03518518518518519
1 0.4309895833333333 0.5462962962962963 0.021354166666666667 0.04814814814814815
13 0.4578125 0.5342592592592592 0.027083333333333334 0.06851851851851852
4 0.51171875 0.5574074074074075 0.033854166666666664 0.053703703703703705
6 0.54375 0.5550925925925926 0.013541666666666667 0.030555555555555555
6 0.47630208333333335 0.5439814814814815 0.011979166666666667 0.013888888888888888
8 0.4765625 0.5398148148148149 0.007291666666666667 0.020370370370370372
4 0.48515625 0.5398148148148149 0.011979166666666667 0.022222222222222223
7 0.4859375 0.5421296296296296 0.00625 0.019444444444444445
6 0.4395833333333333 0.5583333333333333 0.014583333333333334 0.04259259259259259
8 0.440625 0.55 0.013541666666666667 0.044444444444444446
8 0.44036458333333334 0.5527777777777778 0.0140625 0.04259259259259259
4 0.5653645833333333 0.575925925925926 0.0546875 0.07407407407407407
6 0.62890625 0.5578703703703703 0.024479166666666666 0.04351851851851852
4 0.7473958333333334 0.5921296296296297 0.10208333333333333 0.11574074074074074
4 0.8260416666666667 0.6236111111111111 0.221875 0.15462962962962962
6 0.9364583333333333 0.6550925925925926 0.08229166666666667 0.1398148148148148
6 0.9596354166666666 0.6694444444444444 0.0796875 0.13518518518518519
4 0.4036458333333333 0.5587962962962963 0.0375 0.05462962962962963
6 0.36692708333333335 0.7712962962962963 0.09114583333333333 0.25555555555555554
8 0.37864583333333335 0.6129629629629629 0.05520833333333333 0.16111111111111112
8 0.3684895833333333 0.6893518518518519 0.10364583333333334 0.3101851851851852
4 0.6361979166666667 0.5601851851851852 0.0203125 0.046296296296296294
4 0.08776041666666666 0.7875 0.17552083333333332 0.42314814814814816
10 0.4125 0.5138888888888888 0.005208333333333333 0.012962962962962963