4 0.8219677251431546 0.5407407407407407 0.04372722540343571 0.06666666666666667
4 0.8768870380010412 0.5472222222222223 0.10046850598646538 0.07777777777777778
6 0.9013534617386778 0.6027777777777777 0.045288912024986985 0.08888888888888889
8 0.9021343050494534 0.5745370370370371 0.026028110359187923 0.08981481481481482
6 0.7084851639770953 0.5421296296296296 0.01353461738677772 0.03425925925925926
6 0.6907860489328475 0.5611111111111111 0.017699115044247787 0.04259259259259259
6 0.6491410723581468 0.5601851851851852 0.018740239458615304 0.044444444444444446
8 0.6881832378969287 0.5449074074074074 0.015616866215512754 0.04722222222222222
8 0.6488807912545549 0.5402777777777777 0.015096304008328995 0.04722222222222222
8 0.5752212389380531 0.524074074074074 0.0052056220718375845 0.018518518518518517
6 0.5760020822488288 0.5324074074074074 0.005726184279021343 0.016666666666666666
13 0.5312337324310256 0.5319444444444444 0.07548152004164498 0.13240740740740742
4 0.48204060385216035 0.5425925925925926 0.026028110359187923 0.044444444444444446
13 0.4432587194169703 0.5226851851851851 0.027589796980739198 0.05462962962962963
4 0.4146277980218636 0.5337962962962963 0.022384174908901613 0.03796296296296296
4 0.4398750650702759 0.20046296296296295 0.048932847475273294 0.04537037037037037
6 0.9924518479958355 0.5694444444444444 0.014055179593961478 0.046296296296296294
6 0.16501821967725144 0.5328703703703703 0.028110359187922956 0.03981481481481482