6 0.44765625 0.5722222222222222 0.022395833333333334 0.05555555555555555
6 0.45598958333333334 0.5611111111111111 0.0109375 0.044444444444444446
6 0.4609375 0.5546296296296296 0.0125 0.04814814814814815
6 0.5104166666666666 0.524074074074074 0.009375 0.024074074074074074
4 0.5375 0.5222222222222223 0.008333333333333333 0.02962962962962963
1 0.5815104166666667 0.500462962962963 0.013020833333333334 0.021296296296296296
4 0.6203125 0.5106481481481482 0.03333333333333333 0.03425925925925926
4 0.6505208333333333 0.5351851851851852 0.030208333333333334 0.04259259259259259
7 0.67109375 0.5638888888888889 0.0109375 0.08148148148148149
7 0.68046875 0.5796296296296296 0.028645833333333332 0.0962962962962963
7 0.6963541666666667 0.5736111111111111 0.021875 0.09537037037037037
13 0.7197916666666667 0.5476851851851852 0.10729166666666666 0.10277777777777777
6 0.7859375 0.5564814814814815 0.030208333333333334 0.040740740740740744
6 0.8364583333333333 0.5805555555555556 0.025 0.07222222222222222
6 0.8091145833333333 0.5972222222222222 0.0578125 0.06481481481481481
6 0.7578125 0.7875 0.115625 0.33796296296296297
8 0.75078125 0.6990740740740741 0.09739583333333333 0.28888888888888886
6 0.6260416666666667 0.5773148148148148 0.025 0.06574074074074074
8 0.6265625 0.5601851851851852 0.026041666666666668 0.07962962962962963
6 0.5794270833333334 0.5296296296296297 0.0067708333333333336 0.020370370370370372
8 0.5796875 0.5199074074074074 0.00625 0.032407407407407406
13 0.55703125 0.5421296296296296 0.043229166666666666 0.08796296296296297
6 0.5997395833333333 0.6981481481481482 0.0609375 0.17592592592592593
8 0.6 0.6314814814814815 0.06354166666666666 0.1962962962962963
8 0.5966145833333333 0.6402777777777777 0.0671875 0.21388888888888888
6 0.9760416666666667 0.975462962962963 0.046875 0.04722222222222222
8 0.9799479166666667 0.9388888888888889 0.0390625 0.044444444444444446
7 0.76015625 0.4703703703703704 0.009895833333333333 0.027777777777777776