4 0.06041666666666667 0.8476851851851852 0.12083333333333333 0.2935185185185185
4 0.19869791666666667 0.6523148148148148 0.19427083333333334 0.2361111111111111
4 0.34010416666666665 0.5962962962962963 0.08229166666666667 0.12777777777777777
4 0.45026041666666666 0.6875 0.19947916666666668 0.2953703703703704
4 0.44869791666666664 0.5296296296296297 0.06614583333333333 0.03518518518518519
13 0.39479166666666665 0.5407407407407407 0.040625 0.05555555555555555
6 0.27395833333333336 0.5268518518518519 0.019791666666666666 0.020370370370370372
8 0.27291666666666664 0.5152777777777777 0.007291666666666667 0.023148148148148147
7 0.2955729166666667 0.5194444444444445 0.0078125 0.03888888888888889
7 0.34609375 0.524537037037037 0.011979166666666667 0.017592592592592594
13 0.45729166666666665 0.48935185185185187 0.041666666666666664 0.05648148148148148
4 0.43203125 0.5050925925925925 0.015104166666666667 0.010185185185185186
4 0.37786458333333334 0.5226851851851851 0.0234375 0.028703703703703703
8 0.4869791666666667 0.5217592592592593 0.007291666666666667 0.028703703703703703
13 0.5315104166666667 0.5203703703703704 0.04635416666666667 0.05925925925925926
6 0.5236979166666667 0.5472222222222223 0.011979166666666667 0.03333333333333333
8 0.5223958333333333 0.5185185185185185 0.00625 0.016666666666666666
8 0.52578125 0.5388888888888889 0.0140625 0.03888888888888889
1 0.5755208333333334 0.5481481481481482 0.03333333333333333 0.07592592592592592
6 0.6299479166666667 0.6601851851851852 0.07552083333333333 0.17407407407407408
8 0.6216145833333333 0.612037037037037 0.04010416666666667 0.19074074074074074
8 0.63671875 0.611574074074074 0.05572916666666667 0.20277777777777778
7 0.7390625 0.5972222222222222 0.022916666666666665 0.12407407407407407
7 0.7549479166666667 0.5935185185185186 0.0203125 0.12777777777777777
4 0.9109375 0.6430555555555556 0.17395833333333333 0.27314814814814814
10 0.34765625 0.48333333333333334 0.013020833333333334 0.02962962962962963
10 0.4942708333333333 0.5462962962962963 0.01875 0.04259259259259259
10 0.6442708333333333 0.4671296296296296 0.008333333333333333 0.03611111111111111