4 0.08697916666666666 0.6314814814814815 0.10833333333333334 0.10925925925925926
6 0.12760416666666666 0.5814814814814815 0.025 0.05
6 0.2203125 0.6032407407407407 0.025 0.03796296296296296
7 0.43802083333333336 0.5546296296296296 0.008333333333333333 0.018518518518518517
6 0.4236979166666667 0.6074074074074074 0.033854166666666664 0.09259259259259259
8 0.42109375 0.587037037037037 0.0296875 0.0962962962962963
13 0.47890625 0.5351851851851852 0.030729166666666665 0.06666666666666667
6 0.4817708333333333 0.562037037037037 0.011458333333333333 0.03888888888888889
6 0.4859375 0.5578703703703703 0.011458333333333333 0.026851851851851852
8 0.4859375 0.5509259259259259 0.007291666666666667 0.027777777777777776
8 0.48151041666666666 0.5537037037037037 0.0109375 0.04259259259259259
1 0.5026041666666666 0.5333333333333333 0.011458333333333333 0.024074074074074074
14 0.5174479166666667 0.5212962962962963 0.0036458333333333334 0.012962962962962963
4 0.5330729166666667 0.524537037037037 0.0078125 0.013888888888888888
4 0.5234375 0.5555555555555556 0.026041666666666668 0.046296296296296294
7 0.52265625 0.5194444444444445 0.0036458333333333334 0.012962962962962963
4 0.56796875 0.5254629629629629 0.008854166666666666 0.013888888888888888
14 0.58984375 0.5296296296296297 0.009895833333333333 0.014814814814814815
1 0.63203125 0.5449074074074074 0.022395833333333334 0.03981481481481482
6 0.64375 0.5615740740740741 0.011458333333333333 0.03611111111111111
8 0.6432291666666666 0.5504629629629629 0.010416666666666666 0.04351851851851852
6 0.7104166666666667 0.7055555555555556 0.09895833333333333 0.2462962962962963
8 0.6989583333333333 0.6342592592592593 0.08020833333333334 0.2388888888888889
14 0.6125 0.5407407407407407 0.0125 0.03148148148148148
4 0.49505208333333334 0.5453703703703704 0.0067708333333333336 0.027777777777777776