14 0.4828125 0.49027777777777776 0.003125 0.006481481481481481
3 0.48333333333333334 0.5013888888888889 0.005208333333333333 0.012037037037037037
3 0.46875 0.4986111111111111 0.007291666666666667 0.012037037037037037
3 0.4549479166666667 0.5027777777777778 0.011979166666666667 0.016666666666666666
4 0.47552083333333334 0.5009259259259259 0.007291666666666667 0.005555555555555556
4 0.47421875 0.5060185185185185 0.0067708333333333336 0.006481481481481481
4 0.4791666666666667 0.5106481481481482 0.014583333333333334 0.010185185185185186
4 0.46484375 0.5074074074074074 0.015104166666666667 0.007407407407407408
4 0.46848958333333335 0.513425925925926 0.016145833333333335 0.010185185185185186
4 0.478125 0.5541666666666667 0.04479166666666667 0.075
4 0.42916666666666664 0.5217592592592593 0.007291666666666667 0.019444444444444445
4 0.44557291666666665 0.5416666666666666 0.034895833333333334 0.06851851851851852
14 0.4427083333333333 0.5032407407407408 0.009375 0.008333333333333333
4 0.4354166666666667 0.5050925925925925 0.004166666666666667 0.006481481481481481
4 0.4127604166666667 0.5060185185185185 0.0067708333333333336 0.004629629629629629
4 0.41484375 0.5171296296296296 0.011979166666666667 0.019444444444444445
4 0.39895833333333336 0.5055555555555555 0.010416666666666666 0.011111111111111112
4 0.40234375 0.5217592592592593 0.013020833333333334 0.021296296296296296
4 0.38645833333333335 0.5041666666666667 0.008333333333333333 0.010185185185185186
6 0.42161458333333335 0.5597222222222222 0.022395833333333334 0.04722222222222222
6 0.45208333333333334 0.5787037037037037 0.029166666666666667 0.09074074074074075
8 0.4515625 0.5569444444444445 0.027083333333333334 0.09537037037037037
8 0.42265625 0.5412037037037037 0.021354166666666667 0.06759259259259259
8 0.3997395833333333 0.5722222222222222 0.025520833333333333 0.12037037037037036
6 0.39375 0.611574074074074 0.042708333333333334 0.11944444444444445
8 0.3888020833333333 0.5768518518518518 0.033854166666666664 0.12407407407407407
3 0.2635416666666667 0.5226851851851851 0.25 0.21203703703703702
3 0.07291666666666667 0.5074074074074074 0.14583333333333334 0.3592592592592593
4 0.5372395833333333 0.5231481481481481 0.0109375 0.022222222222222223
8 0.5442708333333334 0.5180555555555556 0.00625 0.01574074074074074
6 0.5447916666666667 0.525 0.00625 0.014814814814814815
3 0.690625 0.4935185185185185 0.12708333333333333 0.08703703703703704
6 0.9807291666666667 0.6199074074074075 0.036458333333333336 0.08425925925925926
8 0.9822916666666667 0.5902777777777778 0.021875 0.11574074074074074
10 0.45677083333333335 0.4787037037037037 0.0125 0.012962962962962963
10 0.46927083333333336 0.48009259259259257 0.011458333333333333 0.01574074074074074