4 0.8578865174388339 0.6601851851851852 0.15096304008328995 0.24074074074074073
4 0.5078084331077564 0.5324074074074074 0.008849557522123894 0.022222222222222223
3 0.5268089536699636 0.5194444444444445 0.03643935450286309 0.08148148148148149
3 0.5799062988027069 0.525 0.08120770432066632 0.09074074074074075
13 0.4906298802706923 0.524537037037037 0.008849557522123894 0.019444444444444445
14 0.47683498178032274 0.5166666666666667 0.006246746486205101 0.007407407407407408
4 0.48047891723060904 0.5277777777777778 0.018740239458615304 0.022222222222222223
4 0.4966163456533056 0.5615740740740741 0.041644976574700676 0.07314814814814814
3 0.44820406038521604 0.5194444444444445 0.01353461738677772 0.025925925925925925
3 0.4521082769390942 0.5222222222222223 0.004685059864653826 0.018518518518518517
13 0.46147839666840185 0.5194444444444445 0.016137428422696512 0.03148148148148148
4 0.46173867777199373 0.5458333333333333 0.018740239458615304 0.041666666666666664
1 0.4305049453409682 0.5166666666666667 0.021863612701717855 0.024074074074074074
1 0.370640291514836 0.5643518518518519 0.038521603331598125 0.0787037037037037
4 0.41775117126496614 0.5981481481481481 0.09005726184279021 0.14814814814814814
6 0.4711087975013014 0.6527777777777778 0.04476834981780323 0.12407407407407407
8 0.4724102030192608 0.5944444444444444 0.042165538781884435 0.13518518518518519
6 0.3485163977095263 0.6 0.0338365434669443 0.09259259259259259
8 0.35294117647058826 0.5805555555555556 0.032274856845393024 0.1037037037037037
8 0.3370640291514836 0.5527777777777778 0.01717855283706403 0.05185185185185185
8 0.3112961998958876 0.5333333333333333 0.015616866215512754 0.016666666666666666
8 0.3302967204580947 0.6314814814814815 0.0463300364393545 0.20185185185185187
6 0.3230088495575221 0.6893518518518519 0.07027589796980739 0.21203703703703702
8 0.3175429463820927 0.6342592592592593 0.0676730869338886 0.19814814814814816
1 0.27615825091098384 0.5893518518518519 0.06923477355543987 0.1361111111111111
6 0.2295679333680375 0.6314814814814815 0.045809474232170744 0.1
8 0.2282665278500781 0.5907407407407408 0.04112441436751692 0.13333333333333333
6 0.19885476314419573 0.6898148148148148 0.07600208224882873 0.1685185185185185
8 0.21108797501301405 0.6268518518518519 0.045288912024986985 0.1925925925925926
8 0.18349817803227486 0.6194444444444445 0.06715252472670484 0.1925925925925926
6 0.12129099427381572 0.6606481481481481 0.06559083810515356 0.13425925925925927
8 0.12649661634565332 0.6087962962962963 0.048932847475273294 0.17685185185185184
6 0.035137948984903696 0.7027777777777777 0.07027589796980739 0.1814814814814815
8 0.027850078084331077 0.6421296296296296 0.055700156168662154 0.23425925925925925
4 0.5976054138469548 0.7328703703703704 0.25611660593440916 0.4046296296296296
8 0.45419052576782926 0.5416666666666666 0.010931806350858927 0.03518518518518519