9 0.8278645833333333 0.26990740740740743 0.043229166666666666 0.017592592592592594
9 0.865625 0.425 0.009375 0.07777777777777778
9 0.86171875 0.47314814814814815 0.009895833333333333 0.014814814814814815
9 0.8721354166666667 0.47129629629629627 0.008854166666666666 0.012962962962962963
4 0.8544270833333333 0.5541666666666667 0.0671875 0.13240740740740742
8 0.95078125 0.5291666666666667 0.027604166666666666 0.05462962962962963
8 0.9526041666666667 0.5643518518518519 0.0375 0.11574074074074074
6 0.9807291666666667 0.625 0.015625 0.0962962962962963
6 0.9669270833333333 0.6601851851851852 0.028645833333333332 0.11481481481481481
6 0.9143229166666667 0.712037037037037 0.1078125 0.2074074074074074
8 0.89453125 0.624537037037037 0.05677083333333333 0.23981481481481481
8 0.9171875 0.6180555555555556 0.07395833333333333 0.2490740740740741
4 0.5309895833333333 0.524074074074074 0.016145833333333335 0.012962962962962963
4 0.5322916666666667 0.5421296296296296 0.022916666666666665 0.030555555555555555
8 0.5161458333333333 0.5296296296296297 0.007291666666666667 0.025925925925925925
8 0.5104166666666666 0.5324074074074074 0.00625 0.024074074074074074
4 0.7520833333333333 0.5435185185185185 0.09895833333333333 0.1037037037037037
8 0.49609375 0.5472222222222223 0.015104166666666667 0.04814814814814815
8 0.5059895833333333 0.5597222222222222 0.0171875 0.06759259259259259
3 0.4466145833333333 0.5189814814814815 0.08802083333333334 0.12314814814814815
1 0.3223958333333333 0.5652777777777778 0.040625 0.08981481481481482
4 0.35572916666666665 0.5851851851851851 0.065625 0.09814814814814815
4 0.45416666666666666 0.5527777777777778 0.0625 0.037037037037037035
4 0.42942708333333335 0.6550925925925926 0.1453125 0.2175925925925926
6 0.5265625 0.750462962962963 0.09375 0.27870370370370373
3 0.6828125 0.5097222222222222 0.284375 0.5101851851851852
7 0.24036458333333333 0.5287037037037037 0.009895833333333333 0.03148148148148148
6 0.23880208333333333 0.5458333333333333 0.015104166666666667 0.026851851851851852
6 0.24947916666666667 0.5430555555555555 0.013541666666666667 0.030555555555555555
7 0.26067708333333334 0.5717592592592593 0.015104166666666667 0.08796296296296297
1 0.28567708333333336 0.5763888888888888 0.05364583333333333 0.11388888888888889
6 0.29140625 0.6134259259259259 0.03697916666666667 0.10833333333333334
8 0.28984375 0.5893518518518519 0.030729166666666665 0.10648148148148148
6 0.22526041666666666 0.6125 0.03802083333333333 0.10462962962962963
8 0.22473958333333333 0.5842592592592593 0.0328125 0.1111111111111111
6 0.19817708333333334 0.6481481481481481 0.0484375 0.11851851851851852
8 0.19791666666666666 0.6046296296296296 0.041666666666666664 0.1425925925925926
7 0.13958333333333334 0.5314814814814814 0.00625 0.02962962962962963
7 0.11848958333333333 0.6027777777777777 0.025520833333333333 0.15
7 0.09088541666666666 0.6055555555555555 0.03802083333333333 0.15555555555555556
7 0.053385416666666664 0.6018518518518519 0.0421875 0.15
7 0.01328125 0.5125 0.016145833333333335 0.05092592592592592
7 0.017708333333333333 0.5824074074074074 0.034375 0.1537037037037037
4 0.009635416666666667 0.9037037037037037 0.0171875 0.18518518518518517
9 0.9544270833333334 0.1388888888888889 0.08802083333333334 0.12037037037037036
14 0.36302083333333335 0.5148148148148148 0.08541666666666667 0.05185185185185185
8 0.5247395833333334 0.6726851851851852 0.0828125 0.28425925925925927
7 0.04479166666666667 0.5546296296296296 0.016666666666666666 0.05