1 0.5010416666666667 0.5814814814814815 0.03125 0.07777777777777778
8 0.53671875 0.5736111111111111 0.018229166666666668 0.05277777777777778
6 0.5372395833333333 0.5879629629629629 0.016145833333333335 0.024074074074074074
6 0.63046875 0.6148148148148148 0.022395833333333334 0.07037037037037037
6 0.7380208333333333 0.6430555555555556 0.025 0.09166666666666666
6 0.7052083333333333 0.6652777777777777 0.06145833333333333 0.14722222222222223
6 0.7752604166666667 0.7069444444444445 0.08072916666666667 0.17314814814814813
7 0.9200520833333333 0.6375 0.0421875 0.1287037037037037
6 0.5971354166666667 0.6458333333333334 0.044270833333333336 0.1175925925925926
8 0.5966145833333333 0.600462962962963 0.03177083333333333 0.08981481481481482
6 0.55078125 0.6925925925925925 0.0640625 0.14444444444444443
8 0.5455729166666666 0.6407407407407407 0.05260416666666667 0.17592592592592593
6 0.31328125 0.5962962962962963 0.019270833333333334 0.03518518518518519
6 0.2604166666666667 0.7587962962962963 0.07083333333333333 0.16944444444444445
8 0.25859375 0.687962962962963 0.08072916666666667 0.21296296296296297
1 0.40859375 0.7138888888888889 0.1984375 0.3851851851851852