4 0.3969286829776158 0.5476851851851852 0.05986465382613222 0.12129629629629629
1 0.4156689224362311 0.5796296296296296 0.052576782925559604 0.12222222222222222
4 0.4627798021863613 0.5305555555555556 0.028110359187922956 0.04259259259259259
8 0.4182717334721499 0.6310185185185185 0.05153565851119209 0.19537037037037036
8 0.46408120770432065 0.5337962962962963 0.00676730869338886 0.01574074074074074
8 0.4724102030192608 0.5347222222222222 0.008849557522123894 0.026851851851851852
4 0.5028630921395106 0.5569444444444445 0.06663196251952108 0.09537037037037037
4 0.5515356585111921 0.5462962962962963 0.03800104112441437 0.020370370370370372
4 0.6285788651743883 0.5722222222222222 0.11192087454450807 0.06296296296296296
1 0.6176470588235294 0.5407407407407407 0.0400832899531494 0.016666666666666666
1 0.6866215512753774 0.5736111111111111 0.05309734513274336 0.06759259259259259
4 0.5921395106715253 0.65 0.20458094742321709 0.20555555555555555
1 0.7977615825091099 0.7111111111111111 0.28162415408641334 0.3537037037037037
6 0.5184799583550235 0.6939814814814815 0.08328995314940135 0.1675925925925926
8 0.5088495575221239 0.6287037037037037 0.04945340968245705 0.1814814814814815
6 0.4549713690786049 0.7347222222222223 0.06871421134825612 0.2212962962962963
8 0.4627798021863613 0.663425925925926 0.07808433107756377 0.25092592592592594
6 0.4213951067152525 0.6722222222222223 0.02654867256637168 0.1037037037037037
6 0.3336803748047892 0.6425925925925926 0.015616866215512754 0.05740740740740741
7 0.36048932847475273 0.5407407407407407 0.010931806350858927 0.03888888888888889
8 0.3805309734513274 0.5685185185185185 0.026028110359187923 0.09074074074074075
8 0.34747527329515876 0.575925925925926 0.028630921395106715 0.09074074074074075
8 0.3615304528891202 0.6560185185185186 0.0650702758979698 0.2064814814814815
6 0.3649141072358147 0.6888888888888889 0.06038521603331598 0.2074074074074074
6 0.3308172826652785 0.6231481481481481 0.011972930765226444 0.07222222222222222
7 0.3243102550754815 0.5976851851851852 0.022904737116085372 0.13055555555555556
7 0.28995314940135347 0.5532407407407407 0.020822488287350338 0.09907407407407408
6 0.2881311816762103 0.6319444444444444 0.04424778761061947 0.1287037037037037
6 0.23971889640812077 0.5888888888888889 0.03071317022384175 0.044444444444444446
6 0.26756897449245187 0.6532407407407408 0.04685059864653826 0.15092592592592594
6 0.024726704841228526 0.8629629629629629 0.04945340968245705 0.2722222222222222
8 0.02056220718375846 0.8935185185185185 0.04112441436751692 0.2111111111111111
14 0.8097345132743363 0.5273148148148148 0.07027589796980739 0.041666666666666664
4 0.5549193128578865 0.5324074074074074 0.020822488287350338 0.012962962962962963