7 0.17369791666666667 0.5574074074074075 0.005729166666666666 0.027777777777777776
7 0.18723958333333332 0.5555555555555556 0.008854166666666666 0.03148148148148148
7 0.17786458333333333 0.5546296296296296 0.0067708333333333336 0.03148148148148148
7 0.45416666666666666 0.5546296296296296 0.00625 0.022222222222222223
6 0.43776041666666665 0.5944444444444444 0.027604166666666666 0.08333333333333333
8 0.43411458333333336 0.5722222222222222 0.024479166666666666 0.07962962962962963
6 0.4895833333333333 0.5574074074074075 0.007291666666666667 0.025925925925925925
6 0.48151041666666666 0.5606481481481481 0.008854166666666666 0.030555555555555555
13 0.48854166666666665 0.5356481481481481 0.029166666666666667 0.062037037037037036
8 0.48828125 0.5444444444444444 0.0078125 0.025925925925925925
8 0.48333333333333334 0.5527777777777778 0.010416666666666666 0.03333333333333333
1 0.5080729166666667 0.5347222222222222 0.008854166666666666 0.025
14 0.5265625 0.525 0.004166666666666667 0.009259259259259259
4 0.5359375 0.5259259259259259 0.005208333333333333 0.009259259259259259
4 0.5244791666666667 0.5555555555555556 0.028125 0.046296296296296294
4 0.5708333333333333 0.5254629629629629 0.007291666666666667 0.013888888888888888
6 0.59609375 0.5513888888888889 0.005729166666666666 0.019444444444444445
14 0.5950520833333334 0.525 0.013020833333333334 0.027777777777777776
1 0.6138020833333333 0.5430555555555555 0.0171875 0.032407407407407406
7 0.6841145833333333 0.5527777777777778 0.009895833333333333 0.037037037037037035
6 0.9559895833333333 0.8222222222222222 0.08697916666666666 0.34814814814814815
8 0.9703125 0.8402777777777778 0.057291666666666664 0.31203703703703706
4 0.23177083333333334 0.5935185185185186 0.06145833333333333 0.05740740740740741
8 0.59609375 0.5402777777777777 0.0046875 0.008333333333333333