7 0.23489583333333333 0.25601851851851853 0.019791666666666666 0.16944444444444445
7 0.17942708333333332 0.18611111111111112 0.033854166666666664 0.07222222222222222
7 0.12161458333333333 0.2574074074074074 0.018229166666666668 0.1388888888888889
7 0.2140625 0.20462962962962963 0.025 0.06851851851851852
7 0.26171875 0.2537037037037037 0.0265625 0.14814814814814814
7 0.3065104166666667 0.2523148148148148 0.021354166666666667 0.1638888888888889
7 0.1578125 0.300462962962963 0.04479166666666667 0.09537037037037037
7 0.17083333333333334 0.3037037037037037 0.028125 0.08518518518518518
7 0.21770833333333334 0.3023148148148148 0.05 0.13425925925925927
6 0.25703125 0.42453703703703705 0.1046875 0.24166666666666667
6 0.3921875 0.38287037037037036 0.04479166666666667 0.11944444444444445
6 0.38255208333333335 0.47175925925925927 0.050520833333333334 0.20092592592592592
7 0.525 0.34629629629629627 0.025 0.0962962962962963
7 0.54140625 0.3509259259259259 0.0234375 0.12777777777777777
7 0.5625 0.33564814814814814 0.029166666666666667 0.13240740740740742
6 0.5294270833333333 0.4356481481481482 0.11302083333333333 0.17685185185185184
7 0.6854166666666667 0.42777777777777776 0.042708333333333334 0.08518518518518518
7 0.71953125 0.46620370370370373 0.0421875 0.11944444444444445
7 0.74296875 0.42083333333333334 0.044270833333333336 0.2101851851851852
6 0.7864583333333334 0.4787037037037037 0.051041666666666666 0.16666666666666666
6 0.8140625 0.37824074074074077 0.036458333333333336 0.07685185185185185
6 0.8791666666666667 0.36898148148148147 0.040625 0.05462962962962963
6 0.88515625 0.3787037037037037 0.025520833333333333 0.06851851851851852
4 0.8986979166666667 0.3578703703703704 0.08802083333333334 0.08425925925925926
7 0.9208333333333333 0.362962962962963 0.013541666666666667 0.05
6 0.9466145833333334 0.37777777777777777 0.009895833333333333 0.037037037037037035
7 0.9611979166666667 0.36435185185185187 0.0203125 0.0824074074074074
7 0.9739583333333334 0.3523148148148148 0.007291666666666667 0.05648148148148148
6 0.984375 0.3592592592592593 0.0125 0.025925925925925925
6 0.9815104166666667 0.36342592592592593 0.008854166666666666 0.01574074074074074
6 0.9833333333333333 0.36157407407407405 0.013541666666666667 0.021296296296296296
4 0.9927083333333333 0.38842592592592595 0.013541666666666667 0.07314814814814814
7 0.06927083333333334 0.24166666666666667 0.029166666666666667 0.17777777777777778
7 0.09348958333333333 0.2449074074074074 0.034895833333333334 0.175
1 0.13723958333333333 0.6796296296296296 0.27447916666666666 0.6388888888888888
10 0.9606770833333333 0.274537037037037 0.009895833333333333 0.030555555555555555
10 0.95859375 0.30185185185185187 0.008854166666666666 0.016666666666666666
7 0.5973958333333333 0.3111111111111111 0.016666666666666666 0.05740740740740741