6 0.05465903175429464 0.5152777777777777 0.04997397188964081 0.06018518518518518
4 0.09474232170744404 0.6777777777777778 0.18636127017178553 0.3074074074074074
6 0.18349817803227486 0.5078703703703704 0.02030192608016658 0.03425925925925926
6 0.24284226965122332 0.5143518518518518 0.015096304008328995 0.03796296296296296
4 0.30114523685580424 0.513425925925926 0.05153565851119209 0.05277777777777778
6 0.353461738677772 0.5435185185185185 0.015616866215512754 0.040740740740740744
8 0.35372201978136386 0.5314814814814814 0.013014055179593961 0.05
4 0.37532535137948986 0.5356481481481481 0.035398230088495575 0.05462962962962963
4 0.41697032795419053 0.5125 0.01665799062988027 0.017592592592592594
13 0.43258719416970326 0.5050925925925925 0.018740239458615304 0.03796296296296296
4 0.4622592399791775 0.5027777777777778 0.011452368558042686 0.005555555555555556
4 0.4635606454971369 0.5171296296296296 0.01717855283706403 0.026851851851851852
13 0.4773555439875065 0.5050925925925925 0.018740239458615304 0.03425925925925926
4 0.48672566371681414 0.524537037037037 0.024986985944820406 0.03611111111111111
13 0.4997397188964081 0.5009259259259259 0.01353461738677772 0.020370370370370372
4 0.5096304008328996 0.5120370370370371 0.010411244143675169 0.016666666666666666
4 0.5163977095262884 0.5101851851851852 0.006246746486205101 0.014814814814814815
13 0.5281103591879229 0.5041666666666667 0.018219677251431546 0.030555555555555555
4 0.5361790733992712 0.5212962962962963 0.018740239458615304 0.027777777777777776
6 0.5197813638729828 0.5476851851851852 0.016137428422696512 0.04537037037037037
8 0.5210827693909422 0.5347222222222222 0.017699115044247787 0.05277777777777778
13 0.6621551275377408 0.5106481481481482 0.018740239458615304 0.03981481481481482
7 0.6691827173347215 0.5314814814814814 0.00989068193649141 0.04814814814814815
7 0.7472670484122853 0.538425925925926 0.011972930765226444 0.06018518518518518
6 0.8927641853201458 0.549537037037037 0.04789172306090578 0.06759259259259259
10 0.8758459135866736 0.5861111111111111 0.010931806350858927 0.040740740740740744
10 0.9271212909942738 0.575 0.01665799062988027 0.040740740740740744
10 0.5887558563248309 0.44907407407407407 0.026028110359187923 0.040740740740740744
4 0.6009890681936492 0.5157407407407407 0.08589276418532014 0.11851851851851852
4 0.353461738677772 0.5083333333333333 0.01665799062988027 0.022222222222222223