7 0.12988027069234773 0.6615740740740741 0.06298802706923477 0.3212962962962963
7 0.1741280583029672 0.6550925925925926 0.058823529411764705 0.30462962962962964
6 0.20093701197293076 0.7180555555555556 0.11556480999479438 0.225
6 0.33758459135866736 0.6203703703703703 0.10671525247267048 0.1648148148148148
6 0.3997917751171265 0.6138888888888889 0.07496095783446122 0.13148148148148148
6 0.4281624154086413 0.5972222222222222 0.06715252472670484 0.1259259259259259
6 0.4573138990109318 0.5925925925925926 0.07548152004164498 0.10925925925925926
6 0.4823008849557522 0.5800925925925926 0.058823529411764705 0.08611111111111111
6 0.5046850598646538 0.5736111111111111 0.06090577824049974 0.0824074074074074
7 0.4528891202498699 0.5222222222222223 0.01353461738677772 0.07407407407407407
7 0.46121811556481 0.5273148148148148 0.01665799062988027 0.07314814814814814
6 0.5247267048412285 0.5680555555555555 0.05413846954711088 0.0712962962962963
6 0.5330557001561687 0.5527777777777778 0.05622071837584591 0.07777777777777778
6 0.5525767829255596 0.549537037037037 0.03591879229567933 0.058333333333333334
7 0.48802706923477357 0.586574074074074 0.029672045809474232 0.14722222222222223
7 0.5213430504945341 0.5347222222222222 0.024466423737636647 0.05092592592592592
7 0.5028630921395106 0.5333333333333333 0.010411244143675169 0.037037037037037035
7 0.5026028110359188 0.5143518518518518 0.01717855283706403 0.049074074074074076
1 0.6181676210307132 0.6263888888888889 0.1140031233732431 0.25462962962962965
4 0.6782925559604372 0.5532407407407407 0.024986985944820406 0.08981481481481482
4 0.6887038001041125 0.5305555555555556 0.04372722540343571 0.07592592592592592
4 0.7144716293597085 0.5282407407407408 0.025507548152004164 0.05648148148148148
3 0.704841228526809 0.49398148148148147 0.029151483602290473 0.03981481481481482
6 0.7365955231650182 0.5064814814814815 0.008328995314940135 0.025925925925925925
6 0.7795419052576783 0.5638888888888889 0.02654867256637168 0.06666666666666667
8 0.7800624674648621 0.5481481481481482 0.024466423737636647 0.06296296296296296
13 0.7329515877147319 0.4949074074074074 0.026028110359187923 0.03611111111111111
3 0.7514315460697554 0.48935185185185187 0.03279541905257678 0.04351851851851852
4 0.7712129099427382 0.49953703703703706 0.025507548152004164 0.028703703703703703
6 0.8180635085892765 0.5509259259259259 0.029672045809474232 0.03888888888888889
6 0.8289953149401353 0.5537037037037037 0.03800104112441437 0.044444444444444446
6 0.9638209266007288 0.6305555555555555 0.04320666319625195 0.12407407407407407
7 0.8935450286309214 0.6064814814814815 0.03695991671004685 0.14814814814814814
7 0.9089016137428423 0.5342592592592592 0.011452368558042686 0.03518518518518519
7 0.48542425819885476 0.5180555555555556 0.011972930765226444 0.05092592592592592
10 0.4182717334721499 0.45092592592592595 0.02030192608016658 0.040740740740740744
7 0.7727745965642895 0.5078703703703704 0.004685059864653826 0.023148148148148147