4 0.0140625 0.4009259259259259 0.028125 0.053703703703703705
4 0.058854166666666666 0.4101851851851852 0.04479166666666667 0.037037037037037035
4 0.16484375 0.43657407407407406 0.10677083333333333 0.03425925925925926
4 0.4203125 0.6236111111111111 0.28854166666666664 0.35648148148148145
4 0.9127604166666666 0.8564814814814815 0.1734375 0.2851851851851852
4 0.17317708333333334 0.7111111111111111 0.34427083333333336 0.5666666666666667
6 0.2328125 0.44675925925925924 0.025 0.030555555555555555
8 0.490625 0.45601851851851855 0.015625 0.025
6 0.5872395833333334 0.5541666666666667 0.07135416666666666 0.11944444444444445
8 0.5817708333333333 0.5222222222222223 0.03229166666666667 0.11851851851851852
8 0.08098958333333334 0.4111111111111111 0.013020833333333334 0.03888888888888889
8 0.090625 0.41435185185185186 0.022916666666666665 0.028703703703703703
8 0.029427083333333333 0.40694444444444444 0.025520833333333333 0.04351851851851852
8 0.0067708333333333336 0.40694444444444444 0.013541666666666667 0.04722222222222222