6 0.07574180114523686 0.8277777777777777 0.15148360229047372 0.3388888888888889
8 0.05804268610098907 0.7736111111111111 0.11608537220197813 0.45092592592592595
8 0.027589796980739198 0.9138888888888889 0.055179593961478396 0.17037037037037037
13 0.4409161894846434 0.5009259259259259 0.035398230088495575 0.06296296296296296
4 0.46069755335762624 0.5171296296296296 0.011452368558042686 0.013888888888888888
13 0.46928682977615827 0.5101851851851852 0.013014055179593961 0.03888888888888889
3 0.4875065070275898 0.5013888888888889 0.028630921395106715 0.03611111111111111
4 0.4924518479958355 0.524537037037037 0.04060385216033316 0.04537037037037037
4 0.5247267048412285 0.5185185185185185 0.022904737116085372 0.018518518518518517
13 0.5463300364393545 0.5078703703703704 0.02654867256637168 0.04537037037037037
13 0.5913586673607496 0.49166666666666664 0.06975533576262363 0.07777777777777778
3 0.6634565330557002 0.46944444444444444 0.09318063508589276 0.04814814814814815
4 0.7738157209786569 0.5356481481481481 0.061946902654867256 0.05648148148148148
13 0.8753253513794899 0.5365740740740741 0.137948984903696 0.15462962962962962
1 0.9786569495054659 0.5768518518518518 0.04060385216033316 0.1111111111111111
4 0.9734513274336283 0.6865740740740741 0.05101509630400833 0.1712962962962963
4 0.9112441436751691 0.8606481481481482 0.17647058823529413 0.27685185185185185
4 0.877147319104633 0.6555555555555556 0.17074440395627277 0.2222222222222222
3 0.41072358146798543 0.5 0.035398230088495575 0.044444444444444446
4 0.4911504424778761 0.5689814814814815 0.04112441436751692 0.08981481481481482
4 0.5226444560124935 0.5837962962962963 0.06559083810515356 0.12314814814814815
4 0.5903175429463821 0.612037037037037 0.1353461738677772 0.18703703703703703
4 0.7696512233211869 0.7245370370370371 0.321186881832379 0.4046296296296296
4 0.3958875585632483 0.712037037037037 0.24726704841228528 0.37962962962962965
1 0.41931285788651745 0.5180555555555556 0.03800104112441437 0.021296296296296296
4 0.4458615304528891 0.5236111111111111 0.018219677251431546 0.017592592592592594
4 0.4271212909942738 0.5171296296296296 0.04737116085372202 0.028703703703703703
8 0.4841228526808954 0.5189814814814815 0.009370119729307652 0.01574074074074074
8 0.4815200416449766 0.5680555555555555 0.022904737116085372 0.09907407407407408
8 0.4661634565330557 0.525 0.013014055179593961 0.014814814814814815
8 0.45783446121811555 0.5212962962962963 0.007808433107756377 0.016666666666666666
1 0.3807912545549193 0.49953703703703706 0.03800104112441437 0.06018518518518518
8 0.3492972410203019 0.5166666666666667 0.006246746486205101 0.014814814814814815
8 0.3547631441957314 0.5185185185185185 0.005726184279021343 0.012962962962962963
8 0.35996876626756896 0.5185185185185185 0.008849557522123894 0.014814814814814815
4 0.3584070796460177 0.5268518518518519 0.031754294638209266 0.011111111111111112
1 0.3209266007287871 0.5694444444444444 0.052576782925559604 0.11666666666666667
1 0.2639250390421655 0.5972222222222222 0.07912545549193128 0.1648148148148148
8 0.3149401353461739 0.5703703703703704 0.03748047891723061 0.10185185185185185
8 0.06871421134825612 0.5842592592592593 0.03643935450286309 0.15
6 0.059344091618948464 0.6726851851851852 0.03956272774596564 0.06759259259259259
6 0.10203019260801666 0.6555555555555556 0.10203019260801666 0.11481481481481481
6 0.06845393024466424 0.6861111111111111 0.034877667881311816 0.05925925925925926
6 0.16579906298802707 0.7768518518518519 0.1494013534617387 0.30925925925925923
6 0.23191046330036438 0.6856481481481481 0.09005726184279021 0.2101851851851852
8 0.2394586153045289 0.649537037037037 0.06559083810515356 0.25462962962962965
8 0.20666319625195212 0.5861111111111111 0.03331598125976054 0.11851851851851852
8 0.19078604893284748 0.7097222222222223 0.09838625715773035 0.36944444444444446
8 0.15200416449765747 0.5708333333333333 0.03331598125976054 0.10833333333333334
8 0.1691827173347215 0.5324074074074074 0.017699115044247787 0.06296296296296296
8 0.146538261322228 0.524537037037037 0.028630921395106715 0.08796296296296297
8 0.11712649661634565 0.6314814814814815 0.06871421134825612 0.21481481481481482
8 0.09864653826132223 0.600925925925926 0.04424778761061947 0.1685185185185185
4 0.7097865694950547 0.5578703703703703 0.10046850598646538 0.05462962962962963
13 0.6790733992712129 0.5347222222222222 0.1317022384174909 0.11388888888888889
6 0.9489849036959916 0.6032407407407407 0.024986985944820406 0.04351851851851852
8 0.9216553878188444 0.5601851851851852 0.04112441436751692 0.08148148148148149
8 0.9476834981780323 0.5504629629629629 0.034877667881311816 0.10833333333333334