4 0.39453125 0.4310185185185185 0.0203125 0.017592592592592594
14 0.41432291666666665 0.43148148148148147 0.0203125 0.020370370370370372
4 0.35963541666666665 0.4305555555555556 0.0140625 0.016666666666666666
1 0.3723958333333333 0.43194444444444446 0.013541666666666667 0.028703703703703703
6 0.36276041666666664 0.43796296296296294 0.0078125 0.022222222222222223
8 0.36302083333333335 0.4324074074074074 0.007291666666666667 0.024074074074074074
6 0.3848958333333333 0.44675925925925924 0.009375 0.030555555555555555
8 0.3846354166666667 0.43796296296296294 0.009895833333333333 0.037037037037037035
6 0.40546875 0.4425925925925926 0.009895833333333333 0.03333333333333333
6 0.42604166666666665 0.44675925925925924 0.019791666666666666 0.025
6 0.4328125 0.4550925925925926 0.015625 0.03611111111111111
2 0.4171875 0.45555555555555555 0.013541666666666667 0.037037037037037035
4 0.45859375 0.4722222222222222 0.049479166666666664 0.08333333333333333
1 0.5078125 0.4861111111111111 0.06875 0.12777777777777777
6 0.5611979166666666 0.5351851851851852 0.05572916666666667 0.11481481481481481
4 0.34765625 0.4337962962962963 0.0140625 0.030555555555555555
8 0.33489583333333334 0.44027777777777777 0.008333333333333333 0.03981481481481482
6 0.33567708333333335 0.45092592592592595 0.011979166666666667 0.022222222222222223
7 0.34296875 0.44675925925925924 0.009895833333333333 0.049074074074074076
0 0.3140625 0.44907407407407407 0.03854166666666667 0.05
4 0.31223958333333335 0.4527777777777778 0.0296875 0.05740740740740741
4 0.29765625 0.45740740740740743 0.0359375 0.05555555555555555
6 0.2947916666666667 0.48148148148148145 0.053125 0.06296296296296296
6 0.29322916666666665 0.49583333333333335 0.051041666666666666 0.058333333333333334
6 0.2877604166666667 0.5074074074074074 0.04114583333333333 0.07037037037037037
6 0.2591145833333333 0.5046296296296297 0.06927083333333334 0.1
6 0.23958333333333334 0.5050925925925925 0.06666666666666667 0.075
6 0.25026041666666665 0.5356481481481481 0.0921875 0.13055555555555556
6 0.23307291666666666 0.5615740740740741 0.059895833333333336 0.11944444444444445
6 0.22526041666666666 0.5847222222222223 0.043229166666666666 0.11018518518518519
13 0.10677083333333333 0.49953703703703706 0.21354166666666666 0.9990740740740741