10 0.4901041666666667 0.5171296296296296 0.007291666666666667 0.012037037037037037
10 0.4265625 0.5152777777777777 0.009375 0.017592592592592594
8 0.5221354166666666 0.5328703703703703 0.0067708333333333336 0.010185185185185186
13 0.5338541666666666 0.5347222222222222 0.0125 0.023148148148148147
8 0.5427083333333333 0.538425925925926 0.008333333333333333 0.023148148148148147
6 0.5434895833333333 0.5449074074074074 0.008854166666666666 0.019444444444444445
13 0.5645833333333333 0.5509259259259259 0.03229166666666667 0.07037037037037037
4 0.5973958333333333 0.575462962962963 0.065625 0.08981481481481482
3 0.6447916666666667 0.5203703703703704 0.015625 0.022222222222222223
4 0.6411458333333333 0.5277777777777778 0.009375 0.012962962962962963
4 0.6609375 0.5212962962962963 0.008333333333333333 0.011111111111111112
3 0.6731770833333334 0.513425925925926 0.0078125 0.013888888888888888
3 0.6940104166666666 0.5092592592592593 0.009895833333333333 0.007407407407407408
4 0.8484375 0.5509259259259259 0.052083333333333336 0.05925925925925926
4 0.515625 0.5837962962962963 0.06041666666666667 0.09351851851851851
4 0.60390625 0.5199074074074074 0.008854166666666666 0.006481481481481481