10 0.10859375 0.1625 0.03177083333333333 0.12129629629629629
4 0.85703125 0.6875 0.28489583333333335 0.42314814814814816
4 0.4466145833333333 0.43472222222222223 0.008854166666666666 0.023148148148148147
13 0.4315104166666667 0.4166666666666667 0.024479166666666666 0.046296296296296294
1 0.4591145833333333 0.4375 0.018229166666666668 0.03981481481481482
6 0.47109375 0.4398148148148148 0.0067708333333333336 0.025925925925925925
6 0.4765625 0.4439814814814815 0.007291666666666667 0.026851851851851852
8 0.4700520833333333 0.42685185185185187 0.0067708333333333336 0.014814814814814815
8 0.47630208333333335 0.4388888888888889 0.008854166666666666 0.03518518518518519
4 0.48385416666666664 0.4263888888888889 0.013541666666666667 0.010185185185185186
6 0.48385416666666664 0.44305555555555554 0.008333333333333333 0.021296296296296296
6 0.4901041666666667 0.4476851851851852 0.00625 0.025
6 0.49661458333333336 0.45092592592592595 0.011979166666666667 0.025925925925925925
6 0.51015625 0.4486111111111111 0.022395833333333334 0.03425925925925926
4 0.54375 0.4537037037037037 0.042708333333333334 0.07592592592592592
7 0.5661458333333333 0.44212962962962965 0.007291666666666667 0.05648148148148148
7 0.5760416666666667 0.4425925925925926 0.010416666666666666 0.053703703703703705
7 0.5950520833333334 0.4486111111111111 0.0067708333333333336 0.05462962962962963
7 0.3216145833333333 0.425 0.009895833333333333 0.03333333333333333
6 0.32473958333333336 0.44675925925925924 0.0140625 0.03425925925925926
6 0.34427083333333336 0.44583333333333336 0.013541666666666667 0.041666666666666664
14 0.33958333333333335 0.42407407407407405 0.042708333333333334 0.07037037037037037
7 0.35078125 0.43842592592592594 0.008854166666666666 0.062037037037037036
7 0.36432291666666666 0.43796296296296294 0.0109375 0.06296296296296296
6 0.37734375 0.4412037037037037 0.009895833333333333 0.03425925925925926
6 0.3880208333333333 0.4537037037037037 0.014583333333333334 0.024074074074074074
4 0.4205729166666667 0.45046296296296295 0.05677083333333333 0.07685185185185185
10 0.10520833333333333 0.24444444444444444 0.028125 0.05185185185185185
10 0.5703125 0.3925925925925926 0.0125 0.03148148148148148