10 0.3731770833333333 0.4166666666666667 0.0078125 0.016666666666666666
1 0.40234375 0.46111111111111114 0.013020833333333334 0.03333333333333333
4 0.4161458333333333 0.45555555555555555 0.004166666666666667 0.018518518518518517
4 0.4278645833333333 0.4546296296296296 0.0203125 0.02962962962962963
4 0.4515625 0.4597222222222222 0.017708333333333333 0.028703703703703703
4 0.4786458333333333 0.4722222222222222 0.04479166666666667 0.07407407407407407
6 0.49895833333333334 0.4935185185185185 0.026041666666666668 0.07037037037037037
8 0.5002604166666667 0.4773148148148148 0.0203125 0.075
4 0.44088541666666664 0.45694444444444443 0.009895833333333333 0.021296296296296296
8 0.4234375 0.4546296296296296 0.008333333333333333 0.025925925925925925
6 0.42630208333333336 0.4740740740740741 0.011979166666666667 0.025925925925925925
8 0.42604166666666665 0.45925925925925926 0.011458333333333333 0.037037037037037035
7 0.40338541666666666 0.46064814814814814 0.0078125 0.041666666666666664
4 0.3880208333333333 0.4648148148148148 0.028125 0.04814814814814815
6 0.32578125 0.4736111111111111 0.0171875 0.030555555555555555
6 0.346875 0.487962962962963 0.014583333333333334 0.06296296296296296
6 0.365625 0.5708333333333333 0.05520833333333333 0.1675925925925926
8 0.36640625 0.5203703703703704 0.0453125 0.15
6 0.30625 0.47824074074074074 0.029166666666666667 0.04351851851851852
6 0.26796875 0.4875 0.0484375 0.03981481481481482
6 0.2596354166666667 0.5125 0.0640625 0.08425925925925926
6 0.24244791666666668 0.5231481481481481 0.08072916666666667 0.09444444444444444
6 0.14375 0.5634259259259259 0.115625 0.17314814814814813
6 0.07161458333333333 0.6222222222222222 0.05572916666666667 0.14814814814814814
6 0.05130208333333333 0.6578703703703703 0.034895833333333334 0.13055555555555556
6 0.7614583333333333 0.49027777777777776 0.025 0.08796296296296297
6 0.7799479166666666 0.5046296296296297 0.04739583333333333 0.07962962962962963
7 0.8052083333333333 0.4810185185185185 0.019791666666666666 0.10092592592592593
6 0.8802083333333334 0.525 0.08229166666666667 0.08518518518518518
6 0.9598958333333333 0.5458333333333333 0.07708333333333334 0.1361111111111111
13 0.6401041666666667 0.475462962962963 0.21041666666666667 0.36203703703703705
7 0.771875 0.44675925925925924 0.013541666666666667 0.06388888888888888