4 0.028385416666666666 0.35833333333333334 0.0546875 0.1388888888888889
7 0.05703125 0.31851851851851853 0.044270833333333336 0.09444444444444444
4 0.10286458333333333 0.35138888888888886 0.17135416666666667 0.13055555555555556
4 0.21666666666666667 0.35138888888888886 0.14270833333333333 0.11388888888888889
4 0.30859375 0.35694444444444445 0.12135416666666667 0.08611111111111111
4 0.3546875 0.3365740740740741 0.04791666666666667 0.03611111111111111
4 0.4044270833333333 0.35833333333333334 0.09739583333333333 0.08333333333333333
4 0.48489583333333336 0.37824074074074077 0.128125 0.09722222222222222
4 0.6299479166666667 0.3699074074074074 0.05572916666666667 0.06759259259259259
4 0.6458333333333334 0.3763888888888889 0.026041666666666668 0.04722222222222222
4 0.6505208333333333 0.35 0.014583333333333334 0.011111111111111112
3 0.8236979166666667 0.34953703703703703 0.3515625 0.6990740740740741
6 0.06484375 0.4486111111111111 0.1296875 0.19537037037037036
4 0.32317708333333334 0.575 0.48072916666666665 0.387037037037037
4 0.5578125 0.3736111111111111 0.14270833333333333 0.09351851851851851