1 0.2752604166666667 0.5388888888888889 0.016145833333333335 0.03148148148148148
7 0.29765625 0.5546296296296296 0.0109375 0.06296296296296296
4 0.33645833333333336 0.5486111111111112 0.03854166666666667 0.06759259259259259
1 0.3497395833333333 0.5685185185185185 0.043229166666666666 0.0962962962962963
13 0.390625 0.5180555555555556 0.04479166666666667 0.19166666666666668
3 0.6989583333333333 0.5027777777777778 0.5979166666666667 0.8888888888888888
13 0.025260416666666667 0.5513888888888889 0.050520833333333334 0.4046296296296296
7 0.0036458333333333334 0.7375 0.007291666666666667 0.17314814814814813
7 0.03958333333333333 0.47824074074074074 0.0125 0.05092592592592592
7 0.044270833333333336 0.5222222222222223 0.0125 0.06111111111111111
6 0.06432291666666666 0.5777777777777777 0.0390625 0.07962962962962963
8 0.0578125 0.5583333333333333 0.022916666666666665 0.11851851851851852
7 0.09869791666666666 0.6203703703703703 0.0671875 0.26296296296296295
7 0.18098958333333334 0.5935185185185186 0.0578125 0.1925925925925926
13 0.23880208333333333 0.5365740740740741 0.024479166666666666 0.05092592592592592
1 0.2559895833333333 0.5398148148148149 0.022395833333333334 0.040740740740740744
1 0.27682291666666664 0.5421296296296296 0.019270833333333334 0.03796296296296296
4 0.25729166666666664 0.549537037037037 0.028125 0.03796296296296296
7 0.28619791666666666 0.5666666666666667 0.0078125 0.07407407407407407
7 0.2911458333333333 0.5712962962962963 0.01875 0.0962962962962963
7 0.27760416666666665 0.5777777777777777 0.014583333333333334 0.08518518518518518
7 0.26875 0.5652777777777778 0.013541666666666667 0.08611111111111111
14 0.24817708333333333 0.5875 0.044270833333333336 0.06388888888888888
7 0.25546875 0.5430555555555555 0.008854166666666666 0.03611111111111111
7 0.23489583333333333 0.5703703703703704 0.0125 0.07777777777777778
8 0.32057291666666665 0.5708333333333333 0.0140625 0.08425925925925926
6 0.31666666666666665 0.5884259259259259 0.028125 0.07314814814814814
8 0.3143229166666667 0.5694444444444444 0.0296875 0.08703703703703704