3 0.37734375 0.3958333333333333 0.06822916666666666 0.1712962962962963
13 0.3606770833333333 0.42314814814814816 0.024479166666666666 0.18888888888888888
3 0.17578125 0.5009259259259259 0.3515625 0.9962962962962963
14 0.41510416666666666 0.37037037037037035 0.013541666666666667 0.03888888888888889
13 0.42291666666666666 0.36064814814814816 0.009375 0.026851851851851852
4 0.4200520833333333 0.39490740740740743 0.015104166666666667 0.030555555555555555
4 0.42916666666666664 0.36018518518518516 0.008333333333333333 0.014814814814814815
4 0.42994791666666665 0.3731481481481482 0.0067708333333333336 0.012962962962962963
4 0.44453125 0.37916666666666665 0.018229166666666668 0.019444444444444445
8 0.44244791666666666 0.3819444444444444 0.005729166666666666 0.008333333333333333
8 0.4544270833333333 0.37916666666666665 0.009895833333333333 0.012037037037037037
4 0.434375 0.3768518518518518 0.0125 0.018518518518518517
7 0.43020833333333336 0.37916666666666665 0.00625 0.01574074074074074
1 0.44375 0.42777777777777776 0.04479166666666667 0.09074074074074075
6 0.41640625 0.4217592592592593 0.0109375 0.041666666666666664
8 0.41744791666666664 0.39675925925925926 0.009895833333333333 0.032407407407407406
7 0.5666666666666667 0.4134259259259259 0.022916666666666665 0.1287037037037037
6 0.5421875 0.46944444444444444 0.059375 0.1111111111111111
6 0.5765625 0.3990740740740741 0.014583333333333334 0.07222222222222222
6 0.6380208333333334 0.3990740740740741 0.06458333333333334 0.12222222222222222
7 0.6583333333333333 0.41805555555555557 0.042708333333333334 0.18425925925925926
7 0.69609375 0.350462962962963 0.015104166666666667 0.08981481481481482
6 0.4315104166666667 0.5689814814814815 0.0609375 0.18425925925925926
8 0.43411458333333336 0.5166666666666667 0.07552083333333333 0.22777777777777777
7 0.6940104166666666 0.44166666666666665 0.0328125 0.07777777777777778
6 0.6171875 0.7245370370370371 0.19583333333333333 0.4083333333333333
8 0.6171875 0.5972222222222222 0.13958333333333334 0.42777777777777776
14 0.4315104166666667 0.35 0.009895833333333333 0.009259259259259259
6 0.8643229166666667 0.9453703703703704 0.2703125 0.10740740740740741
8 0.8296875 0.6930555555555555 0.165625 0.612037037037037
8 0.9127604166666666 0.7018518518518518 0.1734375 0.5944444444444444
14 0.4354166666666667 0.3611111111111111 0.007291666666666667 0.012962962962962963
7 0.44036458333333334 0.3680555555555556 0.005729166666666666 0.013888888888888888