14 0.5122332118688183 0.5370370370370371 0.008328995314940135 0.020370370370370372
1 0.5015616866215513 0.5425925925925926 0.011972930765226444 0.022222222222222223
6 0.517178552837064 0.5949074074074074 0.02030192608016658 0.06018518518518518
8 0.515096304008329 0.5796296296296296 0.014055179593961478 0.06296296296296296
8 0.5161374284226965 0.5425925925925926 0.008849557522123894 0.018518518518518517
1 0.48334200937011973 0.6032407407407407 0.04320666319625195 0.10833333333333334
1 0.43805309734513276 0.6180555555555556 0.06402915148360229 0.1398148148148148
6 0.44143675169182717 0.6972222222222222 0.062467464862051014 0.2037037037037037
8 0.4411764705882353 0.6625 0.05465903175429464 0.23796296296296296
8 0.3872982821447163 0.5550925925925926 0.006246746486205101 0.025
8 0.3909422175950026 0.5574074074074075 0.006246746486205101 0.018518518518518517
6 0.3896408120770432 0.6412037037037037 0.013014055179593961 0.09166666666666666
8 0.38859968766267566 0.6175925925925926 0.00989068193649141 0.10185185185185185
1 0.3407079646017699 0.6703703703703704 0.09942738157209786 0.2740740740740741
9 0.3932847475273295 0.3990740740740741 0.018219677251431546 0.07962962962962963
10 0.28526808953669963 0.4023148148148148 0.022904737116085372 0.06574074074074074
1 0.16345653305570015 0.7703703703703704 0.3269130661114003 0.45
13 0.8667360749609578 0.5 0.04372722540343571 0.08703703703703704
13 0.9318063508589276 0.5013888888888889 0.09057782404997397 0.10277777777777777
3 0.9651223321186881 0.45740740740740743 0.06663196251952108 0.17407407407407408
10 0.9380530973451328 0.35462962962962963 0.03643935450286309 0.1037037037037037
3 0.6795939614783967 0.5106481481481482 0.3357626236335242 0.5138888888888888
4 0.8076522644456012 0.7643518518518518 0.38157209786569496 0.46574074074074073
6 0.5156168662155127 0.5504629629629629 0.007808433107756377 0.013888888888888888
6 0.4047371160853722 0.6226851851851852 0.00989068193649141 0.041666666666666664
8 0.40395627277459656 0.5944444444444444 0.014575741801145237 0.07222222222222222
8 0.9364914107235814 0.5388888888888889 0.03643935450286309 0.027777777777777776