13 0.2639250390421655 0.49907407407407406 0.015616866215512754 0.024074074074074074
1 0.23399271212909942 0.5777777777777777 0.05361790733992712 0.12962962962962962
13 0.3659552316501822 0.5333333333333333 0.19469026548672566 0.3425925925925926
4 0.46121811556481 0.5560185185185185 0.020822488287350338 0.08796296296296297
6 0.20380010411244143 0.6435185185185185 0.0650702758979698 0.15
8 0.21108797501301405 0.6157407407407407 0.04945340968245705 0.17407407407407408
6 0.1504424778761062 0.6333333333333333 0.05726184279021343 0.13148148148148148
8 0.15694950546590317 0.5995370370370371 0.034877667881311816 0.13240740740740742
8 0.14185320145757419 0.6 0.04424778761061947 0.12407407407407407
4 0.6858407079646017 0.5569444444444445 0.05778240499739719 0.03796296296296296
4 0.6428943258719417 0.5944444444444444 0.10307131702238417 0.11481481481481481
4 0.793076522644456 0.6439814814814815 0.20041644976574702 0.21574074074074073
4 0.8909422175950026 0.6106481481481482 0.14627798021863614 0.15462962962962962
8 0.8807912545549194 0.5319444444444444 0.008328995314940135 0.008333333333333333
6 0.0463300364393545 0.6069444444444444 0.05726184279021343 0.10277777777777777
8 0.04294638209266007 0.5768518518518518 0.03591879229567933 0.12037037037037036
6 0.03435710567412806 0.7143518518518519 0.06871421134825612 0.22685185185185186
8 0.03331598125976054 0.6504629629629629 0.06663196251952108 0.23981481481481481
7 0.28500780843310775 0.7523148148148148 0.13378448724622594 0.4935185185185185
4 0.46069755335762624 0.5194444444444445 0.018740239458615304 0.037037037037037035