10 0.08229166666666667 0.33101851851851855 0.020833333333333332 0.05092592592592592
4 0.1546875 0.4236111111111111 0.1 0.06018518518518518
6 0.2794270833333333 0.5388888888888889 0.0828125 0.17592592592592593
8 0.28203125 0.4689814814814815 0.05260416666666667 0.13055555555555556
1 0.5005208333333333 0.5037037037037037 0.09270833333333334 0.14444444444444443
8 0.14609375 0.4083333333333333 0.021354166666666667 0.040740740740740744
8 0.15625 0.4152777777777778 0.026041666666666668 0.03796296296296296
8 0.06744791666666666 0.4027777777777778 0.027604166666666666 0.044444444444444446
4 0.00703125 0.38425925925925924 0.0140625 0.014814814814814815
4 0.03359375 0.4083333333333333 0.0671875 0.040740740740740744
4 0.033854166666666664 0.3861111111111111 0.030208333333333334 0.011111111111111112
4 0.16692708333333334 0.712037037037037 0.3338541666666667 0.5740740740740741
4 0.7971354166666667 0.8333333333333334 0.4046875 0.3314814814814815
6 0.9401041666666666 0.6129629629629629 0.07708333333333334 0.11296296296296296
8 0.9497395833333333 0.5851851851851851 0.03177083333333333 0.12037037037037036