3 0.41432291666666665 0.5166666666666667 0.05364583333333333 0.06481481481481481
3 0.5174479166666667 0.5259259259259259 0.0453125 0.07962962962962963
1 0.5627604166666667 0.55 0.013020833333333334 0.05925925925925926
1 0.5466145833333333 0.5523148148148148 0.03177083333333333 0.06388888888888888
1 0.6536458333333334 0.5782407407407407 0.05625 0.11018518518518519
1 0.5994791666666667 0.5898148148148148 0.06875 0.15555555555555556
7 0.6841145833333333 0.549537037037037 0.016145833333333335 0.05648148148148148
6 0.6888020833333334 0.5763888888888888 0.025520833333333333 0.05648148148148148
7 0.72421875 0.549537037037037 0.0109375 0.058333333333333334
6 0.7122395833333334 0.6240740740740741 0.04739583333333333 0.11666666666666667
8 0.6984375 0.5828703703703704 0.019791666666666666 0.12129629629629629
8 0.7130208333333333 0.5898148148148148 0.034375 0.1259259259259259
3 0.86171875 0.5097222222222222 0.2755208333333333 0.9787037037037037
6 0.66640625 0.6402777777777777 0.058854166666666666 0.14722222222222223
8 0.6463541666666667 0.6 0.027083333333333334 0.14444444444444443
8 0.6674479166666667 0.6046296296296296 0.04635416666666667 0.14444444444444443
6 0.5815104166666667 0.6875 0.0640625 0.18425925925925926
8 0.5815104166666667 0.6263888888888889 0.059895833333333336 0.20833333333333334
1 0.42291666666666666 0.5583333333333333 0.022916666666666665 0.06296296296296296
1 0.44166666666666665 0.5837962962962963 0.0375 0.11388888888888889
14 0.45677083333333335 0.5208333333333334 0.046875 0.025
4 0.3458333333333333 0.5972222222222222 0.10416666666666667 0.2074074074074074
6 0.06432291666666666 0.6125 0.04010416666666667 0.08055555555555556
6 0.049479166666666664 0.7958333333333333 0.09791666666666667 0.28055555555555556
8 0.03515625 0.7101851851851851 0.0703125 0.32037037037037036
6 0.3971354166666667 0.7527777777777778 0.08802083333333334 0.25925925925925924
8 0.4044270833333333 0.6351851851851852 0.059895833333333336 0.2074074074074074
6 0.2526041666666667 0.7847222222222222 0.11979166666666667 0.30277777777777776
8 0.2752604166666667 0.7185185185185186 0.10364583333333334 0.34814814814814815
6 0.48828125 0.8064814814814815 0.11822916666666666 0.34814814814814815
8 0.47942708333333334 0.7328703703703704 0.10885416666666667 0.3768518518518518
8 0.4609375 0.7134259259259259 0.10625 0.3398148148148148
13 0.49947916666666664 0.6106481481481482 0.09479166666666666 0.18981481481481483
1 0.3033854166666667 0.6652777777777777 0.1296875 0.29907407407407405
1 0.15338541666666666 0.6717592592592593 0.15364583333333334 0.30277777777777776
7 0.23125 0.5916666666666667 0.01875 0.0962962962962963