6 0.03984375 0.6662037037037037 0.0796875 0.35648148148148145
7 0.2359375 0.6013888888888889 0.041666666666666664 0.08611111111111111
7 0.27786458333333336 0.5537037037037037 0.04739583333333333 0.17777777777777778
4 0.45859375 0.5337962962962963 0.10260416666666666 0.032407407407407406
4 0.4322916666666667 0.7666666666666667 0.3125 0.4648148148148148
6 0.55703125 0.6597222222222222 0.03177083333333333 0.08796296296296297
8 0.5447916666666667 0.5699074074074074 0.042708333333333334 0.10277777777777777
8 0.49114583333333334 0.5152777777777777 0.016666666666666666 0.026851851851851852
7 0.4640625 0.5087962962962963 0.011458333333333333 0.025
7 0.48125 0.5185185185185185 0.009375 0.007407407407407408
4 0.5169270833333334 0.5337962962962963 0.0390625 0.05462962962962963
7 0.5375 0.5282407407407408 0.014583333333333334 0.05277777777777778
7 0.553125 0.5287037037037037 0.0125 0.046296296296296294
7 0.5614583333333333 0.5342592592592592 0.009375 0.040740740740740744
6 0.5653645833333333 0.5689814814814815 0.018229166666666668 0.06388888888888888
6 0.5786458333333333 0.5467592592592593 0.013541666666666667 0.05648148148148148
7 0.57890625 0.5199074074074074 0.009895833333333333 0.032407407407407406
7 0.5390625 0.5064814814814815 0.00625 0.018518518518518517
1 0.546875 0.5083333333333333 0.015625 0.018518518518518517
7 0.5552083333333333 0.5078703703703704 0.008333333333333333 0.025
7 0.5630208333333333 0.5083333333333333 0.00625 0.022222222222222223
6 0.5666666666666667 0.5263888888888889 0.00625 0.023148148148148147
8 0.5677083333333334 0.513425925925926 0.008333333333333333 0.028703703703703703
4 0.5783854166666667 0.5125 0.015104166666666667 0.026851851851851852
7 0.578125 0.5041666666666667 0.00625 0.01574074074074074
7 0.57421875 0.5254629629629629 0.0078125 0.041666666666666664
7 0.6091145833333333 0.5023148148148148 0.005729166666666666 0.017592592592592594
1 0.61875 0.5074074074074074 0.016666666666666666 0.020370370370370372
7 0.6091145833333333 0.5277777777777778 0.0109375 0.05185185185185185
7 0.6252604166666667 0.5143518518518518 0.0234375 0.03611111111111111
7 0.6174479166666667 0.5777777777777777 0.022395833333333334 0.12222222222222222
7 0.6434895833333333 0.5486111111111112 0.022395833333333334 0.06759259259259259
6 0.6401041666666667 0.6092592592592593 0.041666666666666664 0.07592592592592592
6 0.6848958333333334 0.6074074074074074 0.08020833333333334 0.11851851851851852
6 0.7122395833333334 0.6162037037037037 0.0703125 0.12314814814814815
6 0.7111979166666667 0.6365740740740741 0.0359375 0.15462962962962962
7 0.6692708333333334 0.5902777777777778 0.022916666666666665 0.10833333333333334
7 0.6765625 0.6208333333333333 0.036458333333333336 0.18981481481481483
6 0.78125 0.6722222222222223 0.13541666666666666 0.13518518518518519
8 0.7736979166666667 0.6407407407407407 0.058854166666666666 0.2074074074074074
4 0.9859375 0.7712962962962963 0.027083333333333334 0.14444444444444443