7 0.26626756897449244 0.5805555555555556 0.01717855283706403 0.11851851851851852
7 0.28110359187922956 0.5365740740740741 0.010411244143675169 0.025
7 0.27511712649661635 0.5935185185185186 0.02654867256637168 0.14074074074074075
6 0.29776158250910983 0.6060185185185185 0.035398230088495575 0.09166666666666666
7 0.32014575741801143 0.5842592592592593 0.020822488287350338 0.1259259259259259
7 0.3399271212909943 0.5893518518518519 0.029151483602290473 0.13796296296296295
7 0.36022904737116085 0.5712962962962963 0.01978136387298282 0.12407407407407407
13 0.3677771993753253 0.5296296296296297 0.06298802706923477 0.13148148148148148
1 0.44169703279541905 0.6342592592592593 0.10671525247267048 0.23703703703703705
4 0.48594482040603854 0.538425925925926 0.011972930765226444 0.03425925925925926
6 0.4960957834461218 0.5412037037037037 0.006246746486205101 0.021296296296296296
8 0.4960957834461218 0.5356481481481481 0.007287870900572618 0.030555555555555555
4 0.5187402394586154 0.5555555555555556 0.0463300364393545 0.06481481481481481
8 0.5447683498178032 0.5361111111111111 0.010931806350858927 0.03333333333333333
6 0.5525767829255596 0.5722222222222222 0.022384174908901613 0.06296296296296296
8 0.5523165018219677 0.5532407407407407 0.020822488287350338 0.07314814814814814
6 0.6020301926080167 0.5884259259259259 0.029672045809474232 0.0712962962962963
8 0.6022904737116085 0.5648148148148148 0.028110359187922956 0.08703703703703704
13 0.665799062988027 0.5569444444444445 0.09161894846434149 0.14907407407407408
6 0.9885476314419573 0.7263888888888889 0.021863612701717855 0.14907407407407408
10 0.6153045288912025 0.674537037037037 0.014575741801145237 0.10833333333333334
10 0.5744403956272774 0.6407407407407407 0.00989068193649141 0.08703703703703704
10 0.5497136907860489 0.6185185185185185 0.009370119729307652 0.07222222222222222