1 0.64609375 0.5416666666666666 0.005729166666666666 0.012962962962962963
4 0.65234375 0.5407407407407407 0.0078125 0.012962962962962963
1 0.6643229166666667 0.5537037037037037 0.015104166666666667 0.027777777777777776
1 0.709375 0.5550925925925926 0.0125 0.028703703703703703
1 0.68046875 0.5671296296296297 0.0203125 0.04351851851851852
6 0.6536458333333334 0.5648148148148148 0.011458333333333333 0.016666666666666666
8 0.6533854166666667 0.5578703703703703 0.0067708333333333336 0.030555555555555555
6 0.6731770833333334 0.587037037037037 0.0078125 0.02962962962962963
8 0.67265625 0.5717592592592593 0.011979166666666667 0.03981481481481482
6 0.6815104166666667 0.586574074074074 0.0140625 0.03796296296296296
8 0.6815104166666667 0.5736111111111111 0.0140625 0.04537037037037037
8 0.68125 0.5731481481481482 0.011458333333333333 0.037037037037037035
1 0.73125 0.5851851851851851 0.03854166666666667 0.08333333333333333
7 0.7473958333333334 0.575462962962963 0.00625 0.05648148148148148
7 0.7541666666666667 0.5824074074074074 0.009375 0.046296296296296294
4 0.7833333333333333 0.5782407407407407 0.04375 0.075
13 0.7848958333333333 0.5328703703703703 0.019791666666666666 0.019444444444444445
6 0.8625 0.6328703703703704 0.028125 0.08055555555555556
8 0.8645833333333334 0.6129629629629629 0.034375 0.10740740740740741
7 0.8984375 0.6023148148148149 0.014583333333333334 0.10277777777777777
6 0.5192708333333333 0.6375 0.022916666666666665 0.062037037037037036
8 0.5153645833333333 0.6310185185185185 0.011979166666666667 0.08796296296296297
1 0.4747395833333333 0.6101851851851852 0.0828125 0.18518518518518517