2 0.47239583333333335 0.5453703703703704 0.00625 0.016666666666666666
8 0.47239583333333335 0.5402777777777777 0.004166666666666667 0.019444444444444445
4 0.4986979166666667 0.5569444444444445 0.0328125 0.05648148148148148
4 0.5598958333333334 0.5388888888888889 0.009375 0.020370370370370372
4 0.5666666666666667 0.5453703703703704 0.005208333333333333 0.009259259259259259
4 0.58125 0.5486111111111112 0.029166666666666667 0.041666666666666664
4 0.7927083333333333 0.5648148148148148 0.078125 0.09259259259259259
4 0.8450520833333334 0.5587962962962963 0.03802083333333333 0.03796296296296296
7 0.9283854166666666 0.5828703703703704 0.019270833333333334 0.09537037037037037
7 0.9127604166666666 0.5912037037037037 0.021354166666666667 0.08425925925925926
6 0.41354166666666664 0.5541666666666667 0.009375 0.026851851851851852
14 0.42604166666666665 0.5388888888888889 0.0125 0.03333333333333333
8 0.41692708333333334 0.5462962962962963 0.0046875 0.03148148148148148
8 0.41354166666666664 0.5458333333333333 0.008333333333333333 0.030555555555555555
6 0.4010416666666667 0.5796296296296296 0.017708333333333333 0.05185185185185185
8 0.40078125 0.5625 0.0203125 0.06388888888888888
4 0.30104166666666665 0.5708333333333333 0.06041666666666667 0.07685185185185185
1 0.14973958333333334 0.6449074074074074 0.1734375 0.2638888888888889
6 0.0375 0.6324074074074074 0.06458333333333334 0.1
6 0.020833333333333332 0.6449074074074074 0.041666666666666664 0.08611111111111111
6 0.012760416666666666 0.6550925925925926 0.025520833333333333 0.08796296296296297
6 0.6549479166666666 0.5259259259259259 0.11197916666666667 0.17037037037037037