14 0.4817708333333333 0.5444444444444444 0.008333333333333333 0.012962962962962963
14 0.503125 0.537962962962963 0.008333333333333333 0.012962962962962963
14 0.5138020833333333 0.5375 0.011979166666666667 0.019444444444444445
14 0.49557291666666664 0.5430555555555555 0.008854166666666666 0.010185185185185186
14 0.4890625 0.5458333333333333 0.008333333333333333 0.012037037037037037
14 0.4817708333333333 0.549074074074074 0.008333333333333333 0.011111111111111112
14 0.49192708333333335 0.5574074074074075 0.011979166666666667 0.016666666666666666
4 0.50546875 0.5481481481481482 0.008854166666666666 0.009259259259259259
4 0.5158854166666667 0.5513888888888889 0.022395833333333334 0.013888888888888888
1 0.5489583333333333 0.5722222222222222 0.03958333333333333 0.08703703703703704
3 0.5966145833333333 0.5541666666666667 0.0067708333333333336 0.03981481481481482
4 0.6119791666666666 0.5657407407407408 0.01875 0.025925925925925925
14 0.6028645833333334 0.5634259259259259 0.0078125 0.026851851851851852
14 0.6880208333333333 0.5680555555555555 0.008333333333333333 0.030555555555555555
1 0.6932291666666667 0.575925925925926 0.014583333333333334 0.03518518518518519
7 0.6940104166666666 0.5791666666666667 0.0067708333333333336 0.03425925925925926
14 0.68359375 0.5796296296296296 0.005729166666666666 0.03148148148148148
6 0.89921875 0.6189814814814815 0.011979166666666667 0.05092592592592592
6 0.921875 0.6013888888888889 0.028125 0.03981481481481482
6 0.93125 0.6046296296296296 0.0375 0.046296296296296294
6 0.9776041666666667 0.6189814814814815 0.036458333333333336 0.05648148148148148
3 0.8171875 0.5717592592592593 0.16145833333333334 0.1675925925925926
8 0.7385416666666667 0.5800925925925926 0.008333333333333333 0.032407407407407406
8 0.7375 0.5791666666666667 0.017708333333333333 0.03981481481481482
6 0.7408854166666666 0.6018518518518519 0.013020833333333334 0.027777777777777776
8 0.71875 0.5805555555555556 0.0125 0.05185185185185185
8 0.7252604166666666 0.5810185185185185 0.019270833333333334 0.05277777777777778
6 0.728125 0.5962962962962963 0.019791666666666666 0.03333333333333333
3 0.45026041666666666 0.5314814814814814 0.058854166666666666 0.07777777777777778
4 0.4765625 0.5740740740740741 0.028125 0.044444444444444446
4 0.51171875 0.5944444444444444 0.0578125 0.08518518518518518
14 0.4075520833333333 0.5513888888888889 0.018229166666666668 0.019444444444444445
1 0.4197916666666667 0.5560185185185185 0.020833333333333332 0.025
4 0.3953125 0.5578703703703703 0.0125 0.023148148148148147
7 0.38385416666666666 0.5587962962962963 0.00625 0.026851851851851852
7 0.3888020833333333 0.5578703703703703 0.0067708333333333336 0.028703703703703703
8 0.4046875 0.5615740740740741 0.011458333333333333 0.026851851851851852
8 0.41432291666666665 0.5648148148148148 0.016145833333333335 0.02962962962962963
4 0.44375 0.5921296296296297 0.053125 0.075
4 0.35494791666666664 0.5518518518518518 0.011979166666666667 0.011111111111111112
4 0.3536458333333333 0.5564814814814815 0.011458333333333333 0.014814814814814815
4 0.35208333333333336 0.5657407407407408 0.010416666666666666 0.016666666666666666
1 0.34036458333333336 0.5578703703703703 0.0203125 0.03611111111111111
14 0.325 0.5606481481481481 0.011458333333333333 0.03425925925925926
8 0.33515625 0.5606481481481481 0.022395833333333334 0.03796296296296296
7 0.31979166666666664 0.5425925925925926 0.00625 0.009259259259259259
7 0.31354166666666666 0.5481481481481482 0.00625 0.016666666666666666
7 0.32421875 0.5416666666666666 0.005729166666666666 0.007407407407407408
7 0.30859375 0.5439814814814815 0.0078125 0.012037037037037037
7 0.2903645833333333 0.5407407407407407 0.0067708333333333336 0.011111111111111112
7 0.30104166666666665 0.5430555555555555 0.007291666666666667 0.010185185185185186
4 0.30078125 0.5722222222222222 0.044270833333333336 0.04814814814814815
7 0.2565104166666667 0.5430555555555555 0.0078125 0.013888888888888888
7 0.2734375 0.5513888888888889 0.007291666666666667 0.030555555555555555
7 0.26536458333333335 0.5435185185185185 0.005729166666666666 0.016666666666666666
7 0.2598958333333333 0.5435185185185185 0.004166666666666667 0.009259259259259259
7 0.26223958333333336 0.5569444444444445 0.0078125 0.03425925925925926
7 0.24479166666666666 0.5560185185185185 0.011458333333333333 0.03611111111111111
7 0.20911458333333333 0.5486111111111112 0.009895833333333333 0.026851851851851852
6 0.22786458333333334 0.6175925925925926 0.0359375 0.08333333333333333
8 0.23515625 0.5912037037037037 0.021354166666666667 0.09537037037037037
8 0.22369791666666666 0.5930555555555556 0.028645833333333332 0.10092592592592593
7 0.2140625 0.5527777777777778 0.010416666666666666 0.025925925925925925
7 0.13671875 0.5671296296296297 0.0109375 0.06018518518518518
4 0.1734375 0.5814814814814815 0.08125 0.1037037037037037
7 0.09114583333333333 0.5476851851851852 0.007291666666666667 0.04351851851851852
6 0.10078125 0.5791666666666667 0.0171875 0.041666666666666664
6 0.11692708333333333 0.5814814814814815 0.0296875 0.03518518518518519
7 0.004427083333333333 0.5564814814814815 0.008854166666666666 0.07222222222222222
1 0.05026041666666667 0.5875 0.0921875 0.13796296296296295
6 0.06510416666666667 0.825 0.13020833333333334 0.337037037037037
8 0.06302083333333333 0.7453703703703703 0.11354166666666667 0.40185185185185185
8 0.00703125 0.725925925925926 0.0140625 0.20925925925925926
6 0.28828125 0.6129629629629629 0.0359375 0.09074074074074075
8 0.28671875 0.5773148148148148 0.0265625 0.07685185185185185
4 0.36770833333333336 0.7236111111111111 0.20416666666666666 0.29907407407407405
4 0.3703125 0.5587962962962963 0.021875 0.032407407407407406