3 0.5275897969807392 0.5041666666666667 0.010931806350858927 0.028703703703703703
14 0.5398230088495575 0.5023148148148148 0.008328995314940135 0.01574074074074074
3 0.5554398750650703 0.4962962962962963 0.022904737116085372 0.037037037037037035
4 0.5262883914627798 0.4671296296296296 0.006246746486205101 0.010185185185185186
3 0.5653305570015617 0.45416666666666666 0.011452368558042686 0.012037037037037037
4 0.57756376887038 0.4532407407407407 0.007808433107756377 0.012037037037037037
4 0.6051535658511192 0.4546296296296296 0.00676730869338886 0.014814814814814815
4 0.5822488287350338 0.45555555555555555 0.00676730869338886 0.011111111111111112
1 0.5999479437792816 0.4564814814814815 0.00989068193649141 0.014814814814814815
4 0.620770432066632 0.45416666666666666 0.007808433107756377 0.012037037037037037
1 0.6577303487766788 0.4527777777777778 0.00989068193649141 0.014814814814814815
1 0.6298802706923478 0.4546296296296296 0.009370119729307652 0.018518518518518517
4 0.6231129619989588 0.4587962962962963 0.01353461738677772 0.01574074074074074
6 0.653045288912025 0.46574074074074073 0.007808433107756377 0.012962962962962963
8 0.6546069755335763 0.45601851851851855 0.00989068193649141 0.019444444444444445
3 0.696251952108277 0.4375 0.05153565851119209 0.03425925925925926
1 0.7769390942217596 0.46805555555555556 0.019260801665799063 0.03981481481481482
1 0.7574180114523685 0.47314814814814815 0.024986985944820406 0.03518518518518519
6 0.7818844351900052 0.4810185185185185 0.010411244143675169 0.021296296296296296
6 0.764966163456533 0.4847222222222222 0.011972930765226444 0.01574074074074074
8 0.780322748568454 0.4675925925925926 0.009370119729307652 0.024074074074074074
8 0.7654867256637168 0.4740740740740741 0.014055179593961478 0.024074074074074074
4 0.5528370640291514 0.5194444444444445 0.008328995314940135 0.011111111111111112
1 0.5377407600208225 0.5166666666666667 0.02394586153045289 0.018518518518518517
4 0.5666319625195211 0.5115740740740741 0.018219677251431546 0.012037037037037037
4 0.5317542946382092 0.5231481481481481 0.015096304008328995 0.012962962962962963
4 0.5648099947943779 0.5189814814814815 0.020822488287350338 0.013888888888888888
4 0.6129619989588756 0.5115740740740741 0.08381051535658511 0.058333333333333334
3 0.6972930765226445 0.4824074074074074 0.09942738157209786 0.10925925925925926
13 0.8586673607496096 0.4527777777777778 0.10671525247267048 0.08703703703703704
4 0.8709005726184279 0.4828703703703704 0.062467464862051014 0.03981481481481482
4 0.7753774076002082 0.5185185185185185 0.10255075481520042 0.05740740740740741
4 0.8464341488807913 0.5884259259259259 0.1540864133263925 0.17685185185185184
8 0.37584591358667363 0.5467592592592593 0.008328995314940135 0.019444444444444445
10 0.3357626236335242 0.46435185185185185 0.021863612701717855 0.05277777777777778
10 0.3042686100989068 0.46111111111111114 0.031754294638209266 0.05185185185185185
7 0.33550234252993233 0.5370370370370371 0.014055179593961478 0.027777777777777776
7 0.3196251952108277 0.5342592592592592 0.011452368558042686 0.025925925925925925
4 0.3115564809994794 0.5555555555555556 0.05986465382613222 0.02962962962962963
4 0.3334200937011973 0.6657407407407407 0.1931285788651744 0.26666666666666666
8 0.8089536699635607 0.5652777777777778 0.05413846954711088 0.13796296296296295
6 0.8302967204580948 0.6240740740740741 0.010411244143675169 0.03518518518518519
3 0.4502863092139511 0.5083333333333333 0.14888079125455492 0.2851851851851852
4 0.5200416449765747 0.637962962962963 0.1301405517959396 0.2740740740740741
7 0.12701717855283706 0.5263888888888889 0.015616866215512754 0.019444444444444445
13 0.9544508068714211 0.48935185185185187 0.08589276418532014 0.22314814814814815
4 0.9672045809474232 0.5671296296296297 0.0614263404476835 0.16944444444444445
6 0.978396668401874 0.587037037037037 0.039042165538781884 0.09074074074074075
8 0.982821447162936 0.5416666666666666 0.03019260801665799 0.03888888888888889
4 0.9435190005205623 0.7175925925925926 0.10879750130140552 0.2777777777777778
4 0.6868818323789693 0.7648148148148148 0.41697032795419053 0.4666666666666667
6 0.008849557522123894 0.674074074074074 0.017699115044247787 0.09444444444444444
1 0.1543466944299844 0.7592592592592593 0.3024466423737637 0.4722222222222222
3 0.5778240499739719 0.49907407407407406 0.04268610098906819 0.04814814814814815
4 0.549453409682457 0.45925925925925926 0.00676730869338886 0.009259259259259259
4 0.5572618427902134 0.4583333333333333 0.005726184279021343 0.005555555555555556