7 0.09270833333333334 0.5814814814814815 0.04895833333333333 0.2388888888888889
14 0.321875 0.6416666666666667 0.1 0.15555555555555556
7 0.3294270833333333 0.537962962962963 0.015104166666666667 0.07592592592592592
7 0.31614583333333335 0.5333333333333333 0.017708333333333333 0.07592592592592592
8 0.3109375 0.6444444444444445 0.06354166666666666 0.22592592592592592
4 0.38255208333333335 0.5416666666666666 0.0453125 0.07777777777777778
7 0.41041666666666665 0.5314814814814814 0.00625 0.024074074074074074
7 0.40546875 0.5300925925925926 0.005729166666666666 0.030555555555555555
8 0.41875 0.5328703703703703 0.005208333333333333 0.023148148148148147
6 0.42682291666666666 0.55 0.015104166666666667 0.02962962962962963
8 0.42421875 0.5365740740740741 0.009895833333333333 0.03796296296296296
8 0.42578125 0.5402777777777777 0.018229166666666668 0.04351851851851852
9 0.4596354166666667 0.48148148148148145 0.0026041666666666665 0.020370370370370372
1 0.44557291666666665 0.5375 0.024479166666666666 0.03425925925925926
4 0.4661458333333333 0.5398148148148149 0.019791666666666666 0.03518518518518519
1 0.4783854166666667 0.5347222222222222 0.016145833333333335 0.03425925925925926
6 0.48151041666666666 0.5421296296296296 0.0109375 0.021296296296296296
8 0.48151041666666666 0.5356481481481481 0.0109375 0.032407407407407406
4 0.49453125 0.5356481481481481 0.015104166666666667 0.019444444444444445
4 0.50625 0.5407407407407407 0.022916666666666665 0.022222222222222223
4 0.5213541666666667 0.5356481481481481 0.014583333333333334 0.03981481481481482
4 0.5375 0.5393518518518519 0.029166666666666667 0.04722222222222222
6 0.5338541666666666 0.5476851851851852 0.019791666666666666 0.049074074074074076
8 0.5341145833333333 0.5370370370370371 0.015104166666666667 0.05555555555555555
4 0.5736979166666667 0.5435185185185185 0.025520833333333333 0.027777777777777776
6 0.6166666666666667 0.5476851851851852 0.025 0.04351851851851852
6 0.6377604166666667 0.5550925925925926 0.0171875 0.05277777777777778
7 0.6528645833333333 0.5226851851851851 0.0078125 0.017592592592592594
7 0.6416666666666667 0.5365740740740741 0.00625 0.017592592592592594
4 0.6645833333333333 0.5615740740740741 0.04791666666666667 0.06944444444444445
7 0.7072916666666667 0.5231481481481481 0.008333333333333333 0.011111111111111112
4 0.7106770833333333 0.575 0.0859375 0.1
8 0.88046875 0.5462962962962963 0.016145833333333335 0.027777777777777776
6 0.6122395833333333 0.6018518518518519 0.03802083333333333 0.10925925925925926
8 0.6135416666666667 0.575925925925926 0.028125 0.11666666666666667
4 0.9598958333333333 0.5828703703703704 0.07916666666666666 0.049074074074074076
4 0.8809895833333333 0.7217592592592592 0.23489583333333333 0.35462962962962963
6 0.44765625 0.5990740740740741 0.030729166666666665 0.10185185185185185
8 0.44817708333333334 0.5638888888888889 0.0296875 0.10555555555555556