3 0.9609375 0.33611111111111114 0.01875 0.07962962962962963
13 0.9825520833333333 0.3337962962962963 0.033854166666666664 0.10092592592592593
6 0.99140625 0.37175925925925923 0.016145833333333335 0.03611111111111111
8 0.99296875 0.3625 0.013020833333333334 0.05648148148148148
8 0.9888020833333333 0.3597222222222222 0.011979166666666667 0.05277777777777778
13 0.8778645833333333 0.3375 0.0359375 0.062037037037037036
1 0.8486979166666667 0.35185185185185186 0.028645833333333332 0.03888888888888889
1 0.7783854166666667 0.34814814814814815 0.03177083333333333 0.025925925925925925
4 0.8213541666666667 0.3648148148148148 0.053125 0.05925925925925926
4 0.9130208333333333 0.3787037037037037 0.10625 0.13703703703703704
8 0.884375 0.3962962962962963 0.025 0.10185185185185185
6 0.9127604166666666 0.4842592592592593 0.0953125 0.12222222222222222
8 0.9260416666666667 0.43842592592592594 0.03958333333333333 0.15833333333333333
1 0.99609375 0.4185185185185185 0.0067708333333333336 0.09444444444444444
8 0.7401041666666667 0.3476851851851852 0.010416666666666666 0.01574074074074074
6 0.8942708333333333 0.6731481481481482 0.21041666666666667 0.39814814814814814
8 0.93359375 0.6310185185185185 0.13177083333333334 0.4898148148148148
8 0.8744791666666667 0.5777777777777777 0.13958333333333334 0.4148148148148148
1 0.70078125 0.5680555555555555 0.25885416666666666 0.43796296296296294
13 0.30026041666666664 0.3851851851851852 0.3848958333333333 0.5111111111111111
6 0.13828125 0.5592592592592592 0.0796875 0.1037037037037037
8 0.11328125 0.4708333333333333 0.009895833333333333 0.10648148148148148
6 0.07421875 0.6958333333333333 0.1484375 0.3212962962962963
8 0.025260416666666667 0.7157407407407408 0.050520833333333334 0.2851851851851852
9 0.6002604166666666 0.2361111111111111 0.0140625 0.06296296296296296
9 0.5932291666666667 0.19398148148148148 0.014583333333333334 0.021296296296296296
9 0.675 0.09583333333333334 0.06041666666666667 0.032407407407407406
14 0.016145833333333335 0.9587962962962963 0.03229166666666667 0.075