14 0.48385416666666664 0.3921296296296296 0.01875 0.013888888888888888
4 0.5153645833333333 0.4041666666666667 0.016145833333333335 0.012037037037037037
3 0.51015625 0.3972222222222222 0.03697916666666667 0.044444444444444446
3 0.42109375 0.3976851851851852 0.07760416666666667 0.13796296296296295
4 0.3763020833333333 0.4125 0.0203125 0.03425925925925926
7 0.34453125 0.4287037037037037 0.011979166666666667 0.06481481481481481
4 0.48541666666666666 0.41759259259259257 0.023958333333333335 0.03518518518518519
6 0.48203125 0.4287037037037037 0.0234375 0.025925925925925925
8 0.48385416666666664 0.41759259259259257 0.016666666666666666 0.03888888888888889
4 0.5072916666666667 0.42407407407407405 0.03229166666666667 0.03888888888888889
4 0.53203125 0.4361111111111111 0.04010416666666667 0.07407407407407407
13 0.6096354166666667 0.4166666666666667 0.14739583333333334 0.3055555555555556
3 0.77734375 0.40879629629629627 0.1921875 0.16018518518518518
8 0.7143229166666667 0.4203703703703704 0.009895833333333333 0.020370370370370372
6 0.7192708333333333 0.4527777777777778 0.0125 0.020370370370370372
6 0.7088541666666667 0.4652777777777778 0.030208333333333334 0.028703703703703703
8 0.7072916666666667 0.4351851851851852 0.019791666666666666 0.05
8 0.8294270833333334 0.45231481481481484 0.030729166666666665 0.05648148148148148
4 0.9244791666666666 0.5023148148148148 0.15 0.10277777777777777
4 0.7684895833333333 0.6175925925925926 0.24739583333333334 0.3111111111111111
1 0.4471354166666667 0.4148148148148148 0.059895833333333336 0.053703703703703705
7 0.3145833333333333 0.4398148148148148 0.015625 0.1111111111111111
7 0.2296875 0.4115740740740741 0.016666666666666666 0.09722222222222222
7 0.21770833333333334 0.41574074074074074 0.01875 0.1
7 0.33125 0.4412037037037037 0.015625 0.10277777777777777
1 0.278125 0.4444444444444444 0.05416666666666667 0.1259259259259259
7 0.28541666666666665 0.44351851851851853 0.025 0.13703703703703704
7 0.31796875 0.4537037037037037 0.024479166666666666 0.14629629629629629
7 0.28802083333333334 0.4689814814814815 0.026041666666666668 0.1361111111111111
7 0.25546875 0.47129629629629627 0.030729166666666665 0.14629629629629629
6 0.403125 0.4625 0.014583333333333334 0.03611111111111111
8 0.41015625 0.43796296296296294 0.0328125 0.07222222222222222
6 0.36354166666666665 0.4925925925925926 0.041666666666666664 0.1111111111111111
8 0.36328125 0.46574074074074073 0.04010416666666667 0.1259259259259259
4 0.4630208333333333 0.6060185185185185 0.20104166666666667 0.33240740740740743
7 0.050520833333333334 0.45416666666666666 0.041666666666666664 0.14907407407407408
7 0.11588541666666667 0.49444444444444446 0.05260416666666667 0.23333333333333334
1 0.34921875 0.4162037037037037 0.024479166666666666 0.04537037037037037
7 0.3333333333333333 0.3939814814814815 0.009375 0.021296296296296296
8 0.3645833333333333 0.40879629629629627 0.009375 0.023148148148148147