10 0.46171875 0.48842592592592593 0.009895833333333333 0.012037037037037037
10 0.45338541666666665 0.4875 0.008854166666666666 0.012037037037037037
3 0.44609375 0.5018518518518519 0.005729166666666666 0.011111111111111112
3 0.4661458333333333 0.5111111111111111 0.015625 0.020370370370370372
3 0.453125 0.5027777777777778 0.011458333333333333 0.014814814814814815
3 0.4388020833333333 0.5064814814814815 0.0109375 0.03333333333333333
3 0.4244791666666667 0.49907407407407406 0.016666666666666666 0.027777777777777776
6 0.44609375 0.5212962962962963 0.005729166666666666 0.012962962962962963
8 0.446875 0.5115740740740741 0.005208333333333333 0.012037037037037037
4 0.45546875 0.5263888888888889 0.019270833333333334 0.03425925925925926
14 0.5341145833333333 0.5092592592592593 0.008854166666666666 0.009259259259259259
6 0.5432291666666667 0.5300925925925926 0.005208333333333333 0.01574074074074074
8 0.54453125 0.5157407407407407 0.0046875 0.018518518518518517
4 0.5552083333333333 0.5333333333333333 0.022916666666666665 0.040740740740740744
6 0.6661458333333333 0.5537037037037037 0.015625 0.03148148148148148
4 0.57578125 0.549537037037037 0.0421875 0.06574074074074074
8 0.6666666666666666 0.5425925925925926 0.0125 0.037037037037037035
4 0.6270833333333333 0.5504629629629629 0.03854166666666667 0.05648148148148148
6 0.6986979166666667 0.5643518518518519 0.019270833333333334 0.03981481481481482
8 0.69765625 0.5425925925925926 0.011979166666666667 0.03333333333333333
13 0.3671875 0.500462962962963 0.007291666666666667 0.023148148148148147
13 0.35442708333333334 0.4949074074074074 0.0171875 0.03425925925925926
8 0.35598958333333336 0.5069444444444444 0.0067708333333333336 0.010185185185185186
6 0.3307291666666667 0.5143518518518518 0.00625 0.008333333333333333
8 0.3307291666666667 0.5027777777777778 0.00625 0.011111111111111112
4 0.3380208333333333 0.5078703703703704 0.010416666666666666 0.01574074074074074
6 0.29322916666666665 0.5097222222222222 0.00625 0.021296296296296296
7 0.29791666666666666 0.5032407407407408 0.008333333333333333 0.01574074074074074
6 0.31354166666666666 0.5203703703703704 0.00625 0.016666666666666666
8 0.31328125 0.5037037037037037 0.008854166666666666 0.016666666666666666
1 0.24609375 0.5125 0.025520833333333333 0.04351851851851852
13 0.18828125 0.4601851851851852 0.0921875 0.11851851851851852
7 0.17942708333333332 0.5115740740740741 0.0109375 0.05092592592592592
7 0.17135416666666667 0.5087962962962963 0.010416666666666666 0.05277777777777778
7 0.14869791666666668 0.5078703703703704 0.011979166666666667 0.05462962962962963
7 0.09791666666666667 0.5111111111111111 0.013541666666666667 0.05740740740740741
6 0.21171875 0.5333333333333333 0.008854166666666666 0.02962962962962963
8 0.215625 0.5083333333333333 0.0125 0.027777777777777776
6 0.19869791666666667 0.5634259259259259 0.027604166666666666 0.05277777777777778
8 0.20078125 0.5481481481481482 0.022395833333333334 0.07222222222222222
6 0.22447916666666667 0.5481481481481482 0.021875 0.053703703703703705
8 0.225 0.5398148148148149 0.01875 0.07222222222222222
13 0.010416666666666666 0.48564814814814816 0.020833333333333332 0.06574074074074074
4 0.065625 0.7402777777777778 0.13125 0.4324074074074074
10 0.46848958333333335 0.4583333333333333 0.024479166666666666 0.02962962962962963
10 0.4434895833333333 0.44907407407407407 0.0234375 0.03148148148148148
10 0.4171875 0.45 0.025 0.02962962962962963
3 0.390625 0.5074074074074074 0.0375 0.06666666666666667
6 0.4627604166666667 0.5324074074074074 0.0067708333333333336 0.022222222222222223
8 0.46458333333333335 0.5263888888888889 0.0125 0.04351851851851852
4 0.43463541666666666 0.5310185185185186 0.0140625 0.041666666666666664
4 0.41484375 0.5351851851851852 0.034895833333333334 0.05740740740740741
4 0.4828125 0.5587962962962963 0.051041666666666666 0.08425925925925926
6 0.43046875 0.549074074074074 0.019270833333333334 0.05185185185185185
8 0.4315104166666667 0.5268518518518519 0.0171875 0.03518518518518519
6 0.36744791666666665 0.5578703703703703 0.021354166666666667 0.062037037037037036
8 0.36692708333333335 0.5412037037037037 0.022395833333333334 0.06759259259259259
6 0.10807291666666667 0.5324074074074074 0.0234375 0.040740740740740744
8 0.11197916666666667 0.5097222222222222 0.020833333333333332 0.05462962962962963