10 0.14237376366475793 0.3263888888888889 0.045288912024986985 0.07685185185185185
10 0.43909422175950025 0.39675925925925926 0.039042165538781884 0.03425925925925926
3 0.5348776678813119 0.5 0.04737116085372202 0.07407407407407407
3 0.6855804268610098 0.4689814814814815 0.1353461738677772 0.09351851851851851
1 0.5208224882873503 0.5550925925925926 0.03591879229567933 0.11018518518518519
1 0.48828735033836546 0.5842592592592593 0.07079646017699115 0.1574074074074074
6 0.46928682977615827 0.6356481481481482 0.04945340968245705 0.17314814814814813
8 0.46954711087975015 0.6032407407407407 0.04997397188964081 0.175
4 0.4185320145757418 0.5550925925925926 0.05622071837584591 0.09351851851851851
13 0.3646538261322228 0.5120370370370371 0.0400832899531494 0.05
14 0.2961998958875586 0.5282407407407408 0.05309734513274336 0.041666666666666664
4 0.3487766788131182 0.5986111111111111 0.11764705882352941 0.15092592592592594
8 0.3732431025507548 0.5194444444444445 0.011452368558042686 0.014814814814814815
8 0.338365434669443 0.5148148148148148 0.010411244143675169 0.014814814814814815
4 0.08042686100989069 0.5 0.061946902654867256 0.025925925925925925
4 0.011712649661634565 0.49675925925925923 0.02342529932326913 0.03981481481481482
8 0.07574180114523686 0.49537037037037035 0.01717855283706403 0.02962962962962963
6 0.3394065590838105 0.7055555555555556 0.08537220197813639 0.19814814814814816
8 0.3453930244664237 0.6365740740740741 0.06402915148360229 0.225
1 0.14862051015096303 0.75 0.29724102030192606 0.4962962962962963
4 0.6834981780322749 0.750462962962963 0.3612701717855284 0.4935185185185185
4 0.9039562727745966 0.649074074074074 0.18792295679333682 0.2111111111111111
6 0.9211348256116606 0.8342592592592593 0.15460697553357627 0.32592592592592595
7 0.3893805309734513 0.5231481481481481 0.011452368558042686 0.037037037037037035
8 0.3610098906819365 0.5212962962962963 0.00989068193649141 0.012962962962962963
8 0.9203539823008849 0.7273148148148149 0.15512753774076002 0.4324074074074074