6 0.5072878709005726 0.5708333333333333 0.015096304008328995 0.062037037037037036
8 0.5057261842790214 0.5361111111111111 0.018219677251431546 0.03888888888888889
7 0.6460176991150443 0.5402777777777777 0.011452368558042686 0.025
7 0.6769911504424779 0.5523148148148148 0.013014055179593961 0.03425925925925926
7 0.6561686621551276 0.549074074074074 0.018219677251431546 0.03888888888888889
7 0.764966163456533 0.5898148148148148 0.03591879229567933 0.1685185185185185
7 0.9133263925039042 0.6106481481481482 0.042165538781884435 0.25277777777777777
14 0.35424258198854763 0.5231481481481481 0.042165538781884435 0.07592592592592592
1 0.3446121811556481 0.5513888888888889 0.032274856845393024 0.075
7 0.3368037480478917 0.5518518518518518 0.026028110359187923 0.10925925925925926
7 0.31520041644976576 0.5365740740740741 0.028630921395106715 0.09722222222222222
4 0.4346694429984383 0.6143518518518518 0.15616866215512754 0.29907407407407405
6 0.30765226444560123 0.6402777777777777 0.07600208224882873 0.1175925925925926
8 0.30114523685580424 0.5958333333333333 0.06819364914107236 0.13240740740740742
7 0.09396147839666841 0.6476851851851851 0.0463300364393545 0.3435185185185185
7 0.05153565851119209 0.649537037037037 0.08224882873503384 0.4361111111111111
6 0.032274856845393024 0.8074074074074075 0.06454971369078605 0.3814814814814815
6 0.2985424258198855 0.8185185185185185 0.168141592920354 0.3592592592592593
8 0.3133784487246226 0.7893518518518519 0.11556480999479438 0.41574074074074074
7 0.7142113482561167 0.775 0.13742842269651223 0.44814814814814813