1 0.6913066111400312 0.5212962962962963 0.052056220718375845 0.08333333333333333
1 0.6132222800624675 0.5041666666666667 0.0676730869338886 0.04722222222222222
6 0.9367516918271733 0.8041666666666667 0.1254554919312858 0.2972222222222222
8 0.9521082769390942 0.7342592592592593 0.092660072878709 0.37222222222222223
7 0.7868297761582509 0.5509259259259259 0.025507548152004164 0.0962962962962963
7 0.7386777719937533 0.5643518518518519 0.024986985944820406 0.1361111111111111
7 0.7699115044247787 0.5893518518518519 0.03748047891723061 0.1638888888888889
4 0.6408120770432066 0.6064814814814815 0.14679854242581988 0.18518518518518517
4 0.5015616866215513 0.5805555555555556 0.10359187922956793 0.22037037037037038
1 0.5741801145236856 0.5050925925925925 0.020822488287350338 0.06018518518518518
6 0.4653826132222801 0.674537037037037 0.06871421134825612 0.21944444444444444
8 0.4687662675689745 0.6277777777777778 0.05049453409682457 0.24259259259259258
8 0.4534096824570536 0.5879629629629629 0.04685059864653826 0.15185185185185185
6 0.4023945861530453 0.6324074074074074 0.05309734513274336 0.17037037037037037
8 0.3992712129099427 0.5930555555555556 0.045809474232170744 0.175
7 0.3870380010411244 0.5532407407407407 0.02654867256637168 0.14722222222222223
7 0.3643935450286309 0.5569444444444445 0.022904737116085372 0.16018518518518518
7 0.3373243102550755 0.5652777777777778 0.022904737116085372 0.15833333333333333
7 0.31598125976054137 0.5541666666666667 0.03643935450286309 0.1787037037037037
7 0.2818844351900052 0.48564814814814816 0.016137428422696512 0.05277777777777778
13 0.5377407600208225 0.49398148148148147 0.05726184279021343 0.13796296296296295
1 0.5504945340968246 0.5421296296296296 0.01717855283706403 0.09537037037037037
4 0.353461738677772 0.5046296296296297 0.01353461738677772 0.03333333333333333
1 0.37506507027589797 0.4949074074074074 0.031754294638209266 0.03796296296296296
1 0.40916189484643417 0.5037037037037037 0.026028110359187923 0.05555555555555555
1 0.43206663196251954 0.5268518518518519 0.04476834981780323 0.09444444444444444
1 0.44169703279541905 0.48194444444444445 0.028630921395106715 0.017592592592592594
7 0.648620510150963 0.4986111111111111 0.015616866215512754 0.032407407407407406
7 0.6561686621551276 0.4976851851851852 0.00989068193649141 0.03425925925925926
6 0.683237896928683 0.5472222222222223 0.015096304008328995 0.03518518518518519
8 0.6686621551275378 0.512962962962963 0.015096304008328995 0.040740740740740744
1 0.7108276939094221 0.5300925925925926 0.021343050494534097 0.06574074074074074