10 0.03539823008849557 0.2810185185185185 0.06975533576262363 0.20462962962962963
10 0.3396668401874024 0.6134259259259259 0.015096304008328993 0.03796296296296296
10 0.4809994794377928 0.45740740740740743 0.017699115044247784 0.046296296296296294
7 0.43883394065590836 0.49212962962962964 0.004164497657470068 0.025
7 0.4362311296199896 0.4898148148148148 0.0052056220718375845 0.027777777777777776
4 0.3209266007287871 0.49166666666666664 0.00676730869338886 0.025925925925925925
7 0.34044768349817806 0.49722222222222223 0.007287870900572618 0.04259259259259259
4 0.34929724102030196 0.49166666666666664 0.020822488287350338 0.03148148148148148
7 0.35502342529932324 0.49953703703703706 0.008328995314940135 0.04351851851851852
7 0.3763664757938574 0.4875 0.0052056220718375845 0.023148148148148147
7 0.3714211348256117 0.4935185185185185 0.00676730869338886 0.040740740740740744
7 0.3735033836543467 0.500462962962963 0.007808433107756377 0.04537037037037037
7 0.36100989068193645 0.48842592592592593 0.005726184279021343 0.021296296296296296
7 0.39198334200937013 0.4824074074074074 0.0031233732431025507 0.009259259259259259
7 0.40760020822488285 0.48148148148148145 0.009370119729307652 0.012962962962962963
4 0.3810515356585112 0.49444444444444446 0.03539823008849557 0.027777777777777776
4 0.4023945861530453 0.5157407407407407 0.045809474232170744 0.053703703703703705
7 0.42373763664757935 0.5092592592592593 0.014575741801145237 0.06481481481481481
7 0.4281624154086413 0.4976851851851852 0.003643935450286309 0.026851851851851852
7 0.43310775637688703 0.4981481481481482 0.004164497657470068 0.027777777777777776
1 0.5013014055179593 0.5268518518518519 0.05413846954711088 0.06111111111111111
14 0.5033836543466944 0.4925925925925926 0.009370119729307652 0.011111111111111112
4 0.5484122852680895 0.49907407407407406 0.027589796980739198 0.03518518518518519
4 0.5393024466423738 0.5375 0.03539823008849557 0.07685185185185185
14 0.5650702758979698 0.5120370370370371 0.007808433107756377 0.03333333333333333
8 0.5533576262363352 0.5055555555555555 0.007287870900572618 0.020370370370370372
8 0.5622071837584591 0.5259259259259259 0.020822488287350338 0.06111111111111111
6 0.5598646538261322 0.5731481481481482 0.019260801665799063 0.06111111111111111
6 0.5442477876106194 0.575925925925926 0.034877667881311816 0.1
8 0.5458094742321707 0.5634259259259259 0.03695991671004685 0.11574074074074074
8 0.5179593961478397 0.5671296296296297 0.02706923477355544 0.12314814814814815
6 0.5244664237376366 0.5518518518518518 0.009890681936491412 0.044444444444444446
4 0.4708485163977095 0.6041666666666666 0.11504424778761062 0.1712962962962963
3 0.5937011972930766 0.5027777777777778 0.05153565851119209 0.12037037037037036
13 0.6415929203539823 0.4842592592592593 0.03591879229567933 0.03148148148148148
14 0.6626756897449245 0.49212962962962964 0.007287870900572618 0.006481481481481481
3 0.7194169703279542 0.47824074074074074 0.09994794377928162 0.10833333333333334
1 0.790994273815721 0.5092592592592593 0.04737116085372202 0.02962962962962963
1 0.8191046330036439 0.512962962962963 0.028630921395106715 0.037037037037037035
4 0.7946382092660074 0.5925925925925926 0.09942738157209786 0.17037037037037037
4 0.9112441436751691 0.6638888888888889 0.17542946382092658 0.3685185185185185
4 0.6072358146798542 0.5796296296296296 0.08381051535658511 0.17592592592592593
1 0.6954711087975013 0.6236111111111111 0.12077043206663195 0.2564814814814815