4 0.5057261842790214 0.49166666666666664 0.005726184279021343 0.018518518518518517
13 0.48906819364914106 0.48148148148148145 0.0338365434669443 0.06111111111111111
1 0.45809474232170744 0.48842592592592593 0.008328995314940135 0.023148148148148147
7 0.45445080687142114 0.49027777777777776 0.0052056220718375845 0.023148148148148147
1 0.4448204060385216 0.4912037037037037 0.011972930765226444 0.026851851851851852
4 0.47006767308693387 0.5046296296296297 0.029151483602290473 0.05
6 0.49271212909942735 0.5268518518518519 0.019260801665799063 0.05740740740740741
8 0.49297241020301924 0.5125 0.020822488287350338 0.06759259259259259
4 0.5965642894325872 0.5231481481481481 0.05413846954711088 0.1037037037037037
4 0.7686100989068194 0.5819444444444445 0.11192087454450807 0.1398148148148148
6 0.8292555960437272 0.5527777777777778 0.04060385216033316 0.07962962962962963
6 0.8545028630921395 0.5504629629629629 0.042165538781884435 0.0787037037037037
4 0.9154086413326392 0.6949074074074074 0.168141592920354 0.3527777777777778
7 0.4286829776158251 0.49444444444444446 0.007808433107756377 0.03148148148148148
6 0.4359708485163977 0.5101851851851852 0.013014055179593961 0.03333333333333333
8 0.4359708485163977 0.5009259259259259 0.010931806350858927 0.04259259259259259
7 0.4120249869859448 0.4898148148148148 0.004685059864653826 0.027777777777777776
7 0.4146277980218636 0.4976851851851852 0.007808433107756377 0.041666666666666664
7 0.39536699635606454 0.48842592592592593 0.005726184279021343 0.028703703703703703
7 0.3930244664237376 0.49444444444444446 0.008328995314940135 0.037037037037037035
7 0.21004685059864653 0.5120370370370371 0.024466423737636647 0.10925925925925926
7 0.05648099947943779 0.45555555555555555 0.018219677251431546 0.03148148148148148
7 0.03800104112441437 0.45787037037037037 0.01665799062988027 0.025
1 0.05700156168662155 0.5814814814814815 0.107756376887038 0.22592592592592592
13 0.021603331598125976 0.5879629629629629 0.04320666319625195 0.3055555555555556