14 0.99453125 0.32314814814814813 0.0078125 0.012962962962962963
4 0.9671875 0.3523148148148148 0.035416666666666666 0.03796296296296296
4 0.9903645833333333 0.3587962962962963 0.018229166666666668 0.041666666666666664
8 0.9013020833333333 0.3523148148148148 0.011979166666666667 0.030555555555555555
6 0.8809895833333333 0.36898148148148147 0.0078125 0.03425925925925926
6 0.86484375 0.3592592592592593 0.025520833333333333 0.046296296296296294
6 0.97734375 0.3958333333333333 0.015104166666666667 0.049074074074074076
10 0.9296875 0.2851851851851852 0.015625 0.04259259259259259
7 0.9221354166666667 0.34444444444444444 0.0109375 0.024074074074074074
4 0.9432291666666667 0.40046296296296297 0.06458333333333334 0.1175925925925926
4 0.828125 0.38472222222222224 0.08229166666666667 0.10648148148148148
6 0.78359375 0.5175925925925926 0.0796875 0.18333333333333332
8 0.78046875 0.47824074074074074 0.0921875 0.24537037037037038
7 0.2526041666666667 0.6791666666666667 0.11041666666666666 0.6398148148148148
7 0.35494791666666664 0.6763888888888889 0.1546875 0.6453703703703704
8 0.9791666666666666 0.3837962962962963 0.015625 0.07314814814814814