14 0.5088495575221239 0.49907407407407406 0.00989068193649141 0.014814814814814815
4 0.5229047371160854 0.5037037037037037 0.00676730869338886 0.014814814814814815
4 0.5153565851119208 0.5055555555555555 0.011452368558042686 0.014814814814814815
6 0.5275897969807392 0.5101851851851852 0.005726184279021343 0.011111111111111112
8 0.5262883914627798 0.5050925925925925 0.006246746486205101 0.012037037037037037
6 0.5393024466423738 0.5125 0.0052056220718375845 0.013888888888888888
8 0.5395627277459657 0.5055555555555555 0.004685059864653826 0.012962962962962963
4 0.5684539302446643 0.5143518518518518 0.020822488287350338 0.025
6 0.6376887038001041 0.5435185185185185 0.017699115044247787 0.037037037037037035
8 0.6358667360749609 0.5342592592592592 0.02342529932326913 0.04814814814814815
8 0.6369078604893285 0.5347222222222222 0.013014055179593961 0.04537037037037037
7 0.7225403435710568 0.5476851851851852 0.011452368558042686 0.06759259259259259
6 0.7522123893805309 0.5625 0.024986985944820406 0.04722222222222222
6 0.607756376887038 0.5458333333333333 0.015096304008328995 0.03981481481481482
8 0.6051535658511192 0.5337962962962963 0.014055179593961478 0.05092592592592592
7 0.44273815720978654 0.5041666666666667 0.005726184279021343 0.023148148148148147
4 0.45471108797501303 0.5148148148148148 0.01717855283706403 0.03518518518518519
13 0.4812597605413847 0.5092592592592593 0.0463300364393545 0.09074074074074075
6 0.39406559083810516 0.5703703703703704 0.03019260801665799 0.07407407407407407
8 0.3935450286309214 0.5546296296296296 0.029151483602290473 0.07777777777777778
8 0.3909422175950026 0.5523148148148148 0.028110359187922956 0.0824074074074074
13 0.2881311816762103 0.49212962962962964 0.13482561166059345 0.2212962962962963
10 0.8110359187922956 0.6337962962962963 0.035398230088495575 0.16944444444444445