13 0.5195210827693909 0.5092592592592593 0.01665799062988027 0.037037037037037035
7 0.5312337324310256 0.5194444444444445 0.005726184279021343 0.016666666666666666
6 0.508589276418532 0.5268518518518519 0.006246746486205101 0.016666666666666666
8 0.5075481520041645 0.5194444444444445 0.006246746486205101 0.022222222222222223
7 0.7535137948984904 0.5601851851851852 0.011972930765226444 0.05740740740740741
6 0.9057782404997398 0.5638888888888889 0.020822488287350338 0.05
6 0.9260801665799063 0.562962962962963 0.031233732431025507 0.05185185185185185
6 0.8420093701197293 0.5972222222222222 0.03800104112441437 0.08518518518518518
8 0.8407079646017699 0.5726851851851852 0.029151483602290473 0.09166666666666666
4 0.7014575741801146 0.5726851851851852 0.09630400832899531 0.10648148148148148
10 0.8107756376887038 0.6083333333333333 0.028630921395106715 0.1425925925925926
13 0.47006767308693387 0.5078703703703704 0.022904737116085372 0.049074074074074076
4 0.452628839146278 0.5199074074074074 0.018219677251431546 0.028703703703703703
4 0.48568453930244665 0.5351851851851852 0.03643935450286309 0.07592592592592592
6 0.43909422175950025 0.5236111111111111 0.007808433107756377 0.019444444444444445
8 0.439614783966684 0.5166666666666667 0.008849557522123894 0.022222222222222223
6 0.41983342009370117 0.5236111111111111 0.008849557522123894 0.017592592592592594
8 0.41905257678292557 0.5203703703703704 0.008328995314940135 0.024074074074074074
7 0.4034357105674128 0.5180555555555556 0.007287870900572618 0.026851851851851852
7 0.35736595523165016 0.5064814814814815 0.00676730869338886 0.012962962962962963
4 0.33420093701197295 0.5055555555555555 0.03643935450286309 0.016666666666666666
7 0.3209266007287871 0.4986111111111111 0.007808433107756377 0.01574074074074074
4 0.31233732431025507 0.5342592592592592 0.04372722540343571 0.05555555555555555
6 0.09396147839666841 0.5342592592592592 0.022384174908901613 0.03333333333333333
6 0.04737116085372202 0.5263888888888889 0.03956272774596564 0.07685185185185185
6 0.015877147319104633 0.5375 0.02342529932326913 0.041666666666666664
6 0.009109838625715773 0.5398148148148149 0.018219677251431546 0.04259259259259259
6 0.019000520562207183 0.5944444444444444 0.03800104112441437 0.09814814814814815
7 0.336283185840708 0.5476851851851852 0.01978136387298282 0.0787037037037037
13 0.24128058302967204 0.5365740740740741 0.12857886517438835 0.20092592592592592
4 0.29776158250910983 0.5476851851851852 0.020822488287350338 0.06388888888888888
7 0.3532014575741801 0.5046296296296297 0.007808433107756377 0.014814814814814815