4 0.008849557522123894 0.5087962962962963 0.017699115044247787 0.19166666666666668
7 0.26548672566371684 0.600925925925926 0.028110359187922956 0.06296296296296296
7 0.323269130661114 0.5597222222222222 0.01353461738677772 0.030555555555555555
7 0.2332118688183238 0.6027777777777777 0.03956272774596564 0.23703703703703705
7 0.041905257678292555 0.7569444444444444 0.08381051535658511 0.1787037037037037
4 0.36022904737116085 0.5273148148148148 0.026028110359187923 0.05092592592592592
3 0.61634565330557 0.500462962962963 0.031233732431025507 0.041666666666666664
1 0.6132222800624675 0.5236111111111111 0.02706923477355544 0.030555555555555555
3 0.573138990109318 0.49074074074074076 0.06038521603331598 0.11296296296296296
4 0.7329515877147319 0.5337962962962963 0.05309734513274336 0.05092592592592592
4 0.875065070275898 0.5694444444444444 0.05726184279021343 0.06111111111111111
13 0.6676210307131702 0.5162037037037037 0.07756376887038001 0.11944444444444445
8 0.6082769390942218 0.525 0.008849557522123894 0.025925925925925925
4 0.6093180635085893 0.5962962962962963 0.05986465382613222 0.12222222222222222
1 0.4862051015096304 0.7574074074074074 0.26236335242061426 0.48333333333333334
4 0.7467464862051015 0.7537037037037037 0.31285788651743884 0.4166666666666667
3 0.9107235814679854 0.49907407407407406 0.1754294638209266 0.9981481481481481
13 0.46928682977615827 0.4236111111111111 0.1691827173347215 0.262037037037037