9 0.51875 0.43472222222222223 0.00625 0.03981481481481482
8 0.4127604166666667 0.5120370370370371 0.0078125 0.016666666666666666
7 0.40520833333333334 0.5157407407407407 0.005208333333333333 0.011111111111111112
8 0.4244791666666667 0.5226851851851851 0.010416666666666666 0.032407407407407406
6 0.45078125 0.5513888888888889 0.024479166666666666 0.062037037037037036
8 0.44973958333333336 0.538425925925926 0.027604166666666666 0.07685185185185185
6 0.46067708333333335 0.5393518518518519 0.013020833333333334 0.06944444444444445
6 0.4630208333333333 0.5550925925925926 0.011458333333333333 0.05277777777777778
8 0.4671875 0.5199074074074074 0.003125 0.012037037037037037
1 0.5135416666666667 0.5472222222222223 0.0375 0.09259259259259259
1 0.48854166666666665 0.562037037037037 0.05416666666666667 0.11666666666666667
6 0.5291666666666667 0.5685185185185185 0.01875 0.06481481481481481
8 0.52890625 0.5634259259259259 0.024479166666666666 0.09722222222222222
4 0.5598958333333334 0.5314814814814814 0.040625 0.037037037037037035
1 0.6114583333333333 0.5393518518518519 0.05625 0.05277777777777778
8 0.64765625 0.549537037037037 0.013020833333333334 0.041666666666666664
6 0.6479166666666667 0.5652777777777778 0.01875 0.03981481481481482
8 0.66171875 0.6023148148148149 0.0359375 0.15092592592592594
6 0.6598958333333333 0.624537037037037 0.0375 0.12685185185185185
6 0.42994791666666665 0.6486111111111111 0.0515625 0.1361111111111111
8 0.4322916666666667 0.5828703703703704 0.04375 0.1361111111111111
4 0.5869791666666667 0.6208333333333333 0.140625 0.19537037037037036
7 0.6888020833333334 0.5601851851851852 0.016145833333333335 0.05925925925925926
1 0.7411458333333333 0.5550925925925926 0.03854166666666667 0.049074074074074076
4 0.7265625 0.5828703703703704 0.057291666666666664 0.07314814814814814
10 0.78203125 0.412962962962963 0.016145833333333335 0.03518518518518519
9 0.7908854166666667 0.3875 0.013020833333333334 0.013888888888888888
9 0.8513020833333333 0.46296296296296297 0.0109375 0.018518518518518517
10 0.7846354166666667 0.5069444444444444 0.0078125 0.021296296296296296
10 0.7645833333333333 0.5009259259259259 0.00625 0.020370370370370372
1 0.7890625 0.5513888888888889 0.036458333333333336 0.032407407407407406
1 0.83515625 0.5416666666666666 0.013020833333333334 0.012962962962962963
4 0.8294270833333334 0.624537037037037 0.13072916666666667 0.1675925925925926