1 0.421875 0.5254629629629629 0.007291666666666667 0.021296296296296296
7 0.4895833333333333 0.5310185185185186 0.010416666666666666 0.03981481481481482
1 0.55390625 0.5037037037037037 0.0109375 0.011111111111111112
14 0.5963541666666666 0.487962962962963 0.010416666666666666 0.024074074074074074
4 0.5315104166666667 0.5106481481481482 0.0109375 0.019444444444444445
7 0.415625 0.5356481481481481 0.010416666666666666 0.04722222222222222
6 0.40286458333333336 0.5597222222222222 0.024479166666666666 0.028703703703703703
8 0.4010416666666667 0.5449074074074074 0.021875 0.05092592592592592
13 0.34140625 0.5282407407407408 0.03802083333333333 0.07685185185185185
7 0.22578125 0.5564814814814815 0.015104166666666667 0.044444444444444446
6 0.37395833333333334 0.5560185185185185 0.023958333333333335 0.021296296296296296
8 0.3703125 0.5481481481481482 0.021875 0.040740740740740744
4 0.20338541666666668 0.6078703703703704 0.050520833333333334 0.08796296296296297
7 0.18333333333333332 0.5694444444444444 0.009375 0.027777777777777776
4 0.2838541666666667 0.5796296296296296 0.12395833333333334 0.08518518518518518
3 0.4515625 0.5365740740740741 0.057291666666666664 0.13796296296296295
6 0.459375 0.6138888888888889 0.041666666666666664 0.12222222222222222
8 0.46067708333333335 0.5842592592592593 0.04010416666666667 0.12222222222222222
13 0.58359375 0.48009259259259257 0.0203125 0.041666666666666664
8 0.59609375 0.49675925925925923 0.0046875 0.013888888888888888
8 0.5919270833333333 0.4981481481481482 0.005729166666666666 0.009259259259259259
4 0.5880208333333333 0.525 0.022916666666666665 0.04814814814814815
6 0.55625 0.5351851851851852 0.009375 0.020370370370370372
8 0.55390625 0.5171296296296296 0.0067708333333333336 0.019444444444444445
8 0.55703125 0.5222222222222223 0.009895833333333333 0.03148148148148148
2 0.615625 0.49398148148148147 0.010416666666666666 0.013888888888888888
13 0.646875 0.4689814814814815 0.03333333333333333 0.049074074074074076
4 0.6088541666666667 0.5310185185185186 0.027083333333333334 0.06388888888888888
4 0.6416666666666667 0.5300925925925926 0.052083333333333336 0.08981481481481482
4 0.66953125 0.5398148148148149 0.04010416666666667 0.11666666666666667
3 0.8330729166666667 0.4736111111111111 0.3328125 0.5064814814814815
4 0.10078125 0.6675925925925926 0.2015625 0.3037037037037037
4 0.3072916666666667 0.7787037037037037 0.31875 0.43148148148148147