9 0.17621030713170224 0.38564814814814813 0.010931806350858927 0.06759259259259259
4 0.2764185320145757 0.5810185185185185 0.13951067152524727 0.10648148148148148
1 0.015096304008328995 0.5925925925925926 0.03019260801665799 0.09074074074074075
6 0.01015096304008329 0.6768518518518518 0.019260801665799063 0.05740740740740741
6 0.17100468505986466 0.7759259259259259 0.1254554919312858 0.29074074074074074
6 0.15981259760541386 0.6754629629629629 0.09057782404997397 0.1361111111111111
6 0.0650702758979698 0.7550925925925925 0.12493492972410203 0.2638888888888889
6 0.010411244143675169 0.7537037037037037 0.01978136387298282 0.14629629629629629
6 0.3071317022384175 0.6236111111111111 0.009370119729307652 0.03611111111111111
6 0.4146277980218636 0.7379629629629629 0.06402915148360229 0.17777777777777778
6 0.34773555439875065 0.850925925925926 0.16137428422696512 0.29259259259259257
6 0.96538261322228 0.5263888888888889 0.022384174908901613 0.017592592592592594
8 0.4122852680895367 0.6736111111111112 0.06454971369078605 0.22870370370370371
8 0.32014575741801143 0.5976851851851852 0.03643935450286309 0.07314814814814814
8 0.3560645497136908 0.7856481481481481 0.1415929203539823 0.41944444444444445
8 0.32014575741801143 0.6111111111111112 0.035398230088495575 0.10740740740740741
8 0.14679854242581988 0.6273148148148148 0.052056220718375845 0.1398148148148148
8 0.01717855283706403 0.6212962962962963 0.03331598125976054 0.10925925925925926
8 0.08823529411764706 0.7083333333333334 0.07548152004164498 0.29814814814814816
8 0.03461738677771994 0.6861111111111111 0.06923477355543987 0.2777777777777778
8 0.18375845913586675 0.7222222222222222 0.09578344612181156 0.30185185185185187
8 0.9703279541905258 0.5143518518518518 0.014575741801145237 0.04537037037037037
8 0.9614783966684018 0.5152777777777777 0.012493492972410203 0.041666666666666664
3 0.7566371681415929 0.524074074074074 0.39823008849557523 0.22407407407407406
8 0.696251952108277 0.549074074074074 0.019260801665799063 0.03518518518518519
4 0.676730869338886 0.6851851851851852 0.1655387818844352 0.2574074074074074
4 0.8292555960437272 0.624537037037037 0.07600208224882873 0.16944444444444445
4 0.9836022904737116 0.5125 0.029672045809474232 0.05462962962962963
1 0.92243623112962 0.6361111111111111 0.15200416449765747 0.21296296296296297
4 0.9031754294638209 0.8060185185185185 0.19260801665799063 0.3861111111111111
9 0.6548672566371682 0.262037037037037 0.032274856845393024 0.020370370370370372
10 0.6376887038001041 0.31203703703703706 0.03643935450286309 0.06296296296296296
9 0.1665799062988027 0.34444444444444444 0.01665799062988027 0.018518518518518517