4 0.038781884435190005 0.5717592592592593 0.07027589796980739 0.06944444444444445
7 0.0338365434669443 0.6189814814814815 0.032274856845393024 0.16203703703703703
7 0.08485163977095263 0.5324074074074074 0.028110359187922956 0.03518518518518519
7 0.092660072878709 0.5662037037037037 0.020822488287350338 0.10462962962962963
7 0.0814679854242582 0.6046296296296296 0.022384174908901613 0.13703703703703704
8 0.08094742321707445 0.6287037037037037 0.025507548152004164 0.11666666666666667
7 0.11894846434148881 0.5949074074074074 0.01717855283706403 0.09907407407407408
7 0.14055179593961478 0.5888888888888889 0.01665799062988027 0.10185185185185185
7 0.1288391462779802 0.5912037037037037 0.010931806350858927 0.10092592592592593
3 0.14731910463300366 0.5416666666666666 0.03331598125976054 0.08888888888888889
7 0.1543466944299844 0.562962962962963 0.022384174908901613 0.09814814814814815
7 0.13846954711087975 0.5680555555555555 0.015616866215512754 0.08611111111111111
6 0.16892243623112962 0.5694444444444444 0.016137428422696512 0.037037037037037035
8 0.1668401874023946 0.5486111111111112 0.007808433107756377 0.026851851851851852
10 0.18740239458615304 0.4898148148148148 0.015616866215512754 0.03333333333333333
4 0.1905257678292556 0.5578703703703703 0.03956272774596564 0.04722222222222222
4 0.2342529932326913 0.549074074074074 0.014575741801145237 0.03333333333333333
7 0.2615825091098386 0.5425925925925926 0.010931806350858927 0.046296296296296294
7 0.25299323269130664 0.55 0.011452368558042686 0.04259259259259259
7 0.24622592399791776 0.549537037037037 0.017699115044247787 0.04351851851851852
4 0.269390942217595 0.5467592592592593 0.02030192608016658 0.032407407407407406
6 0.3180635085892764 0.5736111111111111 0.015616866215512754 0.05462962962962963
8 0.3204060385216033 0.5638888888888889 0.022384174908901613 0.06851851851851852
6 0.34669442998438316 0.5625 0.010411244143675169 0.03611111111111111
7 0.33159812597605415 0.5504629629629629 0.010411244143675169 0.05092592592592592
6 0.34174908901613743 0.5546296296296296 0.013014055179593961 0.02962962962962963
6 0.3586673607496096 0.5509259259259259 0.010411244143675169 0.025925925925925925
6 0.3807912545549193 0.5523148148148148 0.005726184279021343 0.030555555555555555
6 0.3709005726184279 0.5550925925925926 0.014055179593961478 0.032407407407407406
8 0.3735033836543467 0.5462962962962963 0.013014055179593961 0.037037037037037035
7 0.3906819364914107 0.5388888888888889 0.005726184279021343 0.020370370370370372
7 0.40083289953149404 0.5453703703703704 0.0052056220718375845 0.024074074074074074
3 0.4208745445080687 0.5273148148148148 0.03800104112441437 0.0712962962962963
1 0.44794377928162415 0.5361111111111111 0.007808433107756377 0.016666666666666666
1 0.4549713690786049 0.5365740740740741 0.007287870900572618 0.017592592592592594
4 0.48178032274856847 0.5370370370370371 0.00676730869338886 0.022222222222222223
6 0.45523165018219675 0.5439814814814815 0.004685059864653826 0.012037037037037037
8 0.4562727745965643 0.5365740740740741 0.004685059864653826 0.012037037037037037
4 0.4690265486725664 0.5467592592592593 0.029151483602290473 0.049074074074074076
4 0.5028630921395106 0.5481481481481482 0.03956272774596564 0.06296296296296296
4 0.5393024466423738 0.5361111111111111 0.01353461738677772 0.012962962962962963
1 0.5702758979698074 0.5342592592592592 0.02030192608016658 0.024074074074074074
4 0.5749609578344612 0.5435185185185185 0.03279541905257678 0.03333333333333333
6 0.5905778240499739 0.5467592592592593 0.004685059864653826 0.013888888888888888
8 0.5900572618427902 0.5375 0.003643935450286309 0.017592592592592594
6 0.6366475793857366 0.5578703703703703 0.014575741801145237 0.025
8 0.6358667360749609 0.549074074074074 0.011972930765226444 0.03333333333333333
8 0.6317022384174908 0.549074074074074 0.00989068193649141 0.03888888888888889
6 0.6618948464341489 0.5592592592592592 0.013014055179593961 0.03333333333333333
8 0.661634565330557 0.549537037037037 0.008328995314940135 0.03425925925925926
7 0.6723060905778241 0.5310185185185186 0.00676730869338886 0.019444444444444445
7 0.6673607496095784 0.5398148148148149 0.007287870900572618 0.024074074074074074
7 0.683237896928683 0.5435185185185185 0.00676730869338886 0.03333333333333333
6 0.6759500260281104 0.5652777777777778 0.019260801665799063 0.03796296296296296
8 0.6756897449245185 0.5569444444444445 0.015616866215512754 0.049074074074074076
1 0.7459656428943259 0.5648148148148148 0.04685059864653826 0.07962962962962963
7 0.9664237376366476 0.5638888888888889 0.011972930765226444 0.06481481481481481
6 0.9513274336283186 0.5990740740740741 0.03800104112441437 0.06296296296296296
8 0.9463820926600729 0.5828703703703704 0.01353461738677772 0.075
7 0.18974492451847996 0.5800925925925926 0.021343050494534097 0.09351851851851851