7 0.5348958333333333 0.5416666666666666 0.004166666666666667 0.018518518518518517
4 0.53828125 0.5435185185185185 0.0078125 0.014814814814814815
4 0.54140625 0.5453703703703704 0.011979166666666667 0.018518518518518517
4 0.5515625 0.5472222222222223 0.014583333333333334 0.014814814814814815
4 0.5458333333333333 0.5675925925925925 0.021875 0.03888888888888889
4 0.5809895833333333 0.5648148148148148 0.019270833333333334 0.03333333333333333
7 0.5841145833333333 0.5458333333333333 0.005729166666666666 0.010185185185185186
3 0.6177083333333333 0.5532407407407407 0.06041666666666667 0.08796296296296297
13 0.7263020833333333 0.5439814814814815 0.06197916666666667 0.03796296296296296
4 0.7466145833333333 0.5574074074074075 0.03177083333333333 0.03333333333333333
7 0.7986979166666667 0.5643518518518519 0.008854166666666666 0.03981481481481482
7 0.81640625 0.5393518518518519 0.0078125 0.026851851851851852
7 0.825 0.5388888888888889 0.00625 0.027777777777777776
6 0.8239583333333333 0.575462962962963 0.030208333333333334 0.05092592592592592
6 0.82578125 0.6055555555555555 0.0515625 0.10185185185185185
6 0.9541666666666667 0.6555555555555556 0.090625 0.15555555555555556
0 0.9088541666666666 0.675 0.023958333333333335 0.06296296296296296
6 0.8682291666666667 0.8550925925925926 0.20833333333333334 0.287962962962963
8 0.8359375 0.7513888888888889 0.128125 0.4398148148148148
6 0.6934895833333333 0.7449074074074075 0.0890625 0.20833333333333334
8 0.6739583333333333 0.6671296296296296 0.058333333333333334 0.25277777777777777
8 0.7169270833333333 0.6611111111111111 0.09635416666666667 0.25
4 0.5684895833333333 0.5847222222222223 0.0359375 0.06759259259259259
8 0.54453125 0.5527777777777778 0.0078125 0.018518518518518517
6 0.54765625 0.6078703703703704 0.0203125 0.06018518518518518
8 0.5471354166666667 0.575462962962963 0.0203125 0.049074074074074076
7 0.5302083333333333 0.5560185185185185 0.004166666666666667 0.028703703703703703
13 0.5229166666666667 0.5615740740740741 0.01875 0.03425925925925926
7 0.52265625 0.5763888888888888 0.0109375 0.05462962962962963
13 0.48515625 0.5601851851851852 0.033854166666666664 0.05925925925925926
4 0.4817708333333333 0.5773148148148148 0.019791666666666666 0.05648148148148148
13 0.46848958333333335 0.5606481481481481 0.0171875 0.062037037037037036
4 0.265625 0.5861111111111111 0.06979166666666667 0.10555555555555556
13 0.37578125 0.5847222222222223 0.15885416666666666 0.30462962962962964
14 0.26510416666666664 0.6796296296296296 0.10416666666666667 0.1
6 0.36171875 0.7212962962962963 0.15572916666666667 0.18518518518518517
6 0.24270833333333333 0.8055555555555556 0.146875 0.3074074074074074
6 0.06510416666666667 0.7958333333333333 0.13020833333333334 0.33425925925925926
14 0.7723958333333333 0.5564814814814815 0.025 0.07037037037037037
14 0.4505208333333333 0.5666666666666667 0.052083333333333336 0.2462962962962963