10 0.63984375 0.3861111111111111 0.0234375 0.04814814814814815
10 0.6411458333333333 0.4236111111111111 0.026041666666666668 0.017592592592592594
7 0.017447916666666667 0.387037037037037 0.005729166666666666 0.016666666666666666
7 0.02265625 0.38657407407407407 0.0067708333333333336 0.019444444444444445
7 0.0296875 0.387037037037037 0.007291666666666667 0.025925925925925925
7 0.0359375 0.38981481481481484 0.009375 0.025925925925925925
1 0.04609375 0.39675925925925926 0.019270833333333334 0.03981481481481482
6 0.07994791666666666 0.41388888888888886 0.013020833333333334 0.03148148148148148
8 0.07786458333333333 0.4064814814814815 0.009895833333333333 0.03518518518518519
7 0.084375 0.39305555555555555 0.008333333333333333 0.030555555555555555
7 0.09088541666666666 0.39675925925925926 0.008854166666666666 0.03425925925925926
6 0.09635416666666667 0.40555555555555556 0.01875 0.024074074074074074
10 0.11588541666666667 0.3537037037037037 0.0067708333333333336 0.020370370370370372