13 0.47423217074440394 0.5064814814814815 0.011452368558042686 0.022222222222222223
4 0.4823008849557522 0.5115740740740741 0.00989068193649141 0.017592592592592594
1 0.4627798021863613 0.5111111111111111 0.007287870900572618 0.014814814814814815
1 0.4528891202498699 0.5106481481481482 0.007287870900572618 0.01574074074074074
6 0.47006767308693387 0.562962962962963 0.026028110359187923 0.07592592592592592
8 0.47006767308693387 0.5398148148148149 0.020822488287350338 0.06111111111111111
8 0.46928682977615827 0.5449074074074074 0.024466423737636647 0.0787037037037037
14 0.5694950546590317 0.5092592592592593 0.012493492972410203 0.03888888888888889
6 0.8191046330036439 0.6050925925925926 0.05153565851119209 0.10277777777777777
8 0.821186881832379 0.575 0.031754294638209266 0.10740740740740741
6 0.45184799583550234 0.5175925925925926 0.007287870900572618 0.016666666666666666
8 0.45184799583550234 0.5125 0.006246746486205101 0.01574074074074074
3 0.4242581988547631 0.5041666666666667 0.026028110359187923 0.03611111111111111
4 0.42894325871941696 0.525 0.024986985944820406 0.040740740740740744
4 0.32170744403956275 0.5532407407407407 0.03956272774596564 0.08425925925925926
4 0.37011972930765225 0.6171296296296296 0.14992191566892243 0.225
6 0.2800624674648621 0.5402777777777777 0.01978136387298282 0.049074074074074076
7 0.26861009890681936 0.5347222222222222 0.011452368558042686 0.06018518518518518
2 0.24856845393024465 0.5462962962962963 0.013014055179593961 0.037037037037037035
0 0.25950026028110357 0.5833333333333334 0.010931806350858927 0.04259259259259259
7 0.2516918271733472 0.5231481481481481 0.008849557522123894 0.040740740740740744
4 0.1892243623112962 0.5722222222222222 0.061946902654867256 0.0962962962962963
10 0.07860489328474753 0.4134259259259259 0.03019260801665799 0.049074074074074076
6 0.14185320145757419 0.7180555555555556 0.10879750130140552 0.25833333333333336
8 0.16085372201978138 0.6555555555555556 0.05622071837584591 0.2722222222222222
8 0.1304008328995315 0.6370370370370371 0.0827693909422176 0.26481481481481484
6 0.011712649661634565 0.6023148148148149 0.02342529932326913 0.1527777777777778