1 0.19078604893284748 0.6162037037037037 0.07339927121290994 0.20092592592592592
8 0.21733472149921915 0.5898148148148148 0.034877667881311816 0.13518518518518519
6 0.22852680895366997 0.6939814814814815 0.05830296720458095 0.12685185185185185
13 0.3776678813118168 0.5412037037037037 0.30348776678813116 0.5731481481481482
7 0.6030713170223841 0.6268518518518519 0.0463300364393545 0.23333333333333334
4 0.6699635606454971 0.5800925925925926 0.0801665799062988 0.10833333333333334
4 0.7162935970848516 0.5634259259259259 0.038521603331598125 0.07685185185185185
4 0.8279541905257678 0.586574074074074 0.10255075481520042 0.12129629629629629
4 0.9156689224362311 0.7486111111111111 0.16762103071317022 0.3768518518518518
6 0.13638729828214471 0.5856481481481481 0.017699115044247787 0.06388888888888888
6 0.10723581467985424 0.7203703703703703 0.09682457053617907 0.23703703703703705
8 0.0877147319104633 0.5583333333333333 0.014055179593961478 0.03518518518518519
6 0.09292035398230089 0.6773148148148148 0.08068714211348256 0.18796296296296297
8 0.07079646017699115 0.6050925925925926 0.03643935450286309 0.1175925925925926
8 0.1153045288912025 0.6703703703703704 0.07756376887038001 0.2722222222222222
1 0.026288391462779802 0.524074074074074 0.052576782925559604 0.04814814814814815
8 0.031233732431025507 0.5282407407407408 0.01978136387298282 0.023148148148148147
4 0.038781884435190005 0.6259259259259259 0.07756376887038001 0.18333333333333332
6 0.015616866215512754 0.7856481481481481 0.031233732431025507 0.287962962962963
8 0.012753774076002082 0.7962962962962963 0.025507548152004164 0.2388888888888889