7 0.4205729166666667 0.5296296296296297 0.0078125 0.037037037037037035
7 0.42473958333333334 0.5273148148148148 0.008854166666666666 0.032407407407407406
7 0.41510416666666666 0.5254629629629629 0.00625 0.026851851851851852
8 0.43828125 0.5412037037037037 0.0109375 0.04537037037037037
8 0.4544270833333333 0.5337962962962963 0.009895833333333333 0.030555555555555555
8 0.46901041666666665 0.5277777777777778 0.008854166666666666 0.020370370370370372
8 0.46432291666666664 0.549074074074074 0.0171875 0.05
6 0.4544270833333333 0.5550925925925926 0.0078125 0.041666666666666664
6 0.44557291666666665 0.562037037037037 0.015104166666666667 0.044444444444444446
8 0.44479166666666664 0.5453703703703704 0.014583333333333334 0.04814814814814815
8 0.44895833333333335 0.5430555555555555 0.013541666666666667 0.05092592592592592
8 0.43203125 0.5453703703703704 0.013020833333333334 0.046296296296296294
8 0.43697916666666664 0.5310185185185186 0.009375 0.025
3 0.53203125 0.5199074074074074 0.030729166666666665 0.08981481481481482
4 0.5434895833333333 0.55 0.049479166666666664 0.07407407407407407
14 0.6447916666666667 0.4842592592592593 0.08229166666666667 0.06666666666666667
14 0.9411458333333333 0.23703703703703705 0.11666666666666667 0.4740740740740741
1 0.6135416666666667 0.6328703703703704 0.1125 0.23055555555555557
6 0.67890625 0.8087962962962963 0.1671875 0.38055555555555554
8 0.6614583333333334 0.6995370370370371 0.13645833333333332 0.36203703703703705
6 0.5419270833333333 0.5717592592592593 0.018229166666666668 0.058333333333333334
8 0.5424479166666667 0.5550925925925926 0.021354166666666667 0.07314814814814814
6 0.3885416666666667 0.5513888888888889 0.030208333333333334 0.04722222222222222
7 0.3651041666666667 0.5439814814814815 0.01875 0.0824074074074074
6 0.37604166666666666 0.5541666666666667 0.023958333333333335 0.049074074074074076
3 0.2921875 0.5416666666666666 0.15625 0.2462962962962963
8 0.41328125 0.5671296296296297 0.0265625 0.075
13 0.49583333333333335 0.5203703703703704 0.05 0.1111111111111111
4 0.49140625 0.5902777777777778 0.08072916666666667 0.13425925925925927
6 0.42135416666666664 0.7092592592592593 0.06145833333333333 0.1925925925925926
8 0.42083333333333334 0.6287037037037037 0.07083333333333333 0.17777777777777778
7 0.01875 0.5925925925925926 0.0375 0.25925925925925924