13 0.49244791666666665 0.5291666666666667 0.011979166666666667 0.032407407407407406
6 0.48359375 0.5361111111111111 0.0026041666666666665 0.009259259259259259
8 0.48359375 0.5314814814814814 0.0036458333333333334 0.009259259259259259
6 0.503125 0.5430555555555555 0.00625 0.017592592592592594
8 0.5036458333333333 0.5337962962962963 0.005208333333333333 0.021296296296296296
6 0.49765625 0.5462962962962963 0.008854166666666666 0.018518518518518517
8 0.49765625 0.5370370370370371 0.0078125 0.027777777777777776
13 0.5231770833333333 0.5199074074074074 0.0296875 0.06388888888888888
4 0.5236979166666667 0.549537037037037 0.027604166666666666 0.049074074074074076
3 0.4630208333333333 0.5254629629629629 0.019791666666666666 0.025
4 0.47265625 0.5351851851851852 0.0140625 0.022222222222222223
14 0.4466145833333333 0.5282407407407408 0.0109375 0.017592592592592594
7 0.4510416666666667 0.5305555555555556 0.004166666666666667 0.020370370370370372
7 0.4427083333333333 0.5333333333333333 0.005208333333333333 0.020370370370370372
7 0.41901041666666666 0.5351851851851852 0.0046875 0.03148148148148148
7 0.4239583333333333 0.5328703703703703 0.005208333333333333 0.030555555555555555
7 0.42994791666666665 0.5296296296296297 0.005729166666666666 0.022222222222222223
6 0.43333333333333335 0.5560185185185185 0.009375 0.023148148148148147
8 0.43359375 0.5407407407407407 0.013020833333333334 0.04259259259259259
4 0.40520833333333334 0.5342592592592592 0.027083333333333334 0.044444444444444446
4 0.38307291666666665 0.5171296296296296 0.008854166666666666 0.017592592592592594
4 0.3763020833333333 0.5175925925925926 0.0078125 0.018518518518518517
14 0.39010416666666664 0.5212962962962963 0.007291666666666667 0.020370370370370372
4 0.3645833333333333 0.5152777777777777 0.020833333333333332 0.021296296296296296
4 0.34140625 0.5143518518518518 0.0234375 0.023148148148148147
4 0.3216145833333333 0.5125 0.0203125 0.030555555555555555
8 0.3065104166666667 0.5138888888888888 0.0078125 0.025925925925925925
7 0.29973958333333334 0.5074074074074074 0.0078125 0.025925925925925925
7 0.29375 0.5069444444444444 0.00625 0.025
7 0.28958333333333336 0.5097222222222222 0.008333333333333333 0.030555555555555555
7 0.27317708333333335 0.5064814814814815 0.0067708333333333336 0.018518518518518517
8 0.26953125 0.5111111111111111 0.009895833333333333 0.025925925925925925
8 0.26614583333333336 0.5143518518518518 0.00625 0.019444444444444445
6 0.2669270833333333 0.5356481481481481 0.0109375 0.025
14 0.2677083333333333 0.5078703703703704 0.030208333333333334 0.03611111111111111
1 0.1375 0.5185185185185185 0.04583333333333333 0.06851851851851852
1 0.08645833333333333 0.5199074074074074 0.05520833333333333 0.07685185185185185
7 0.09635416666666667 0.5231481481481481 0.01875 0.08333333333333333
7 0.13723958333333333 0.586574074074074 0.028645833333333332 0.125
7 0.11796875 0.5842592592592593 0.0203125 0.12222222222222222
6 0.015364583333333333 0.5324074074074074 0.0296875 0.04814814814814815
7 0.04869791666666667 0.5833333333333334 0.04010416666666667 0.1648148148148148
7 0.01640625 0.6097222222222223 0.0328125 0.18055555555555555
14 0.6338541666666667 0.5282407407407408 0.010416666666666666 0.03611111111111111
14 0.7171875 0.5226851851851851 0.028125 0.03981481481481482
13 0.6708333333333333 0.5097222222222222 0.06979166666666667 0.08055555555555556
14 0.7364583333333333 0.5291666666666667 0.017708333333333333 0.030555555555555555
3 0.784375 0.5296296296296297 0.07916666666666666 0.06851851851851852
4 0.8166666666666667 0.5541666666666667 0.019791666666666666 0.058333333333333334
4 0.7958333333333333 0.5814814814814815 0.05625 0.06481481481481481
4 0.7440104166666667 0.5736111111111111 0.0515625 0.058333333333333334
7 0.70546875 0.6657407407407407 0.0546875 0.19074074074074074
4 0.33515625 0.6587962962962963 0.17135416666666667 0.2712962962962963
7 0.9450520833333333 0.7412037037037037 0.10677083333333333 0.5138888888888888