10 0.47552083333333334 0.5328703703703703 0.00625 0.012037037037037037
14 0.5208333333333334 0.5467592592592593 0.015625 0.012037037037037037
14 0.484375 0.5481481481481482 0.014583333333333334 0.016666666666666666
7 0.55 0.5509259259259259 0.003125 0.012962962962962963
14 0.47291666666666665 0.5476851851851852 0.005208333333333333 0.010185185185185186
4 0.5747395833333333 0.5662037037037037 0.0265625 0.041666666666666664
14 0.10520833333333333 0.637962962962963 0.052083333333333336 0.07037037037037037
14 0.17708333333333334 0.6453703703703704 0.09375 0.07222222222222222
7 0.13697916666666668 0.612037037037037 0.01875 0.1388888888888889
7 0.18515625 0.6435185185185185 0.03697916666666667 0.2
7 0.2708333333333333 0.5555555555555556 0.00625 0.037037037037037035
4 0.29375 0.6555555555555556 0.17604166666666668 0.17962962962962964
4 0.04375 0.6504629629629629 0.0875 0.16944444444444445
4 0.77109375 0.6865740740740741 0.29010416666666666 0.3861111111111111