13 0.39114583333333336 0.4930555555555556 0.03125 0.041666666666666664
7 0.3927083333333333 0.5180555555555556 0.011458333333333333 0.028703703703703703
4 0.3578125 0.5180555555555556 0.041666666666666664 0.03611111111111111
4 0.3671875 0.5217592592592593 0.04791666666666667 0.023148148148148147
4 0.4083333333333333 0.5194444444444445 0.03125 0.027777777777777776
8 0.42161458333333335 0.5092592592592593 0.0067708333333333336 0.014814814814814815
7 0.42682291666666666 0.5041666666666667 0.0046875 0.010185185185185186
8 0.434375 0.5185185185185185 0.010416666666666666 0.03148148148148148
8 0.41302083333333334 0.5171296296296296 0.0125 0.03425925925925926
6 0.415625 0.5263888888888889 0.019791666666666666 0.013888888888888888
7 0.4296875 0.5212962962962963 0.010416666666666666 0.024074074074074074
8 0.425 0.5152777777777777 0.005208333333333333 0.01574074074074074
7 0.42135416666666664 0.5273148148148148 0.009375 0.012037037037037037
7 0.4515625 0.5430555555555555 0.025 0.0787037037037037
7 0.47109375 0.5611111111111111 0.0171875 0.05185185185185185
8 0.4708333333333333 0.5222222222222223 0.0125 0.03888888888888889
8 0.47421875 0.525 0.018229166666666668 0.044444444444444446
6 0.47317708333333336 0.5467592592592593 0.0171875 0.03425925925925926
4 0.4549479166666667 0.5162037037037037 0.030729166666666665 0.028703703703703703
4 0.48880208333333336 0.5199074074074074 0.05572916666666667 0.04351851851851852
7 0.5015625 0.5314814814814814 0.015625 0.05925925925925926
7 0.45364583333333336 0.6537037037037037 0.042708333333333334 0.23333333333333334
7 0.49713541666666666 0.6467592592592593 0.05572916666666667 0.24351851851851852
7 0.3611979166666667 0.6486111111111111 0.06302083333333333 0.30833333333333335
7 0.325 0.6662037037037037 0.05625 0.25462962962962965
7 0.27890625 0.6166666666666667 0.0421875 0.13518518518518519
7 0.25833333333333336 0.6277777777777778 0.05520833333333333 0.1388888888888889
7 0.2265625 0.6324074074074074 0.042708333333333334 0.14629629629629629
7 0.20546875 0.6476851851851851 0.034895833333333334 0.12314814814814815
7 0.1875 0.6759259259259259 0.04375 0.29074074074074074
7 0.17135416666666667 0.6949074074074074 0.08333333333333333 0.36944444444444446
7 0.140625 0.6888888888888889 0.08229166666666667 0.35555555555555557
7 0.11432291666666666 0.687037037037037 0.059895833333333336 0.28888888888888886
7 0.057291666666666664 0.6726851851851852 0.06979166666666667 0.35462962962962963
6 0.06302083333333333 0.7055555555555556 0.09583333333333334 0.22037037037037038
6 0.6565104166666667 0.5092592592592593 0.011979166666666667 0.03148148148148148
6 0.6208333333333333 0.6185185185185185 0.042708333333333334 0.14629629629629629
8 0.625 0.5287037037037037 0.020833333333333332 0.02962962962962963
8 0.6234375 0.5851851851851851 0.04791666666666667 0.1388888888888889
7 0.6643229166666667 0.5837962962962963 0.03177083333333333 0.16018518518518518
1 0.6854166666666667 0.5032407407407408 0.027083333333333334 0.05648148148148148
3 0.7619791666666667 0.48009259259259257 0.09895833333333333 0.08981481481481482
13 0.82890625 0.48703703703703705 0.08072916666666667 0.07592592592592592
7 0.8153645833333333 0.5013888888888889 0.013020833333333334 0.03981481481481482
7 0.8315104166666667 0.5060185185185185 0.018229166666666668 0.03796296296296296
7 0.8424479166666666 0.5078703703703704 0.0109375 0.03611111111111111
4 0.8825520833333333 0.4898148148148148 0.030729166666666665 0.053703703703703705
7 0.8020833333333334 0.6347222222222222 0.041666666666666664 0.2324074074074074
7 0.86171875 0.7041666666666667 0.08072916666666667 0.3175925925925926
7 0.9205729166666666 0.6884259259259259 0.06614583333333333 0.31574074074074077
7 0.9705729166666667 0.6731481481481482 0.0578125 0.31296296296296294