6 0.8948464341488808 0.6194444444444445 0.04789172306090578 0.08148148148148149
8 0.8956272774596564 0.5935185185185186 0.02654867256637168 0.09074074074074075
13 0.510671525247267 0.5370370370370371 0.09370119729307652 0.16111111111111112
4 0.25299323269130664 0.5115740740740741 0.012493492972410203 0.021296296296296296
7 0.23997917751171266 0.5083333333333333 0.006246746486205101 0.040740740740740744
6 0.26913066111400313 0.5259259259259259 0.021863612701717855 0.053703703703703705
6 0.27511712649661635 0.5268518518518519 0.010931806350858927 0.03148148148148148
1 0.3308172826652785 0.5097222222222222 0.01717855283706403 0.021296296296296296
8 0.3180635085892764 0.5074074074074074 0.007287870900572618 0.016666666666666666
1 0.3737636647579386 0.5305555555555556 0.022904737116085372 0.046296296296296294
6 0.2980218636127017 0.5296296296296297 0.031754294638209266 0.046296296296296294
6 0.3050494534096825 0.5370370370370371 0.03019260801665799 0.053703703703703705
6 0.30010411244143675 0.5407407407407407 0.031754294638209266 0.05
6 0.3266527850078084 0.5388888888888889 0.02654867256637168 0.040740740740740744
6 0.3545028630921395 0.6134259259259259 0.04685059864653826 0.1175925925925926
8 0.35398230088495575 0.5824074074074074 0.04268610098906819 0.12037037037037036