13 0.34817708333333336 0.5425925925925926 0.0453125 0.040740740740740744
1 0.36276041666666664 0.5532407407407407 0.0203125 0.017592592592592594
14 0.4088541666666667 0.5444444444444444 0.053125 0.027777777777777776
4 0.45078125 0.5893518518518519 0.03177083333333333 0.075
8 0.45078125 0.5643518518518519 0.018229166666666668 0.03981481481481482
6 0.4546875 0.612037037037037 0.016666666666666666 0.053703703703703705
1 0.4921875 0.5990740740740741 0.059375 0.12037037037037036
4 0.53359375 0.5800925925925926 0.021354166666666667 0.05648148148148148
13 0.57265625 0.5662037037037037 0.0390625 0.05462962962962963
4 0.5682291666666667 0.6069444444444444 0.06041666666666667 0.09166666666666666
4 0.58515625 0.6375 0.04635416666666667 0.15648148148148147
4 0.940625 0.611574074074074 0.1 0.05092592592592592
4 0.8614583333333333 0.6393518518518518 0.05416666666666667 0.14351851851851852
1 0.81484375 0.6546296296296297 0.07552083333333333 0.22592592592592592
4 0.971875 0.7810185185185186 0.05520833333333333 0.225
6 0.96015625 0.9138888888888889 0.07864583333333333 0.17037037037037037
1 0.6932291666666667 0.7064814814814815 0.19479166666666667 0.37407407407407406
6 0.7768229166666667 0.8476851851851852 0.25677083333333334 0.30092592592592593
8 0.75 0.7754629629629629 0.16354166666666667 0.44722222222222224
8 0.52578125 0.6333333333333333 0.05260416666666667 0.15925925925925927
6 0.5255208333333333 0.6643518518518519 0.04479166666666667 0.11203703703703703
4 0.43072916666666666 0.6069444444444444 0.04895833333333333 0.09907407407407408
4 0.3841145833333333 0.5652777777777778 0.07760416666666667 0.026851851851851852
3 0.30546875 0.5425925925925926 0.028645833333333332 0.022222222222222223
4 0.33958333333333335 0.5592592592592592 0.017708333333333333 0.016666666666666666
4 0.3255208333333333 0.5555555555555556 0.014583333333333334 0.014814814814814815
4 0.3125 0.562962962962963 0.022916666666666665 0.02962962962962963
3 0.21953125 0.5162037037037037 0.1203125 0.08981481481481482
4 0.2674479166666667 0.5472222222222223 0.06822916666666666 0.04814814814814815
3 0.08098958333333334 0.5111111111111111 0.16197916666666667 0.2074074074074074
1 0.17890625 0.5740740740740741 0.05572916666666667 0.08703703703703704
4 0.24791666666666667 0.5731481481481482 0.11354166666666667 0.08148148148148149
4 0.3692708333333333 0.7064814814814815 0.17604166666666668 0.2777777777777778
4 0.058333333333333334 0.6333333333333333 0.115625 0.11851851851851852
4 0.19817708333333334 0.8046296296296296 0.3963541666666667 0.387037037037037