7 0.2786458333333333 0.6171296296296296 0.042708333333333334 0.1361111111111111
7 0.26015625 0.6287037037037037 0.0546875 0.1388888888888889
7 0.2265625 0.6324074074074074 0.03958333333333333 0.14629629629629629
7 0.21041666666666667 0.6416666666666667 0.025 0.13703703703703704
7 0.19505208333333332 0.6648148148148149 0.0359375 0.27037037037037037
7 0.09114583333333333 0.7046296296296296 0.034375 0.2222222222222222
7 0.11640625 0.6888888888888889 0.0578125 0.29259259259259257
7 0.14036458333333332 0.6893518518518519 0.08385416666666666 0.35462962962962963
7 0.17057291666666666 0.6953703703703704 0.08697916666666666 0.37037037037037035
7 0.05625 0.674537037037037 0.06770833333333333 0.35833333333333334
6 0.026822916666666665 0.7287037037037037 0.0296875 0.1388888888888889
7 0.32447916666666665 0.6675925925925926 0.05416666666666667 0.25555555555555554
7 0.3614583333333333 0.649074074074074 0.06354166666666666 0.3074074074074074
7 0.35963541666666665 0.6726851851851852 0.06302083333333333 0.23055555555555557
7 0.45208333333333334 0.6541666666666667 0.041666666666666664 0.2324074074074074
7 0.49270833333333336 0.6421296296296296 0.04791666666666667 0.23796296296296296
6 0.6223958333333334 0.6166666666666667 0.046875 0.14074074074074075
8 0.6309895833333333 0.5523148148148148 0.0140625 0.0787037037037037
8 0.6223958333333334 0.5833333333333334 0.046875 0.13518518518518519
7 0.6671875 0.5879629629629629 0.03333333333333333 0.1648148148148148
7 0.8125 0.5013888888888889 0.013541666666666667 0.041666666666666664
7 0.8432291666666667 0.5078703703703704 0.010416666666666666 0.03425925925925926
7 0.83046875 0.5074074074074074 0.018229166666666668 0.03888888888888889
13 0.8291666666666667 0.4861111111111111 0.08020833333333334 0.07407407407407407
3 0.76171875 0.48055555555555557 0.0984375 0.09074074074074075
1 0.6859375 0.5023148148148148 0.027083333333333334 0.05462962962962963
6 0.6565104166666667 0.5106481481481482 0.011979166666666667 0.03611111111111111
4 0.8838541666666667 0.4898148148148148 0.035416666666666666 0.05740740740740741
7 0.8091145833333333 0.6342592592592593 0.04635416666666667 0.2388888888888889
7 0.86875 0.7064814814814815 0.084375 0.32592592592592595
7 0.9283854166666666 0.6884259259259259 0.06302083333333333 0.3175925925925926
7 0.9739583333333334 0.674537037037037 0.051041666666666666 0.30277777777777776
7 0.5013020833333334 0.5310185185185186 0.015104166666666667 0.06018518518518518
7 0.45078125 0.5425925925925926 0.024479166666666666 0.07777777777777778
7 0.42890625 0.5199074074074074 0.0109375 0.025
7 0.41458333333333336 0.5166666666666667 0.013541666666666667 0.03518518518518519
7 0.42291666666666666 0.5277777777777778 0.008333333333333333 0.011111111111111112
7 0.3932291666666667 0.5185185185185185 0.010416666666666666 0.02962962962962963
4 0.48411458333333335 0.5203703703703704 0.043229166666666666 0.044444444444444446
4 0.46015625 0.5212962962962963 0.0203125 0.03888888888888889
4 0.40911458333333334 0.5189814814814815 0.03177083333333333 0.026851851851851852
4 0.365625 0.5208333333333334 0.051041666666666666 0.025
4 0.3572916666666667 0.5180555555555556 0.041666666666666664 0.03425925925925926
8 0.4244791666666667 0.5120370370370371 0.00625 0.016666666666666666
8 0.43645833333333334 0.5175925925925926 0.010416666666666666 0.027777777777777776
8 0.471875 0.5222222222222223 0.013541666666666667 0.03888888888888889
8 0.47552083333333334 0.5310185185185186 0.019791666666666666 0.05648148148148148
13 0.3893229166666667 0.4935185185185185 0.03177083333333333 0.04259259259259259
6 0.4161458333333333 0.5388888888888889 0.019791666666666666 0.03333333333333333
6 0.47213541666666664 0.5398148148148149 0.016145833333333335 0.03148148148148148