13 0.4711087975013014 0.5087962962962963 0.021863612701717855 0.05092592592592592
4 0.4536699635606455 0.5222222222222223 0.018219677251431546 0.027777777777777776
6 0.43935450286309213 0.524074074074074 0.009370119729307652 0.022222222222222223
8 0.4403956272774597 0.5180555555555556 0.006246746486205101 0.019444444444444445
8 0.43909422175950025 0.5185185185185185 0.00989068193649141 0.022222222222222223
7 0.4036959916710047 0.5194444444444445 0.007808433107756377 0.027777777777777776
4 0.31233732431025507 0.5356481481481481 0.04268610098906819 0.05462962962962963
13 0.5208224882873503 0.5111111111111111 0.016137428422696512 0.037037037037037035
7 0.5309734513274337 0.5222222222222223 0.0052056220718375845 0.016666666666666666
6 0.508589276418532 0.5277777777777778 0.008328995314940135 0.016666666666666666
8 0.5080687142113482 0.5203703703703704 0.006246746486205101 0.022222222222222223
7 0.7524726704841228 0.5606481481481481 0.014055179593961478 0.06018518518518518
6 0.9039562727745966 0.5662037037037037 0.02342529932326913 0.04722222222222222
6 0.9242581988547631 0.5652777777777778 0.031754294638209266 0.05092592592592592
6 0.8373243102550755 0.5953703703703703 0.03695991671004685 0.08703703703703704
8 0.836022904737116 0.5740740740740741 0.028110359187922956 0.08333333333333333
10 0.8027069234773555 0.6064814814814815 0.028110359187922956 0.1388888888888889
6 0.41983342009370117 0.524074074074074 0.007808433107756377 0.016666666666666666
8 0.41931285788651745 0.5212962962962963 0.008849557522123894 0.024074074074074074
4 0.484903695991671 0.537962962962963 0.03695991671004685 0.07407407407407407
4 0.6983342009370119 0.5740740740740741 0.09109838625715773 0.1037037037037037
7 0.336283185840708 0.5486111111111112 0.017699115044247787 0.08055555555555556
13 0.24492451847995836 0.5319444444444444 0.12857886517438835 0.21574074074074073
6 0.09994794377928162 0.5388888888888889 0.01978136387298282 0.03148148148148148
6 0.05752212389380531 0.5310185185185186 0.042165538781884435 0.075
6 0.012233211868818324 0.5402777777777777 0.024466423737636647 0.04537037037037037
6 0.02342529932326913 0.5731481481481482 0.04685059864653826 0.13333333333333333
4 0.33524206142634044 0.5046296296296297 0.035398230088495575 0.016666666666666666
7 0.321186881832379 0.49953703703703706 0.007287870900572618 0.019444444444444445
7 0.3586673607496096 0.5078703703703704 0.008328995314940135 0.013888888888888888
7 0.35398230088495575 0.5074074074074074 0.007287870900572618 0.016666666666666666