6 0.06171875 0.7101851851851851 0.09427083333333333 0.23148148148148148
7 0.053385416666666664 0.6736111111111112 0.07447916666666667 0.36018518518518516
7 0.11744791666666667 0.6939814814814815 0.0640625 0.2972222222222222
7 0.20989583333333334 0.6773148148148148 0.08541666666666667 0.2916666666666667
7 0.14140625 0.6893518518518519 0.08177083333333333 0.35462962962962963
7 0.17161458333333332 0.6921296296296297 0.08489583333333334 0.375
7 0.23671875 0.6337962962962963 0.044270833333333336 0.13240740740740742
7 0.26171875 0.6282407407407408 0.0484375 0.14166666666666666
7 0.28125 0.6185185185185185 0.04375 0.13518518518518519
7 0.3263020833333333 0.6671296296296296 0.0546875 0.2564814814814815
7 0.359375 0.649074074074074 0.058333333333333334 0.3074074074074074
7 0.3609375 0.675 0.053125 0.22407407407407406
13 0.39036458333333335 0.4925925925925926 0.0296875 0.04259259259259259
4 0.3606770833333333 0.5189814814814815 0.04635416666666667 0.03425925925925926
4 0.36666666666666664 0.5189814814814815 0.05416666666666667 0.028703703703703703
7 0.40598958333333335 0.5092592592592593 0.0036458333333333334 0.007407407407407408
7 0.40963541666666664 0.5138888888888888 0.0036458333333333334 0.012962962962962963
7 0.3859375 0.5097222222222222 0.005208333333333333 0.010185185185185186
7 0.3921875 0.5180555555555556 0.007291666666666667 0.030555555555555555
7 0.3997395833333333 0.5199074074074074 0.0109375 0.030555555555555555
7 0.4309895833333333 0.5097222222222222 0.005729166666666666 0.012037037037037037
7 0.4270833333333333 0.5162037037037037 0.015625 0.03425925925925926
7 0.44817708333333334 0.524537037037037 0.008854166666666666 0.03796296296296296
7 0.440625 0.5634259259259259 0.011458333333333333 0.08055555555555556
7 0.4557291666666667 0.5550925925925926 0.025 0.08981481481481482
7 0.47604166666666664 0.5615740740740741 0.019791666666666666 0.06759259259259259
7 0.46770833333333334 0.6310185185185185 0.020833333333333332 0.09722222222222222
7 0.48463541666666665 0.6083333333333333 0.03802083333333333 0.1537037037037037
7 0.4973958333333333 0.5763888888888888 0.017708333333333333 0.058333333333333334
7 0.5924479166666666 0.5518518518518518 0.027604166666666666 0.1037037037037037
7 0.63359375 0.5875 0.0265625 0.15462962962962962
7 0.6783854166666666 0.5819444444444445 0.022395833333333334 0.1175925925925926
7 0.7520833333333333 0.6106481481481482 0.046875 0.1935185185185185
7 0.7106770833333333 0.6208333333333333 0.04114583333333333 0.1935185185185185
7 0.83046875 0.5074074074074074 0.0171875 0.03888888888888889
7 0.8440104166666667 0.5083333333333333 0.011979166666666667 0.03518518518518519
7 0.8807291666666667 0.6699074074074074 0.07083333333333333 0.3138888888888889
7 0.9205729166666666 0.6925925925925925 0.0703125 0.3425925925925926
7 0.9760416666666667 0.6773148148148148 0.046875 0.3435185185185185
7 0.8411458333333334 0.8189814814814815 0.21354166666666666 0.36018518518518516
4 0.8817708333333333 0.49166666666666664 0.030208333333333334 0.05740740740740741
13 0.8291666666666667 0.487962962962963 0.08125 0.07777777777777778
3 0.7611979166666667 0.48055555555555557 0.0984375 0.09074074074074075
1 0.6854166666666667 0.5055555555555555 0.027083333333333334 0.05740740740740741
6 0.65703125 0.5060185185185185 0.015104166666666667 0.026851851851851852
6 0.6669270833333333 0.6791666666666667 0.07239583333333334 0.21574074074074073
8 0.6416666666666667 0.6027777777777777 0.026041666666666668 0.1685185185185185
8 0.6625 0.638425925925926 0.07916666666666666 0.24351851851851852
4 0.48984375 0.5203703703703704 0.0546875 0.04814814814814815
4 0.46067708333333335 0.5208333333333334 0.0203125 0.03611111111111111
6 0.46197916666666666 0.5398148148148149 0.010416666666666666 0.027777777777777776
8 0.45807291666666666 0.5171296296296296 0.0078125 0.028703703703703703
6 0.4 0.5259259259259259 0.015625 0.012962962962962963
8 0.4049479166666667 0.5175925925925926 0.0078125 0.020370370370370372
8 0.39791666666666664 0.5175925925925926 0.009375 0.020370370370370372
14 0.41380208333333335 0.524537037037037 0.0171875 0.026851851851851852