1 0.19000520562207185 0.6138888888888889 0.07287870900572618 0.19814814814814816
6 0.23008849557522124 0.6875 0.059344091618948464 0.1361111111111111
8 0.222019781363873 0.5921296296296297 0.042165538781884435 0.13796296296296295
13 0.37610619469026546 0.5402777777777777 0.30661114003123374 0.5731481481481482
7 0.6028110359187923 0.6305555555555555 0.04372722540343571 0.2388888888888889
4 0.9180114523685581 0.7333333333333333 0.1629359708485164 0.34444444444444444
4 0.8370640291514836 0.5944444444444444 0.09786569495054659 0.12407407407407407
4 0.717855283706403 0.5606481481481481 0.03435710567412806 0.06944444444444445
4 0.6772514315460697 0.5861111111111111 0.07079646017699115 0.09444444444444444
6 0.13716814159292035 0.5837962962962963 0.014055179593961478 0.05648148148148148
8 0.08693388859968766 0.5574074074074075 0.014575741801145237 0.03333333333333333
8 0.07418011452368559 0.6032407407407407 0.04112441436751692 0.11574074074074074
6 0.09578344612181156 0.6754629629629629 0.07704320666319625 0.18796296296296297
6 0.10853722019781364 0.7217592592592592 0.0952628839146278 0.23796296296296296
8 0.11608537220197813 0.6694444444444444 0.07912545549193128 0.27037037037037037
1 0.025767829255596043 0.5254629629629629 0.05153565851119209 0.04537037037037037
8 0.031754294638209266 0.5314814814814814 0.01353461738677772 0.024074074074074074
4 0.038521603331598125 0.6310185185185185 0.07704320666319625 0.1935185185185185
6 0.015616866215512754 0.7842592592592592 0.03019260801665799 0.2814814814814815
8 0.013014055179593961 0.7939814814814815 0.026028110359187923 0.23981481481481481