4 0.375 0.4152777777777778 0.023958333333333335 0.021296296296296296
1 0.43828125 0.40185185185185185 0.016145833333333335 0.018518518518518517
13 0.4940104166666667 0.3861111111111111 0.0296875 0.07777777777777778
13 0.5229166666666667 0.3814814814814815 0.017708333333333333 0.04259259259259259
4 0.5286458333333334 0.3972222222222222 0.026041666666666668 0.03518518518518519
1 0.5486979166666667 0.39166666666666666 0.015104166666666667 0.03518518518518519
4 0.5606770833333333 0.4027777777777778 0.0328125 0.05185185185185185
4 0.4796875 0.4185185185185185 0.04479166666666667 0.08333333333333333
7 0.81484375 0.4134259259259259 0.0265625 0.13055555555555556
14 0.5622395833333333 0.3763888888888889 0.0171875 0.012037037037037037
4 0.5739583333333333 0.3921296296296296 0.008333333333333333 0.030555555555555555
10 0.3015625 0.38981481481481484 0.007291666666666667 0.016666666666666666
10 0.34270833333333334 0.3921296296296296 0.008333333333333333 0.013888888888888888
10 0.36640625 0.39166666666666666 0.0046875 0.012962962962962963
7 0.29453125 0.43472222222222223 0.0067708333333333336 0.026851851851851852
13 0.4588541666666667 0.38842592592592595 0.019791666666666666 0.03796296296296296
14 0.5125 0.3921296296296296 0.009375 0.026851851851851852