4 0.4953125 0.5550925925925926 0.04375 0.06388888888888888
6 0.4471354166666667 0.5518518518518518 0.022395833333333334 0.040740740740740744
6 0.42291666666666666 0.5504629629629629 0.027083333333333334 0.032407407407407406
1 0.35130208333333335 0.5430555555555555 0.027604166666666666 0.05092592592592592
1 0.35703125 0.5425925925925926 0.034895833333333334 0.05185185185185185
8 0.396875 0.5416666666666666 0.016666666666666666 0.037037037037037035
6 0.39921875 0.5657407407407408 0.018229166666666668 0.037037037037037035
6 0.70078125 0.5773148148148148 0.0234375 0.062037037037037036
6 0.7973958333333333 0.5787037037037037 0.028125 0.04814814814814815
7 0.7671875 0.638425925925926 0.05416666666666667 0.20277777777777778
8 0.6986979166666667 0.5958333333333333 0.016145833333333335 0.028703703703703703
6 0.7005208333333334 0.6685185185185185 0.026041666666666668 0.1648148148148148
4 0.9651041666666667 0.5513888888888889 0.06875 0.03796296296296296
4 0.9778645833333334 0.5574074074074075 0.043229166666666666 0.03518518518518519
6 0.9768229166666667 0.6083333333333333 0.04010416666666667 0.08703703703703704
8 0.984375 0.586574074074074 0.026041666666666668 0.10277777777777777
6 0.9510416666666667 0.6268518518518519 0.05520833333333333 0.1
8 0.95 0.5981481481481481 0.03854166666666667 0.12037037037037036
6 0.3776041666666667 0.6398148148148148 0.059375 0.1574074074074074
8 0.37890625 0.6111111111111112 0.06197916666666667 0.18888888888888888
8 0.37135416666666665 0.5925925925925926 0.07395833333333333 0.1537037037037037
1 0.25104166666666666 0.5319444444444444 0.011458333333333333 0.03981481481481482
7 0.25859375 0.5569444444444445 0.0265625 0.08611111111111111
14 0.3033854166666667 0.6087962962962963 0.08802083333333334 0.22870370370370371
14 0.27369791666666665 0.6847222222222222 0.08802083333333334 0.18611111111111112
7 0.06588541666666667 0.625462962962963 0.05572916666666667 0.13055555555555556
14 0.15807291666666667 0.6689814814814815 0.1890625 0.43425925925925923
14 0.0734375 0.8592592592592593 0.146875 0.2796296296296296
1 0.6057291666666667 0.7106481481481481 0.21666666666666667 0.4601851851851852