3 0.9864583333333333 0.3638888888888889 0.025 0.1
6 0.9643229166666667 0.41064814814814815 0.0296875 0.025
6 0.9466145833333334 0.4111111111111111 0.015104166666666667 0.027777777777777776
8 0.9375 0.39351851851851855 0.008333333333333333 0.020370370370370372
7 0.89609375 0.3939814814814815 0.0067708333333333336 0.023148148148148147
4 0.9135416666666667 0.4166666666666667 0.04479166666666667 0.05740740740740741
6 0.9940104166666667 0.4759259259259259 0.0067708333333333336 0.037037037037037035
8 0.9940104166666667 0.43657407407407406 0.0067708333333333336 0.05648148148148148
8 0.984375 0.42685185185185187 0.023958333333333335 0.05740740740740741
6 0.975 0.5078703703703704 0.040625 0.13055555555555556
8 0.9755208333333333 0.4759259259259259 0.046875 0.13518518518518519
6 0.9380208333333333 0.4925925925925926 0.040625 0.11481481481481481
8 0.9372395833333333 0.4625 0.0359375 0.11018518518518519
7 0.8958333333333334 0.3921296296296296 0.007291666666666667 0.023148148148148147
7 0.903125 0.38564814814814813 0.004166666666666667 0.008333333333333333
7 0.86015625 0.3972222222222222 0.0140625 0.06111111111111111
6 0.8479166666666667 0.45601851851851855 0.014583333333333334 0.049074074074074076
8 0.8513020833333333 0.4236111111111111 0.008854166666666666 0.06018518518518518
1 0.8114583333333333 0.4476851851851852 0.06875 0.12685185185185185
7 0.7875 0.37962962962962965 0.007291666666666667 0.037037037037037035
7 0.7796875 0.3888888888888889 0.010416666666666666 0.046296296296296294
7 0.7559895833333333 0.4513888888888889 0.0265625 0.13055555555555556
7 0.7075520833333333 0.412962962962963 0.03177083333333333 0.11481481481481481
7 0.68203125 0.4041666666666667 0.027604166666666666 0.11944444444444445
7 0.6716145833333333 0.41805555555555557 0.0359375 0.125
7 0.6481770833333333 0.4217592592592593 0.0296875 0.1287037037037037
7 0.6294270833333333 0.41805555555555557 0.0265625 0.13055555555555556
6 0.88515625 0.6856481481481481 0.1171875 0.3435185185185185
8 0.8877604166666667 0.6050925925925926 0.09322916666666667 0.3138888888888889
8 0.85078125 0.6069444444444444 0.10364583333333334 0.33055555555555555
7 0.2721354166666667 0.44074074074074077 0.044270833333333336 0.26851851851851855
7 0.22578125 0.4439814814814815 0.05260416666666667 0.28425925925925927
7 0.9731770833333333 0.39537037037037037 0.005729166666666666 0.022222222222222223