10 0.34765625 0.38333333333333336 0.0109375 0.04722222222222222
7 0.322265625 0.4673611111111111 0.01640625 0.05694444444444444
1 0.38828125 0.4840277777777778 0.040625 0.06805555555555555
6 0.387890625 0.5722222222222222 0.04609375 0.16666666666666666
8 0.389453125 0.5506944444444445 0.04296875 0.1875
8 0.391796875 0.5347222222222222 0.03515625 0.15555555555555556
7 0.28125 0.49583333333333335 0.025 0.1111111111111111
6 0.335546875 0.6111111111111112 0.07109375 0.18888888888888888
6 0.22109375 0.6201388888888889 0.0765625 0.1875
8 0.21953125 0.5847222222222223 0.06875 0.23055555555555557
6 0.131640625 0.7965277777777777 0.25390625 0.4013888888888889
8 0.15703125 0.6659722222222222 0.15 0.43472222222222223
8 0.340625 0.56875 0.06875 0.21805555555555556
14 0.773828125 0.45416666666666666 0.04765625 0.044444444444444446
13 0.741796875 0.4486111111111111 0.04140625 0.125
4 0.790625 0.5180555555555556 0.1421875 0.08611111111111111
8 0.92578125 0.4861111111111111 0.0140625 0.030555555555555555
4 0.841796875 0.7194444444444444 0.31484375 0.4388888888888889
13 0.569140625 0.4708333333333333 0.34765625 0.75
4 0.03984375 0.45416666666666666 0.078125 0.05277777777777778
4 0.168359375 0.4583333333333333 0.05078125 0.03333333333333333
14 0.88515625 0.4736111111111111 0.053125 0.05