7 0.6768229166666667 0.42314814814814816 0.027604166666666666 0.14814814814814814
6 0.7106770833333333 0.4162037037037037 0.027604166666666666 0.10092592592592593
7 0.7432291666666667 0.40925925925925927 0.023958333333333335 0.11481481481481481
7 0.7572916666666667 0.39351851851851855 0.011458333333333333 0.09259259259259259
7 0.7802083333333333 0.38472222222222224 0.009375 0.06018518518518518
7 0.7885416666666667 0.3837962962962963 0.007291666666666667 0.06388888888888888
7 0.7934895833333333 0.3824074074074074 0.0046875 0.06111111111111111
7 0.7942708333333334 0.37453703703703706 0.005208333333333333 0.049074074074074076
7 0.7986979166666667 0.3731481481481482 0.0067708333333333336 0.04259259259259259
7 0.80390625 0.37407407407407406 0.0078125 0.046296296296296294
7 0.81640625 0.3675925925925926 0.0109375 0.018518518518518517
7 0.8080729166666667 0.3800925925925926 0.009895833333333333 0.049074074074074076
7 0.8205729166666667 0.3523148148148148 0.005729166666666666 0.010185185185185186
7 0.825 0.35324074074074074 0.00625 0.008333333333333333
7 0.8286458333333333 0.35138888888888886 0.005208333333333333 0.013888888888888888
7 0.8361979166666667 0.3486111111111111 0.008854166666666666 0.019444444444444445
7 0.8463541666666666 0.3449074074074074 0.008333333333333333 0.013888888888888888
7 0.8546875 0.3449074074074074 0.00625 0.008333333333333333
4 0.83359375 0.4203703703703704 0.06302083333333333 0.09444444444444444
8 0.8341145833333333 0.36944444444444446 0.0067708333333333336 0.005555555555555556
8 0.8278645833333333 0.3675925925925926 0.0067708333333333336 0.007407407407407408
1 0.8463541666666666 0.38472222222222224 0.036458333333333336 0.05277777777777778
1 0.82421875 0.37037037037037035 0.027604166666666666 0.025925925925925925
1 0.8484375 0.35462962962962963 0.01875 0.009259259259259259
1 0.8645833333333334 0.387037037037037 0.016666666666666666 0.06666666666666667
1 0.8666666666666667 0.38287037037037036 0.025 0.049074074074074076
1 0.8841145833333334 0.37222222222222223 0.016145833333333335 0.03518518518518519
1 0.87734375 0.35138888888888886 0.0140625 0.010185185185185186
1 0.8940104166666667 0.37407407407407406 0.022395833333333334 0.046296296296296294
4 0.8877604166666667 0.3449074074074074 0.015104166666666667 0.008333333333333333
1 0.9057291666666667 0.3527777777777778 0.0125 0.014814814814814815
13 0.8942708333333333 0.337037037037037 0.007291666666666667 0.020370370370370372
4 0.88828125 0.33611111111111114 0.005729166666666666 0.009259259259259259
4 0.9065104166666667 0.3402777777777778 0.011979166666666667 0.010185185185185186
14 0.91875 0.3472222222222222 0.014583333333333334 0.020370370370370372
1 0.921875 0.41064814814814815 0.04895833333333333 0.10648148148148148
4 0.9411458333333333 0.36342592592592593 0.017708333333333333 0.032407407407407406
14 0.9302083333333333 0.350462962962963 0.008333333333333333 0.012037037037037037
14 0.91640625 0.3314814814814815 0.0109375 0.009259259259259259
3 0.97578125 0.33796296296296297 0.04739583333333333 0.06481481481481481
1 0.9815104166666667 0.4212962962962963 0.0359375 0.1259259259259259
6 0.95234375 0.42916666666666664 0.0234375 0.06574074074074074
6 0.9708333333333333 0.4875 0.05625 0.14907407407407408
8 0.9546875 0.41203703703703703 0.026041666666666668 0.08888888888888889
8 0.97265625 0.44907407407407407 0.0484375 0.13148148148148148
8 0.9653645833333333 0.44583333333333336 0.0453125 0.14537037037037037
6 0.8809895833333333 0.6171296296296296 0.1171875 0.30462962962962964
8 0.8802083333333334 0.5375 0.08854166666666667 0.2972222222222222
1 0.8640625 0.3837962962962963 0.022916666666666665 0.0712962962962963
10 0.88984375 0.2449074074074074 0.027604166666666666 0.023148148148148147
10 0.7984375 0.28564814814814815 0.009375 0.04722222222222222
6 0.8901041666666667 0.4273148148148148 0.04375 0.062037037037037036
8 0.8872395833333333 0.41203703703703703 0.03697916666666667 0.08703703703703704