8 0.41171875 0.48009259259259257 0.0046875 0.012037037037037037
6 0.41119791666666666 0.4842592592592593 0.005729166666666666 0.007407407407407408
6 0.41953125 0.4842592592592593 0.0046875 0.012962962962962963
6 0.4278645833333333 0.487962962962963 0.0067708333333333336 0.020370370370370372
8 0.4278645833333333 0.47638888888888886 0.0067708333333333336 0.01574074074074074
13 0.44166666666666665 0.4777777777777778 0.019791666666666666 0.05
8 0.5190104166666667 0.4791666666666667 0.0078125 0.058333333333333334
8 0.5247395833333334 0.4736111111111111 0.016145833333333335 0.058333333333333334
6 0.5221354166666666 0.4861111111111111 0.022395833333333334 0.05
8 0.5458333333333333 0.47685185185185186 0.021875 0.07407407407407407
6 0.54453125 0.49212962962962964 0.024479166666666666 0.06759259259259259
8 0.6354166666666666 0.4842592592592593 0.016666666666666666 0.09814814814814815
8 0.640625 0.4875 0.0125 0.11018518518518519
6 0.6419270833333334 0.5083333333333333 0.0171875 0.07407407407407407
1 0.7182291666666667 0.5814814814814815 0.15104166666666666 0.3296296296296296
4 0.3984375 0.4861111111111111 0.008333333333333333 0.03333333333333333
4 0.39401041666666664 0.4824074074074074 0.015104166666666667 0.044444444444444446
4 0.37942708333333336 0.487962962962963 0.03802083333333333 0.05555555555555555
8 0.34140625 0.4898148148148148 0.0046875 0.02962962962962963
6 0.3421875 0.5018518518518519 0.007291666666666667 0.020370370370370372
8 0.3515625 0.4861111111111111 0.017708333333333333 0.06481481481481481
6 0.35104166666666664 0.5092592592592593 0.01875 0.046296296296296294
1 0.31588541666666664 0.49074074074074076 0.0234375 0.05185185185185185
8 0.3182291666666667 0.48935185185185187 0.015625 0.04351851851851852
6 0.3190104166666667 0.5064814814814815 0.0140625 0.037037037037037035
4 0.28489583333333335 0.5078703703703704 0.06041666666666667 0.08981481481481482
8 0.48203125 0.5611111111111111 0.06927083333333334 0.2518518518518518
6 0.4822916666666667 0.6458333333333334 0.075 0.22314814814814815
10 0.4244791666666667 0.5291666666666667 0.004166666666666667 0.010185185185185186
10 0.4171875 0.5416666666666666 0.008333333333333333 0.011111111111111112
10 0.40677083333333336 0.5592592592592592 0.008333333333333333 0.014814814814814815
10 0.3875 0.5847222222222223 0.009375 0.01574074074074074
10 0.353125 0.6287037037037037 0.0125 0.020370370370370372
10 0.2981770833333333 0.6888888888888889 0.016145833333333335 0.025925925925925925
10 0.16979166666666667 0.8231481481481482 0.026041666666666668 0.040740740740740744