13 0.27369791666666665 0.40370370370370373 0.07864583333333333 0.07592592592592592
6 0.24166666666666667 0.45092592592592595 0.013541666666666667 0.03518518518518519
8 0.24453125 0.42314814814814816 0.0140625 0.037037037037037035
6 0.32786458333333335 0.43287037037037035 0.008854166666666666 0.028703703703703703
8 0.32838541666666665 0.41712962962962963 0.011979166666666667 0.041666666666666664
4 0.2786458333333333 0.43703703703703706 0.07708333333333334 0.06666666666666667
1 0.33671875 0.4203703703703704 0.011979166666666667 0.05185185185185185
4 0.3625 0.4861111111111111 0.0875 0.16296296296296298
4 0.5020833333333333 0.6675925925925926 0.45 0.662962962962963
1 0.6296875 0.39351851851851855 0.016666666666666666 0.03333333333333333
7 0.6572916666666667 0.4101851851851852 0.010416666666666666 0.053703703703703705
7 0.6502604166666667 0.4115740740740741 0.011979166666666667 0.058333333333333334
7 0.90625 0.44166666666666665 0.035416666666666666 0.17407407407407408
7 0.9182291666666667 0.4324074074074074 0.029166666666666667 0.19814814814814816
14 0.21953125 0.4388888888888889 0.030729166666666665 0.06111111111111111