14 0.0125 0.5310185185185186 0.025 0.09537037037037037
2 0.0953125 0.5671296296296297 0.05416666666666667 0.08611111111111111
8 0.09713541666666667 0.5388888888888889 0.0359375 0.11666666666666667
6 0.13958333333333334 0.5796296296296296 0.07916666666666666 0.1111111111111111
7 0.21041666666666667 0.6592592592592592 0.04583333333333333 0.25925925925925924
4 0.35651041666666666 0.5337962962962963 0.05572916666666667 0.041666666666666664
7 0.035416666666666666 0.7416666666666667 0.07083333333333333 0.4703703703703704
4 0.41041666666666665 0.5254629629629629 0.027083333333333334 0.028703703703703703
1 0.4473958333333333 0.5277777777777778 0.015625 0.03518518518518519
1 0.43255208333333334 0.5347222222222222 0.022395833333333334 0.049074074074074076
1 0.47213541666666664 0.5375 0.0359375 0.062037037037037036
6 0.44895833333333335 0.5449074074074074 0.0125 0.03796296296296296
8 0.4479166666666667 0.5273148148148148 0.008333333333333333 0.026851851851851852
8 0.45026041666666666 0.5347222222222222 0.0109375 0.03611111111111111
6 0.4942708333333333 0.5217592592592593 0.004166666666666667 0.008333333333333333
6 0.5247395833333334 0.5458333333333333 0.013020833333333334 0.032407407407407406
7 0.6177083333333333 0.5398148148148149 0.015625 0.07777777777777778
8 0.4934895833333333 0.5171296296296296 0.0067708333333333336 0.013888888888888888
6 0.5015625 0.5231481481481481 0.007291666666666667 0.005555555555555556
8 0.5 0.5175925925925926 0.008333333333333333 0.014814814814814815
8 0.525 0.5351851851851852 0.013541666666666667 0.044444444444444446
7 0.5143229166666666 0.5162037037037037 0.005729166666666666 0.021296296296296296
4 0.49166666666666664 0.5888888888888889 0.08125 0.13148148148148148
6 0.40598958333333335 0.5717592592592593 0.0234375 0.062037037037037036
8 0.40572916666666664 0.5509259259259259 0.023958333333333335 0.06851851851851852
10 0.88828125 0.4300925925925926 0.0265625 0.04722222222222222
4 0.96171875 0.5578703703703703 0.044270833333333336 0.07685185185185185
4 0.9744791666666667 0.5782407407407407 0.05 0.09537037037037037