6 0.05986465382613222 0.5652777777777778 0.031233732431025507 0.0712962962962963
4 0.2368558042686101 0.6055555555555555 0.15720978656949505 0.2074074074074074
6 0.36048932847475273 0.5583333333333333 0.015096304008328995 0.05
6 0.40395627277459656 0.5569444444444445 0.014575741801145237 0.03611111111111111
6 0.4161894846434149 0.5467592592592593 0.013014055179593961 0.030555555555555555
6 0.43154606975533577 0.5398148148148149 0.010411244143675169 0.022222222222222223
8 0.36309213951067154 0.5486111111111112 0.008849557522123894 0.05277777777777778
6 0.37610619469026546 0.5412037037037037 0.008849557522123894 0.028703703703703703
8 0.3997917751171265 0.5273148148148148 0.0052056220718375845 0.017592592592592594
8 0.4036959916710047 0.5458333333333333 0.015096304008328995 0.049074074074074076
8 0.4161894846434149 0.5347222222222222 0.010931806350858927 0.03796296296296296
8 0.43206663196251954 0.5319444444444444 0.009370119729307652 0.026851851851851852
14 0.4284226965122332 0.5125 0.007287870900572618 0.013888888888888888
4 0.4653826132222801 0.5166666666666667 0.009370119729307652 0.018518518518518517
4 0.49921915668922434 0.5305555555555556 0.020822488287350338 0.02962962962962963
4 0.4411764705882353 0.5254629629629629 0.013014055179593961 0.019444444444444445
4 0.4528891202498699 0.55 0.038521603331598125 0.05185185185185185
8 0.48828735033836546 0.5203703703703704 0.004164497657470068 0.012962962962962963
6 0.48906819364914106 0.5268518518518519 0.004685059864653826 0.009259259259259259
7 0.48204060385216035 0.5296296296296297 0.006246746486205101 0.03148148148148148
8 0.5733992712129099 0.5421296296296296 0.00989068193649141 0.03425925925925926
6 0.5741801145236856 0.5518518518518518 0.01353461738677772 0.03148148148148148
7 0.603331598125976 0.5476851851851852 0.008328995314940135 0.041666666666666664
8 0.3584070796460177 0.5472222222222223 0.015096304008328995 0.05185185185185185
7 0.5218636127017179 0.5291666666666667 0.003643935450286309 0.017592592592592594