13 0.26548672566371684 0.5027777777777778 0.015616866215512754 0.03148148148148148
1 0.2394586153045289 0.5805555555555556 0.06559083810515356 0.13333333333333333
6 0.26132222800624677 0.6273148148148148 0.024986985944820406 0.075
8 0.2571577303487767 0.586574074074074 0.021863612701717855 0.13425925925925927
6 0.20353982300884957 0.6449074074074074 0.06559083810515356 0.14722222222222223
8 0.2108276939094222 0.6143518518518518 0.048932847475273294 0.17685185185185184
6 0.15070275897969806 0.6370370370370371 0.05465903175429464 0.13148148148148148
8 0.1590317542946382 0.6027777777777777 0.031754294638209266 0.13518518518518519
8 0.1431546069755336 0.5986111111111111 0.04476834981780323 0.13055555555555556
6 0.042425819885476314 0.6074074074074074 0.06715252472670484 0.10555555555555556
8 0.04476834981780323 0.5731481481481482 0.031233732431025507 0.11666666666666667
6 0.03357626236335242 0.7171296296296297 0.06715252472670484 0.2212962962962963
8 0.03409682457053618 0.6537037037037037 0.06715252472670484 0.24444444444444444
13 0.3672566371681416 0.5319444444444444 0.19000520562207185 0.3490740740740741
4 0.4625195210827694 0.5583333333333333 0.019260801665799063 0.09074074074074075
4 0.46147839666840185 0.5231481481481481 0.019260801665799063 0.044444444444444446
7 0.29750130140551795 0.7486111111111111 0.13899010931806352 0.49722222222222223
4 0.6694429984383133 0.5777777777777777 0.0739198334200937 0.1
4 0.7826652785007808 0.6425925925925926 0.20666319625195212 0.20925925925925926
4 0.8865174388339406 0.6101851851851852 0.14367516918271733 0.15555555555555556
8 0.8781884435190005 0.5328703703703703 0.006246746486205101 0.010185185185185186
6 0.9724102030192608 0.6129629629629629 0.04268610098906819 0.07777777777777778
4 0.9890681936491411 0.7796296296296297 0.018740239458615304 0.25555555555555554