4 0.3463541666666667 0.5407407407407407 0.046875 0.07037037037037037
6 0.34921875 0.5615740740740741 0.0109375 0.04351851851851852
6 0.33828125 0.562037037037037 0.024479166666666666 0.04259259259259259
8 0.33619791666666665 0.5203703703703704 0.016145833333333335 0.05185185185185185
7 0.40911458333333334 0.5550925925925926 0.013020833333333334 0.07314814814814814
7 0.39739583333333334 0.5546296296296296 0.017708333333333333 0.09074074074074075
1 0.4596354166666667 0.524074074074074 0.0234375 0.03333333333333333
1 0.48463541666666665 0.5138888888888888 0.019270833333333334 0.012962962962962963
1 0.4786458333333333 0.5254629629629629 0.036458333333333336 0.028703703703703703
6 0.5036458333333333 0.524537037037037 0.007291666666666667 0.012037037037037037
8 0.5026041666666666 0.5185185185185185 0.00625 0.018518518518518517
6 0.45859375 0.5388888888888889 0.0078125 0.02962962962962963
8 0.4596354166666667 0.5263888888888889 0.009895833333333333 0.030555555555555555
6 0.4515625 0.5532407407407407 0.017708333333333333 0.04351851851851852
8 0.45234375 0.5407407407407407 0.016145833333333335 0.05
6 0.5356770833333333 0.5398148148148149 0.0109375 0.03148148148148148
8 0.5359375 0.5305555555555556 0.010416666666666666 0.03518518518518519
7 0.5533854166666666 0.524537037037037 0.009895833333333333 0.041666666666666664
4 0.48723958333333334 0.5921296296296297 0.08489583333333334 0.12685185185185185
13 0.7221354166666667 0.562037037037037 0.2640625 0.4
7 0.91640625 0.6087962962962963 0.03697916666666667 0.18055555555555555
6 0.13020833333333334 0.6092592592592593 0.09166666666666666 0.15