7 0.055700156168662154 0.5574074074074075 0.04476834981780323 0.07592592592592592
7 0.030973451327433628 0.538425925925926 0.03279541905257678 0.08611111111111111
4 0.11140031233732431 0.7893518518518519 0.22280062467464862 0.41944444444444445
6 0.19521082769390943 0.6986111111111111 0.13430504945340968 0.225
6 0.20353982300884957 0.6351851851851852 0.09578344612181156 0.10740740740740741
6 0.2418011452368558 0.6925925925925925 0.13066111400312339 0.18703703703703703
6 0.28474752732951586 0.6875 0.10619469026548672 0.16944444444444445
6 0.3357626236335242 0.6796296296296296 0.03019260801665799 0.15185185185185185
8 0.3407079646017699 0.6092592592592593 0.0400832899531494 0.1388888888888889
8 0.2152524726704841 0.6069444444444444 0.048412285268089536 0.10092592592592593
7 0.28761061946902655 0.5814814814814815 0.03695991671004685 0.13518518518518519
1 0.4276418532014576 0.7069444444444445 0.19521082769390943 0.36944444444444446
7 0.5205622071837585 0.6101851851851852 0.024986985944820406 0.17407407407407408
6 0.5437272254034358 0.5842592592592593 0.03279541905257678 0.07222222222222222
7 0.5372201978136387 0.5421296296296296 0.010411244143675169 0.03611111111111111
6 0.5460697553357626 0.5560185185185185 0.012493492972410203 0.03796296296296296
1 0.5681936491410724 0.5592592592592592 0.03695991671004685 0.07962962962962963
7 0.5338365434669443 0.4962962962962963 0.007808433107756377 0.02962962962962963
7 0.5937011972930766 0.5546296296296296 0.014055179593961478 0.053703703703703705
6 0.6022904737116085 0.5597222222222222 0.011452368558042686 0.04537037037037037
6 0.6132222800624675 0.5745370370370371 0.021863612701717855 0.058333333333333334
8 0.6173867777199376 0.5592592592592592 0.011452368558042686 0.06296296296296296
8 0.6108797501301405 0.5555555555555556 0.022384174908901613 0.06296296296296296
1 0.6395106715252473 0.5689814814814815 0.0400832899531494 0.09722222222222222
3 0.72852680895367 0.5768518518518518 0.15460697553357627 0.3314814814814815
6 0.8180635085892765 0.600925925925926 0.028630921395106715 0.07777777777777778
8 0.8191046330036439 0.5782407407407407 0.022384174908901613 0.08055555555555556
6 0.8269130661114004 0.6365740740740741 0.013014055179593961 0.07314814814814814
1 0.9109838625715773 0.7 0.17699115044247787 0.5981481481481481
7 0.8050494534096825 0.5361111111111111 0.011972930765226444 0.04814814814814815