10 0.44505208333333335 0.49074074074074076 0.008854166666666666 0.009259259259259259
10 0.4348958333333333 0.49074074074074076 0.0125 0.011111111111111112
10 0.45260416666666664 0.4462962962962963 0.03333333333333333 0.03888888888888889
10 0.41796875 0.44027777777777777 0.033854166666666664 0.03611111111111111
10 0.384375 0.4388888888888889 0.03333333333333333 0.03888888888888889
3 0.42578125 0.5064814814814815 0.008854166666666666 0.014814814814814815
3 0.45078125 0.5143518518518518 0.016145833333333335 0.017592592592592594
3 0.434375 0.5074074074074074 0.013541666666666667 0.014814814814814815
3 0.4153645833333333 0.5032407407407408 0.018229166666666668 0.026851851851851852
14 0.42994791666666665 0.5194444444444445 0.0078125 0.014814814814814815
14 0.4270833333333333 0.5212962962962963 0.008333333333333333 0.020370370370370372
3 0.39609375 0.5092592592592593 0.015104166666666667 0.04814814814814815
4 0.33880208333333334 0.5083333333333333 0.008854166666666666 0.012962962962962963
3 0.36666666666666664 0.5115740740740741 0.051041666666666666 0.075
13 0.32317708333333334 0.5111111111111111 0.008854166666666666 0.03148148148148148
13 0.31171875 0.5013888888888889 0.022395833333333334 0.05462962962962963
6 0.31536458333333334 0.5212962962962963 0.0078125 0.012962962962962963
8 0.31588541666666664 0.5120370370370371 0.005729166666666666 0.012962962962962963
6 0.30234375 0.5296296296296297 0.0078125 0.022222222222222223
8 0.3028645833333333 0.5152777777777777 0.0078125 0.023148148148148147
4 0.26901041666666664 0.5148148148148148 0.022395833333333334 0.027777777777777776
6 0.2526041666666667 0.5254629629629629 0.011458333333333333 0.017592592592592594
8 0.25338541666666664 0.5097222222222222 0.0078125 0.021296296296296296
1 0.19401041666666666 0.5222222222222223 0.03177083333333333 0.053703703703703705
10 0.47760416666666666 0.4976851851851852 0.007291666666666667 0.013888888888888888
3 0.5338541666666666 0.5185185185185185 0.0125 0.022222222222222223
4 0.44036458333333334 0.5300925925925926 0.019270833333333334 0.03611111111111111
4 0.40911458333333334 0.5375 0.0359375 0.05462962962962963
6 0.44036458333333334 0.5518518518518518 0.005729166666666666 0.014814814814814815
8 0.44166666666666665 0.5287037037037037 0.010416666666666666 0.03148148148148148
6 0.3611979166666667 0.5537037037037037 0.019270833333333334 0.05185185185185185
8 0.36041666666666666 0.5398148148148149 0.01875 0.05555555555555555
6 0.5401041666666667 0.5333333333333333 0.007291666666666667 0.016666666666666666
8 0.5403645833333334 0.5231481481481481 0.005729166666666666 0.014814814814814815
4 0.46328125 0.5569444444444445 0.0484375 0.075
6 0.63515625 0.5393518518518519 0.0078125 0.012037037037037037
8 0.6356770833333333 0.5268518518518519 0.005729166666666666 0.009259259259259259
7 0.6184895833333334 0.5370370370370371 0.0078125 0.03148148148148148
4 0.5609375 0.5356481481481481 0.023958333333333335 0.032407407407407406
6 0.62890625 0.5541666666666667 0.0140625 0.03796296296296296
8 0.62890625 0.5430555555555555 0.013020833333333334 0.041666666666666664
8 0.64765625 0.5393518518518519 0.016145833333333335 0.032407407407407406
6 0.6471354166666666 0.5652777777777778 0.0234375 0.05092592592592592
7 0.7330729166666666 0.5300925925925926 0.0067708333333333336 0.012037037037037037
7 0.7755208333333333 0.5388888888888889 0.008333333333333333 0.03518518518518519
7 0.9872395833333333 0.5652777777777778 0.018229166666666668 0.06574074074074074
6 0.06692708333333333 0.6643518518518519 0.0484375 0.125
8 0.04244791666666667 0.5310185185185186 0.0203125 0.03796296296296296
8 0.02421875 0.5282407407407408 0.0171875 0.021296296296296296
6 0.95625 0.6731481481481482 0.08229166666666667 0.14629629629629629
8 0.96171875 0.6092592592592593 0.0609375 0.1648148148148148
6 0.0984375 0.8574074074074074 0.196875 0.2759259259259259
8 0.08854166666666667 0.7643518518518518 0.17708333333333334 0.46574074074074073