13 0.4473958333333333 0.42407407407407405 0.046875 0.09074074074074075
4 0.4231770833333333 0.4324074074074074 0.011979166666666667 0.018518518518518517
1 0.40729166666666666 0.4449074074074074 0.029166666666666667 0.05092592592592592
4 0.3854166666666667 0.44722222222222224 0.021875 0.046296296296296294
7 0.33958333333333335 0.42268518518518516 0.007291666666666667 0.01574074074074074
1 0.35885416666666664 0.48009259259259257 0.053125 0.1175925925925926
6 0.32369791666666664 0.4361111111111111 0.0140625 0.03148148148148148
6 0.32890625 0.4388888888888889 0.013020833333333334 0.024074074074074074
6 0.31276041666666665 0.43425925925925923 0.0067708333333333336 0.024074074074074074
7 0.31953125 0.42407407407407405 0.0067708333333333336 0.03518518518518519
7 0.30390625 0.4449074074074074 0.013020833333333334 0.049074074074074076
4 0.28098958333333335 0.4310185185185185 0.024479166666666666 0.05277777777777778
7 0.28828125 0.44166666666666665 0.013020833333333334 0.05
6 0.29921875 0.5398148148148149 0.04114583333333333 0.10185185185185185
8 0.3033854166666667 0.5037037037037037 0.024479166666666666 0.12407407407407407
8 0.29375 0.5018518518518519 0.03333333333333333 0.12222222222222222
7 0.23046875 0.45740740740740743 0.015104166666666667 0.08518518518518518
7 0.38333333333333336 0.4152777777777778 0.005208333333333333 0.01574074074074074
7 0.4713541666666667 0.43287037037037035 0.005208333333333333 0.017592592592592594
4 0.46145833333333336 0.44166666666666665 0.028125 0.012962962962962963
4 0.4703125 0.46296296296296297 0.078125 0.03888888888888889
1 0.54453125 0.4439814814814815 0.0140625 0.028703703703703703
6 0.55546875 0.44583333333333336 0.008854166666666666 0.012037037037037037
1 0.57109375 0.4444444444444444 0.022395833333333334 0.027777777777777776
4 0.571875 0.4486111111111111 0.017708333333333333 0.026851851851851852
4 0.58828125 0.4532407407407407 0.0234375 0.03611111111111111
6 0.5778645833333333 0.4601851851851852 0.0109375 0.027777777777777776
8 0.5776041666666667 0.45185185185185184 0.011458333333333333 0.037037037037037035
6 0.5955729166666667 0.4638888888888889 0.0109375 0.027777777777777776
8 0.5953125 0.45555555555555555 0.010416666666666666 0.03518518518518519
7 0.59765625 0.4356481481481482 0.0067708333333333336 0.019444444444444445
1 0.60625 0.4564814814814815 0.01875 0.040740740740740744
4 0.63203125 0.45740740740740743 0.03802083333333333 0.046296296296296294
1 0.6604166666666667 0.46620370370370373 0.028125 0.049074074074074076
6 0.6322916666666667 0.47824074074074074 0.016666666666666666 0.03981481481481482
8 0.6296875 0.46574074074074073 0.014583333333333334 0.046296296296296294
6 0.678125 0.5 0.025 0.05555555555555555
8 0.6734375 0.47962962962962963 0.013541666666666667 0.06481481481481481
8 0.6776041666666667 0.4791666666666667 0.016666666666666666 0.06759259259259259
7 0.7315104166666667 0.4351851851851852 0.0078125 0.025925925925925925
7 0.7348958333333333 0.4393518518518518 0.008333333333333333 0.019444444444444445
7 0.73828125 0.4439814814814815 0.005729166666666666 0.013888888888888888
1 0.7127604166666667 0.47314814814814815 0.0359375 0.06111111111111111
1 0.7372395833333333 0.48333333333333334 0.044270833333333336 0.07037037037037037
1 0.7778645833333333 0.4930555555555556 0.050520833333333334 0.08425925925925926
8 0.77109375 0.49444444444444446 0.015104166666666667 0.07222222222222222
7 0.7768229166666667 0.44722222222222224 0.005729166666666666 0.011111111111111112
7 0.7828125 0.45 0.004166666666666667 0.009259259259259259
7 0.81484375 0.4837962962962963 0.013020833333333334 0.0712962962962963
7 0.8528645833333334 0.48518518518518516 0.0171875 0.06851851851851852
1 0.90078125 0.5273148148148148 0.08072916666666667 0.12129629629629629
4 0.9934895833333334 0.575462962962963 0.011979166666666667 0.09537037037037037
4 0.43515625 0.6449074074074074 0.2171875 0.375
6 0.14557291666666666 0.4009259259259259 0.0359375 0.025925925925925925
6 0.14713541666666666 0.4486111111111111 0.050520833333333334 0.05462962962962963
3 0.08880208333333334 0.49953703703703706 0.17760416666666667 0.9990740740740741
7 0.7252604166666666 0.43842592592592594 0.0046875 0.019444444444444445