3 0.5853722019781364 0.5166666666666667 0.01717855283706403 0.040740740740740744
3 0.6306611140031234 0.5226851851851851 0.019260801665799063 0.05092592592592592
14 0.6608537220197813 0.5365740740740741 0.024466423737636647 0.058333333333333334
4 0.6738677771993753 0.5462962962962963 0.027589796980739198 0.05185185185185185
1 0.7061426340447684 0.5444444444444444 0.03591879229567933 0.06111111111111111
13 0.7365955231650182 0.5074074074074074 0.03331598125976054 0.040740740740740744
4 0.7678292555960438 0.5226851851851851 0.022904737116085372 0.03796296296296296
4 0.7509109838625716 0.537962962962963 0.0338365434669443 0.053703703703703705
4 0.7431025507548152 0.5476851851851852 0.04424778761061947 0.058333333333333334
13 0.982821447162936 0.5226851851851851 0.031233732431025507 0.08055555555555556
4 0.9934929724102031 0.5351851851851852 0.00989068193649141 0.05185185185185185
3 0.862051015096304 0.5027777777777778 0.1717855283706403 0.1648148148148148
3 0.4960957834461218 0.5291666666666667 0.14679854242581988 0.2675925925925926
7 0.30296720458094745 0.6013888888888889 0.04372722540343571 0.18796296296296297
6 0.0827693909422176 0.8768518518518519 0.1353461738677772 0.24074074074074073
8 0.0650702758979698 0.7907407407407407 0.1301405517959396 0.412962962962963