6 0.9518229166666666 0.799537037037037 0.09427083333333333 0.2824074074074074
8 0.9442708333333333 0.6949074074074074 0.06875 0.35648148148148145
8 0.96328125 0.7185185185185186 0.07239583333333334 0.3925925925925926
6 0.7643229166666666 0.6162037037037037 0.03802083333333333 0.0824074074074074
8 0.7661458333333333 0.5810185185185185 0.034375 0.11944444444444445
6 0.7966145833333333 0.6421296296296296 0.0578125 0.13796296296296295
8 0.7932291666666667 0.6069444444444444 0.051041666666666666 0.16574074074074074
6 0.6661458333333333 0.5787037037037037 0.023958333333333335 0.05925925925925926
8 0.665625 0.5601851851851852 0.019791666666666666 0.06851851851851852
4 0.6375 0.5615740740740741 0.03333333333333333 0.058333333333333334
13 0.6028645833333334 0.562037037037037 0.04635416666666667 0.08518518518518518
4 0.5458333333333333 0.5412037037037037 0.010416666666666666 0.01574074074074074
4 0.5565104166666667 0.5435185185185185 0.0109375 0.025925925925925925
4 0.5677083333333334 0.5425925925925926 0.022916666666666665 0.03888888888888889
4 0.52890625 0.5444444444444444 0.009895833333333333 0.037037037037037035
4 0.509375 0.5625 0.04479166666666667 0.08425925925925926
6 0.48723958333333334 0.5597222222222222 0.008854166666666666 0.025
8 0.4869791666666667 0.5486111111111112 0.008333333333333333 0.030555555555555555
6 0.47578125 0.5856481481481481 0.0203125 0.05648148148148148
8 0.4752604166666667 0.5648148148148148 0.0171875 0.05555555555555555
8 0.46380208333333334 0.5597222222222222 0.011979166666666667 0.049074074074074076
6 0.46770833333333334 0.575462962962963 0.004166666666666667 0.025
6 0.45625 0.6060185185185185 0.027083333333333334 0.062037037037037036
8 0.45755208333333336 0.5615740740740741 0.021354166666666667 0.06018518518518518
8 0.4544270833333333 0.5736111111111111 0.0234375 0.075
10 0.6369791666666667 0.6157407407407407 0.0125 0.022222222222222223
4 0.57578125 0.5523148148148148 0.0171875 0.03981481481481482