7 0.40733992712129097 0.5324074074074074 0.003643935450286309 0.012962962962962963
7 0.40161374284226964 0.5513888888888889 0.0026028110359187923 0.017592592592592594
7 0.3958875585632483 0.5481481481481482 0.00676730869338886 0.02962962962962963
7 0.37168141592920356 0.5782407407407407 0.017699115044247787 0.09351851851851851
7 0.4156689224362311 0.5449074074074074 0.004685059864653826 0.026851851851851852
14 0.4154086413326393 0.5319444444444444 0.0052056220718375845 0.012037037037037037
6 0.4083810515356585 0.5574074074074075 0.007808433107756377 0.025925925925925925
8 0.40786048932847474 0.5481481481481482 0.007808433107756377 0.027777777777777776
13 0.42608016657990627 0.5407407407407407 0.018219677251431546 0.03148148148148148
4 0.44429984383133786 0.5472222222222223 0.015096304008328995 0.020370370370370372
6 0.44898490369599164 0.5537037037037037 0.015096304008328995 0.011111111111111112
6 0.4586153045288912 0.5638888888888889 0.015616866215512754 0.03518518518518519
6 0.4687662675689745 0.5726851851851852 0.013014055179593961 0.04351851851851852
4 0.43519000520562207 0.5962962962962963 0.0614263404476835 0.09444444444444444
6 0.5252472670484123 0.5777777777777777 0.009370119729307652 0.02962962962962963
4 0.5059864653826133 0.5726851851851852 0.03435710567412806 0.06018518518518518
6 0.4888079125455492 0.6111111111111112 0.028110359187922956 0.07777777777777778
8 0.48906819364914106 0.5921296296296297 0.025507548152004164 0.08425925925925926
4 0.5744403956272774 0.6157407407407407 0.08693388859968766 0.10740740740740741
13 0.8586673607496096 0.6412037037037037 0.2639250390421655 0.425
7 0.7105674128058302 0.7074074074074074 0.038521603331598125 0.24444444444444444
6 0.40291514836022907 0.5375 0.0031233732431025507 0.002777777777777778
8 0.4026548672566372 0.5337962962962963 0.0026028110359187923 0.006481481481481481