4 0.4609375 0.5143518518518518 0.009375 0.021296296296296296
14 0.4515625 0.5115740740740741 0.008333333333333333 0.01574074074074074
4 0.4783854166666667 0.513425925925926 0.013020833333333334 0.017592592592592594
6 0.44765625 0.5194444444444445 0.0046875 0.012962962962962963
6 0.46822916666666664 0.5203703703703704 0.004166666666666667 0.011111111111111112
8 0.44817708333333334 0.5125 0.005729166666666666 0.017592592592592594
8 0.46848958333333335 0.5120370370370371 0.0078125 0.022222222222222223
8 0.45677083333333335 0.5097222222222222 0.005208333333333333 0.012037037037037037
6 0.45546875 0.5277777777777778 0.0078125 0.014814814814814815
8 0.4552083333333333 0.5157407407407407 0.008333333333333333 0.022222222222222223
6 0.48020833333333335 0.5199074074074074 0.009375 0.013888888888888888
8 0.4786458333333333 0.5138888888888888 0.00625 0.020370370370370372
7 0.48854166666666665 0.5208333333333334 0.007291666666666667 0.030555555555555555
7 0.49375 0.5226851851851851 0.008333333333333333 0.030555555555555555
4 0.5421875 0.5407407407407407 0.042708333333333334 0.06111111111111111
8 0.49973958333333335 0.5328703703703703 0.019270833333333334 0.049074074074074076
4 0.43255208333333334 0.524537037037037 0.024479166666666666 0.026851851851851852
8 0.51015625 0.5444444444444444 0.0390625 0.08148148148148149
6 0.50703125 0.5949074074074074 0.022395833333333334 0.058333333333333334
4 0.45208333333333334 0.6166666666666667 0.12395833333333334 0.20185185185185187
4 0.66171875 0.5884259259259259 0.0859375 0.13240740740740742
7 0.7963541666666667 0.5226851851851851 0.029166666666666667 0.058333333333333334
4 0.7541666666666667 0.6388888888888888 0.18333333333333332 0.20555555555555555
6 0.5596354166666667 0.624537037037037 0.043229166666666666 0.11018518518518519
8 0.5588541666666667 0.5810185185185185 0.03854166666666667 0.12314814814814815
6 0.6028645833333334 0.6842592592592592 0.0703125 0.21481481481481482
8 0.6046875 0.6208333333333333 0.06145833333333333 0.20277777777777778
6 0.15 0.6226851851851852 0.06770833333333333 0.18611111111111112
14 0.29583333333333334 0.5342592592592592 0.051041666666666666 0.14074074074074075