13 0.004166666666666667 0.3537037037037037 0.008333333333333333 0.07037037037037037
1 0.01796875 0.3625 0.015104166666666667 0.017592592592592594
13 0.038802083333333334 0.350462962962963 0.0296875 0.03981481481481482
1 0.002864583333333333 0.3902777777777778 0.005729166666666666 0.05277777777777778
4 0.03333333333333333 0.3912037037037037 0.059375 0.04722222222222222
4 0.13307291666666668 0.375 0.17552083333333332 0.1037037037037037
4 0.16744791666666667 0.6662037037037037 0.33489583333333334 0.5194444444444445
13 0.7565104166666666 0.4412037037037037 0.2786458333333333 0.3731481481481482
6 0.82578125 0.774537037037037 0.3463541666666667 0.44722222222222224
8 0.8921875 0.7148148148148148 0.19479166666666667 0.5685185185185185
13 0.41015625 0.4356481481481482 0.4328125 0.7861111111111111