6 0.47369791666666666 0.5976851851851852 0.0234375 0.06759259259259259
6 0.49296875 0.5675925925925925 0.0109375 0.027777777777777776
6 0.50078125 0.5625 0.0078125 0.01574074074074074
6 0.534375 0.5652777777777778 0.011458333333333333 0.026851851851851852
6 0.6604166666666667 0.5638888888888889 0.009375 0.027777777777777776
6 0.6765625 0.5675925925925925 0.0125 0.027777777777777776
8 0.6763020833333333 0.5578703703703703 0.0109375 0.032407407407407406
8 0.66015625 0.5564814814814815 0.008854166666666666 0.02962962962962963
4 0.6481770833333333 0.5611111111111111 0.013020833333333334 0.020370370370370372
3 0.5885416666666666 0.5259259259259259 0.10625 0.16111111111111112
8 0.53515625 0.5555555555555556 0.009895833333333333 0.03518518518518519
4 0.51796875 0.5601851851851852 0.013020833333333334 0.022222222222222223
8 0.50078125 0.5569444444444445 0.005729166666666666 0.021296296296296296
8 0.49192708333333335 0.5555555555555556 0.0109375 0.03148148148148148
8 0.4752604166666667 0.5717592592592593 0.0234375 0.06388888888888888
7 0.44765625 0.5662037037037037 0.013020833333333334 0.05277777777777778
7 0.6971354166666667 0.5615740740740741 0.0078125 0.032407407407407406
7 0.8169270833333333 0.524537037037037 0.0067708333333333336 0.013888888888888888
7 0.82578125 0.524074074074074 0.005729166666666666 0.016666666666666666
7 0.8315104166666667 0.5185185185185185 0.005729166666666666 0.012962962962962963