6 0.09739583333333333 0.5657407407407408 0.058333333333333334 0.07037037037037037
8 0.0953125 0.5509259259259259 0.03125 0.09444444444444444
6 0.23567708333333334 0.5648148148148148 0.0203125 0.044444444444444446
8 0.22864583333333333 0.5435185185185185 0.01875 0.05555555555555555
6 0.20703125 0.575 0.0515625 0.06851851851851852
8 0.20833333333333334 0.5560185185185185 0.029166666666666667 0.08981481481481482
10 0.4591145833333333 0.3787037037037037 0.0453125 0.05
9 0.24140625 0.4634259259259259 0.011979166666666667 0.023148148148148147
9 0.23776041666666667 0.4217592592592593 0.011979166666666667 0.05092592592592592
9 0.4744791666666667 0.3523148148148148 0.009375 0.01574074074074074
9 0.4947916666666667 0.3541666666666667 0.026041666666666668 0.01574074074074074
2 0.25416666666666665 0.6296296296296297 0.08229166666666667 0.12222222222222222
8 0.25494791666666666 0.5856481481481481 0.0484375 0.17685185185185184
3 0.47421875 0.5337962962962963 0.39427083333333335 0.22870370370370371
6 0.71015625 0.5898148148148148 0.058854166666666666 0.07777777777777778
8 0.7041666666666667 0.5699074074074074 0.025 0.08981481481481482
3 0.7130208333333333 0.5435185185185185 0.09375 0.11296296296296296
6 0.7669270833333334 0.5828703703703704 0.025520833333333333 0.041666666666666664
8 0.76015625 0.5611111111111111 0.0078125 0.037037037037037035
8 0.7651041666666667 0.5722222222222222 0.014583333333333334 0.05555555555555555
6 0.7864583333333334 0.5828703703703704 0.030208333333333334 0.041666666666666664
8 0.7822916666666667 0.5694444444444444 0.017708333333333333 0.06296296296296296
9 0.7924479166666667 0.4685185185185185 0.0067708333333333336 0.04259259259259259
9 0.9739583333333334 0.36574074074074076 0.014583333333333334 0.07407407407407407
4 0.9122395833333333 0.6013888888888889 0.17135416666666667 0.21574074074074073
6 0.8981770833333333 0.8435185185185186 0.07864583333333333 0.11666666666666667
6 0.6325520833333333 0.8287037037037037 0.1546875 0.34074074074074073
8 0.6270833333333333 0.7638888888888888 0.15520833333333334 0.4703703703703704
8 0.95625 0.7773148148148148 0.08645833333333333 0.44351851851851853
14 0.084375 0.3587962962962963 0.16041666666666668 0.2972222222222222