6 0.4796875 0.5722222222222222 0.017708333333333333 0.05
8 0.47942708333333334 0.5625 0.015104166666666667 0.05277777777777778
4 0.49166666666666664 0.5375 0.010416666666666666 0.01574074074074074
4 0.5755208333333334 0.5361111111111111 0.015625 0.014814814814814815
6 0.63671875 0.5421296296296296 0.008854166666666666 0.017592592592592594
8 0.6361979166666667 0.5375 0.0078125 0.019444444444444445
13 0.6822916666666666 0.5263888888888889 0.06458333333333334 0.07314814814814814
13 0.7828125 0.5370370370370371 0.058333333333333334 0.06481481481481481
0 0.6833333333333333 0.32731481481481484 0.005208333333333333 0.008333333333333333
0 0.73046875 0.38564814814814813 0.0036458333333333334 0.004629629629629629
8 0.48098958333333336 0.5509259259259259 0.0140625 0.027777777777777776