7 0.09505208333333333 0.5615740740740741 0.008854166666666666 0.023148148148148147
1 0.13567708333333334 0.5615740740740741 0.018229166666666668 0.028703703703703703
14 0.16953125 0.562962962962963 0.022395833333333334 0.03888888888888889
1 0.2 0.5666666666666667 0.03333333333333333 0.04814814814814815
7 0.15546875 0.5671296296296297 0.0109375 0.026851851851851852
8 0.14322916666666666 0.5666666666666667 0.015625 0.024074074074074074
8 0.17317708333333334 0.5699074074074074 0.013020833333333334 0.023148148148148147
7 0.19036458333333334 0.5662037037037037 0.011979166666666667 0.03425925925925926
8 0.18072916666666666 0.5699074074074074 0.015625 0.026851851851851852
6 0.22578125 0.5879629629629629 0.016145833333333335 0.02962962962962963
8 0.18151041666666667 0.5773148148148148 0.008854166666666666 0.013888888888888888
7 0.21901041666666668 0.5745370370370371 0.013020833333333334 0.030555555555555555
6 0.23984375 0.6037037037037037 0.021354166666666667 0.06481481481481481
6 0.26796875 0.6277777777777778 0.028645833333333332 0.053703703703703705
6 0.29583333333333334 0.6222222222222222 0.040625 0.08888888888888889
4 0.4828125 0.6305555555555555 0.13645833333333332 0.18333333333333332
6 0.36614583333333334 0.7208333333333333 0.09583333333333334 0.19722222222222222
8 0.36432291666666666 0.6625 0.05260416666666667 0.20277777777777778
7 0.6783854166666666 0.6166666666666667 0.04739583333333333 0.1259259259259259
14 0.9385416666666667 0.6291666666666667 0.027083333333333334 0.075
13 0.7627604166666667 0.6555555555555556 0.3796875 0.26666666666666666
6 0.7033854166666667 0.7671296296296296 0.20989583333333334 0.25462962962962965
8 0.703125 0.711574074074074 0.08645833333333333 0.2657407407407407
8 0.66015625 0.7069444444444445 0.07552083333333333 0.275
1 0.15651041666666668 0.7699074074074074 0.31302083333333336 0.4564814814814815
2 0.7622395833333333 0.6657407407407407 0.08489583333333334 0.1111111111111111
8 0.11015625 0.5634259259259259 0.011979166666666667 0.023148148148148147
1 0.0765625 0.5587962962962963 0.0375 0.021296296296296296
6 0.23177083333333334 0.6138888888888889 0.028125 0.06851851851851852