13 0.44143675169182717 0.5120370370370371 0.052056220718375845 0.07592592592592592
13 0.4807391983342009 0.5046296296296297 0.028630921395106715 0.03888888888888889
3 0.515096304008329 0.5041666666666667 0.022384174908901613 0.019444444444444445
13 0.551795939614784 0.5050925925925925 0.04268610098906819 0.05648148148148148
4 0.6004685059864654 0.5166666666666667 0.04424778761061947 0.03148148148148148
3 0.620770432066632 0.5027777777777778 0.06402915148360229 0.05185185185185185
4 0.6590317542946382 0.5282407407407408 0.035398230088495575 0.032407407407407406
4 0.676730869338886 0.5393518518518519 0.05830296720458095 0.021296296296296296
13 0.7147319104633003 0.512962962962963 0.06350858927641853 0.06296296296296296
1 0.7696512233211869 0.5462962962962963 0.05049453409682457 0.044444444444444446
1 0.8219677251431546 0.5472222222222223 0.0739198334200937 0.03888888888888889
4 0.8732431025507548 0.5388888888888889 0.0400832899531494 0.02962962962962963
4 0.9614783966684018 0.55 0.0739198334200937 0.02962962962962963
4 0.8508589276418532 0.7726851851851851 0.29411764705882354 0.44907407407407407
4 0.7566371681415929 0.5763888888888888 0.07964601769911504 0.0787037037037037
4 0.6866215512753774 0.6458333333333334 0.17490890161374284 0.20462962962962963
4 0.5921395106715253 0.6027777777777777 0.09422175950026028 0.14074074074074075
4 0.5510150963040084 0.5717592592592593 0.0338365434669443 0.10462962962962963
4 0.5296720458094742 0.5513888888888889 0.029672045809474232 0.04722222222222222
4 0.5169182717334722 0.5287037037037037 0.026028110359187923 0.040740740740740744
1 0.4947943779281624 0.5314814814814814 0.04320666319625195 0.03888888888888889
4 0.4872462259239979 0.5791666666666667 0.06454971369078605 0.10277777777777777
4 0.3282144716293597 0.7601851851851852 0.3274336283185841 0.4777777777777778
1 0.32613222280062465 0.5203703703703704 0.05778240499739719 0.016666666666666666
1 0.2404997397188964 0.5828703703703704 0.11244143675169183 0.1287037037037037
6 0.07001561686621552 0.6689814814814815 0.09005726184279021 0.16944444444444445
6 0.15486725663716813 0.7458333333333333 0.12337324310255075 0.2564814814814815
8 0.16397709526288393 0.6444444444444445 0.08328995314940135 0.22592592592592592
8 0.07235814679854242 0.6194444444444445 0.06559083810515356 0.17407407407407408
6 0.5273295158771473 0.6101851851851852 0.035398230088495575 0.1111111111111111
8 0.5257678292555961 0.5912037037037037 0.038521603331598125 0.13425925925925927