4 0.36985944820406036 0.537962962962963 0.03071317022384175 0.040740740740740744
6 0.3932847475273295 0.5425925925925926 0.014055179593961478 0.025925925925925925
4 0.4000520562207184 0.5333333333333333 0.016137428422696512 0.03148148148148148
4 0.415929203539823 0.5282407407407408 0.014575741801145237 0.023148148148148147
6 0.4247787610619469 0.5310185185185186 0.0052056220718375845 0.013888888888888888
6 0.4279021343050495 0.525 0.007287870900572618 0.012962962962962963
6 0.44195731389901094 0.5328703703703703 0.008328995314940135 0.021296296296296296
8 0.44195731389901094 0.5259259259259259 0.008328995314940135 0.022222222222222223
4 0.44820406038521604 0.5236111111111111 0.012493492972410203 0.019444444444444445
14 0.46017699115044247 0.5157407407407407 0.004164497657470068 0.009259259259259259
4 0.4656428943258719 0.5162037037037037 0.010931806350858927 0.004629629629629629
8 0.4565330557001562 0.5287037037037037 0.006246746486205101 0.024074074074074074
6 0.45679333680374806 0.5337962962962963 0.004685059864653826 0.017592592592592594
4 0.4690265486725664 0.5356481481481481 0.021863612701717855 0.032407407407407406
4 0.4786569495054659 0.5171296296296296 0.005726184279021343 0.006481481481481481
13 0.5330557001561687 0.5259259259259259 0.012493492972410203 0.022222222222222223
4 0.5546590317542947 0.5328703703703703 0.01717855283706403 0.021296296296296296
6 0.5575221238938053 0.5430555555555555 0.009370119729307652 0.025
8 0.5567412805830296 0.5347222222222222 0.007808433107756377 0.026851851851851852
13 0.6337844872462259 0.5550925925925926 0.06923477355543987 0.11203703703703703