6 0.2857886517438834 0.5504629629629629 0.022904737116085372 0.0712962962962963
8 0.2800624674648621 0.5412037037037037 0.021863612701717855 0.08425925925925926
14 0.4560124934929724 0.5 0.01353461738677772 0.025925925925925925
13 0.4752732951587715 0.4925925925925926 0.031233732431025507 0.07222222222222222
4 0.439614783966684 0.5097222222222222 0.021343050494534097 0.03611111111111111
6 0.40135346173867775 0.562037037037037 0.029151483602290473 0.07962962962962963
8 0.40031233732431026 0.5439814814814815 0.024986985944820406 0.0824074074074074
14 0.6048932847475273 0.5166666666666667 0.04268610098906819 0.07592592592592592
7 0.6223321186881833 0.5166666666666667 0.00676730869338886 0.02962962962962963
14 0.5707964601769911 0.5217592592592593 0.034877667881311816 0.058333333333333334
4 0.4531494013534617 0.5087962962962963 0.010931806350858927 0.025