13 0.8063508589276418 0.6504629629629629 0.2540343571056741 0.43425925925925923
7 0.663977095262884 0.562962962962963 0.02342529932326913 0.07407407407407407
6 0.6754294638209266 0.6444444444444445 0.04112441436751692 0.12037037037037036
6 0.4809994794377928 0.6370370370370371 0.024986985944820406 0.07222222222222222
6 0.5325351379489849 0.7800925925925926 0.09994794377928162 0.2601851851851852
6 0.4448204060385216 0.6861111111111111 0.055700156168662154 0.18888888888888888
7 0.3656949505465903 0.5324074074074074 0.015096304008328995 0.02962962962962963
7 0.3969286829776158 0.5634259259259259 0.00989068193649141 0.07314814814814814
4 0.38183237896928685 0.5449074074074074 0.01717855283706403 0.03611111111111111
7 0.40786048932847474 0.5916666666666667 0.022384174908901613 0.12037037037037036
7 0.459135866736075 0.6125 0.026028110359187923 0.16944444444444445
4 0.6296199895887559 0.5995370370370371 0.04945340968245705 0.11388888888888889
4 0.5528370640291514 0.6421296296296296 0.12493492972410203 0.262037037037037
1 0.4156689224362311 0.5375 0.008849557522123894 0.017592592592592594
1 0.4359708485163977 0.5550925925925926 0.034877667881311816 0.049074074074074076
1 0.4776158250910984 0.5675925925925925 0.05049453409682457 0.08518518518518518
1 0.6085372201978136 0.5356481481481481 0.01353461738677772 0.023148148148148147
1 0.6413326392503904 0.5662037037037037 0.059344091618948464 0.08425925925925926
8 0.6754294638209266 0.6208333333333333 0.02654867256637168 0.13425925925925927
8 0.5083289953149401 0.6884259259259259 0.0338365434669443 0.24722222222222223
8 0.5317542946382092 0.6814814814814815 0.07444039562727746 0.2611111111111111
8 0.47709526288391463 0.5791666666666667 0.021343050494534097 0.06944444444444445
8 0.4432587194169703 0.6412037037037037 0.04945340968245705 0.1787037037037037