1 0.4721499219156689 0.5337962962962963 0.015616866215512754 0.01574074074074074
7 0.5015616866215513 0.5486111111111112 0.013014055179593961 0.049074074074074076
4 0.48828735033836546 0.5476851851851852 0.018740239458615304 0.032407407407407406
4 0.4903695991671005 0.5782407407407407 0.03019260801665799 0.0712962962962963
8 0.4789172306090578 0.5365740740740741 0.009370119729307652 0.01574074074074074
1 0.4469026548672566 0.6097222222222223 0.07131702238417491 0.16944444444444445
1 0.3672566371681416 0.6472222222222223 0.11087975013014055 0.2537037037037037
7 0.5845913586673608 0.5949074074074074 0.03019260801665799 0.13240740740740742
7 0.7030192608016658 0.5893518518518519 0.024466423737636647 0.16203703703703703
6 0.7881311816762103 0.6731481481481482 0.08120770432066632 0.22592592592592592
6 0.9528891202498698 0.7513888888888889 0.09318063508589276 0.2657407407407407
6 0.13899010931806352 0.6574074074074074 0.08849557522123894 0.13703703703703704
6 0.04815200416449766 0.6620370370370371 0.0952628839146278 0.1388888888888889