10 0.1640625 0.35462962962962963 0.010416666666666666 0.022222222222222223
13 0.33619791666666665 0.38425925925925924 0.0578125 0.11851851851851852
4 0.2994791666666667 0.4152777777777778 0.028125 0.058333333333333334
1 0.26640625 0.4152777777777778 0.0453125 0.07685185185185185
1 0.22630208333333332 0.41064814814814815 0.04114583333333333 0.04722222222222222
6 0.25442708333333336 0.44166666666666665 0.028645833333333332 0.05555555555555555
8 0.25546875 0.42268518518518516 0.028645833333333332 0.075
6 0.31302083333333336 0.43333333333333335 0.017708333333333333 0.04814814814814815
8 0.31354166666666666 0.4115740740740741 0.016666666666666666 0.06574074074074074
8 0.2109375 0.39861111111111114 0.010416666666666666 0.01574074074074074
1 0.16979166666666667 0.40879629629629627 0.05520833333333333 0.041666666666666664
4 0.18828125 0.4486111111111111 0.11197916666666667 0.09907407407407408
4 0.09791666666666667 0.4462962962962963 0.028125 0.06111111111111111
1 0.05364583333333333 0.42824074074074076 0.08020833333333334 0.20462962962962963
6 0.13151041666666666 0.5287037037037037 0.11510416666666666 0.14629629629629629
8 0.11901041666666666 0.5032407407407408 0.0515625 0.20833333333333334
13 0.5075520833333333 0.3597222222222222 0.044270833333333336 0.09537037037037037
13 0.434375 0.37916666666666665 0.0625 0.15648148148148147
4 0.39791666666666664 0.4287037037037037 0.096875 0.1685185185185185
4 0.5151041666666667 0.4236111111111111 0.07291666666666667 0.10277777777777777
1 0.5940104166666667 0.40925925925925927 0.05260416666666667 0.11296296296296296
6 0.6145833333333334 0.4546296296296296 0.08541666666666667 0.1
8 0.6122395833333333 0.42592592592592593 0.0359375 0.12777777777777777
6 0.6416666666666667 0.4212962962962963 0.022916666666666665 0.05740740740740741
8 0.6427083333333333 0.39444444444444443 0.027083333333333334 0.07407407407407407
6 0.6942708333333333 0.43796296296296294 0.05625 0.08518518518518518
8 0.69765625 0.3990740740740741 0.030729166666666665 0.08518518518518518
7 0.6692708333333334 0.3958333333333333 0.01875 0.0824074074074074
4 0.77421875 0.37453703703703706 0.08385416666666666 0.06018518518518518
4 0.7786458333333334 0.4546296296296296 0.20729166666666668 0.19814814814814816
4 0.9049479166666666 0.40555555555555556 0.05260416666666667 0.1111111111111111
4 0.9520833333333333 0.40324074074074073 0.09479166666666666 0.12129629629629629
6 0.9489583333333333 0.48009259259259257 0.06041666666666667 0.15648148148148147
8 0.94453125 0.4550925925925926 0.06927083333333334 0.20277777777777778
8 0.9802083333333333 0.40185185185185185 0.027083333333333334 0.08518518518518518
6 0.9848958333333333 0.5851851851851851 0.029166666666666667 0.1537037037037037
10 0.2833333333333333 0.36574074074074076 0.007291666666666667 0.020370370370370372
6 0.9885416666666667 0.48842592592592593 0.021875 0.10092592592592593