7 0.3848958333333333 0.5564814814814815 0.015625 0.05185185185185185
6 0.40598958333333335 0.5958333333333333 0.018229166666666668 0.049074074074074076
8 0.40963541666666664 0.5643518518518519 0.009895833333333333 0.03425925925925926
6 0.32057291666666665 0.6 0.0140625 0.046296296296296294
7 0.33671875 0.600462962962963 0.021354166666666667 0.14722222222222223
14 0.36276041666666664 0.5939814814814814 0.07760416666666667 0.16574074074074074
6 0.184375 0.6189814814814815 0.10520833333333333 0.1175925925925926
7 0.19895833333333332 0.6611111111111111 0.0625 0.2759259259259259
4 0.07005208333333333 0.6884259259259259 0.14010416666666667 0.32685185185185184
1 0.5427083333333333 0.5462962962962963 0.021875 0.046296296296296294
4 0.57734375 0.5504629629629629 0.016145833333333335 0.030555555555555555
4 0.6450520833333333 0.5449074074074074 0.03697916666666667 0.03796296296296296
2 0.6489583333333333 0.5578703703703703 0.025 0.030555555555555555
2 0.6559895833333333 0.5587962962962963 0.0234375 0.028703703703703703
2 0.6231770833333333 0.5666666666666667 0.0203125 0.024074074074074074
2 0.6341145833333334 0.5685185185185185 0.016145833333333335 0.025925925925925925
6 0.6606770833333333 0.5745370370370371 0.019270833333333334 0.04351851851851852
1 0.7302083333333333 0.5879629629629629 0.084375 0.1259259259259259
7 0.7963541666666667 0.5652777777777778 0.021875 0.041666666666666664
7 0.8317708333333333 0.586574074074074 0.017708333333333333 0.11203703703703703
14 0.7901041666666667 0.6018518518518519 0.06875 0.10925925925925926
6 0.94921875 0.587037037037037 0.022395833333333334 0.04814814814814815
7 0.9299479166666667 0.5814814814814815 0.018229166666666668 0.0962962962962963
14 0.8026041666666667 0.6939814814814815 0.0875 0.1638888888888889
8 0.80546875 0.6347222222222222 0.0453125 0.12685185185185185
8 0.5643229166666667 0.5537037037037037 0.013020833333333334 0.05
6 0.5645833333333333 0.5648148148148148 0.017708333333333333 0.046296296296296294
8 0.5955729166666667 0.5657407407407408 0.011979166666666667 0.06111111111111111
6 0.5958333333333333 0.5847222222222223 0.010416666666666666 0.04351851851851852
7 0.5890625 0.5814814814814815 0.016666666666666666 0.10185185185185185
7 0.6020833333333333 0.5824074074074074 0.01875 0.11296296296296296
7 0.5872395833333334 0.5861111111111111 0.0328125 0.1037037037037037
1 0.47213541666666664 0.6694444444444444 0.14427083333333332 0.31296296296296294
7 0.8424479166666666 0.5856481481481481 0.019270833333333334 0.1287037037037037
14 0.6752604166666667 0.5481481481481482 0.021354166666666667 0.06851851851851852
7 0.72109375 0.5259259259259259 0.005729166666666666 0.009259259259259259
14 0.7013020833333333 0.5361111111111111 0.03802083333333333 0.04814814814814815