9 0.0515625 0.32083333333333336 0.00625 0.028703703703703703
3 0.006510416666666667 0.3597222222222222 0.011979166666666667 0.030555555555555555
4 0.01953125 0.3685185185185185 0.0296875 0.03518518518518519
8 0.04140625 0.3638888888888889 0.009895833333333333 0.009259259259259259
8 0.054947916666666666 0.362962962962963 0.009895833333333333 0.012962962962962963
1 0.004166666666666667 0.387037037037037 0.008333333333333333 0.053703703703703705
4 0.03411458333333333 0.38935185185185184 0.058854166666666666 0.05092592592592592
13 0.19270833333333334 0.32314814814814813 0.09479166666666666 0.06666666666666667
4 0.12734375 0.3763888888888889 0.1703125 0.10462962962962963
13 0.40651041666666665 0.4324074074074074 0.4317708333333333 0.7814814814814814
4 0.16432291666666668 0.6759259259259259 0.32864583333333336 0.5425925925925926
6 0.8244791666666667 0.7768518518518519 0.346875 0.4444444444444444
8 0.8872395833333333 0.7087962962962963 0.19427083333333334 0.5805555555555556