6 0.31484375 0.7819444444444444 0.10885416666666667 0.287962962962963
8 0.31979166666666664 0.6921296296296297 0.08854166666666667 0.27685185185185185
6 0.4979166666666667 0.5810185185185185 0.013541666666666667 0.026851851851851852
8 0.4981770833333333 0.5611111111111111 0.0171875 0.03333333333333333
8 0.49166666666666664 0.5587962962962963 0.009375 0.03796296296296296
4 0.5270833333333333 0.5671296296296297 0.04583333333333333 0.08981481481481482
4 0.5502604166666667 0.5518518518518518 0.008854166666666666 0.014814814814814815
4 0.5658854166666667 0.5564814814814815 0.021354166666666667 0.025925925925925925
4 0.6010416666666667 0.5717592592592593 0.04479166666666667 0.058333333333333334
6 0.6768229166666667 0.5879629629629629 0.0265625 0.06296296296296296
8 0.6752604166666667 0.5634259259259259 0.0265625 0.06574074074074074
4 0.8346354166666666 0.6736111111111112 0.21927083333333333 0.24537037037037038
8 0.5796875 0.5509259259259259 0.007291666666666667 0.016666666666666666