10 0.09187922956793337 0.41064814814814815 0.02030192608016658 0.062037037037037036
1 0.17725143154606976 0.5203703703703704 0.05361790733992712 0.046296296296296294
7 0.09474232170744404 0.5027777777777778 0.01353461738677772 0.027777777777777776
7 0.18974492451847996 0.5208333333333334 0.01717855283706403 0.049074074074074076
6 0.10359187922956793 0.674074074074074 0.0801665799062988 0.18333333333333332
8 0.10463300364393545 0.6236111111111111 0.06663196251952108 0.1935185185185185
7 0.25039042165538783 0.5365740740740741 0.017699115044247787 0.07314814814814814
6 0.2896928682977616 0.5268518518518519 0.02030192608016658 0.027777777777777776
7 0.28995314940135347 0.537962962962963 0.015616866215512754 0.07592592592592592
7 0.3365434669442998 0.512962962962963 0.007808433107756377 0.040740740740740744
7 0.27485684539302446 0.5412037037037037 0.017699115044247787 0.0824074074074074
13 0.41905257678292557 0.4930555555555556 0.011452368558042686 0.01574074074074074
4 0.41983342009370117 0.5083333333333333 0.010931806350858927 0.025925925925925925
4 0.41332639250390424 0.5097222222222222 0.017699115044247787 0.019444444444444445
4 0.3956272774596564 0.5101851851851852 0.01665799062988027 0.014814814814814815
7 0.39198334200937013 0.5013888888888889 0.007287870900572618 0.01574074074074074
7 0.3831337844872462 0.5050925925925925 0.006246746486205101 0.021296296296296296
7 0.37792816241540866 0.4981481481481482 0.0052056220718375845 0.016666666666666666
7 0.36048932847475273 0.5069444444444444 0.007808433107756377 0.032407407407407406
7 0.3656949505465903 0.49722222222222223 0.004685059864653826 0.012962962962962963
7 0.37011972930765225 0.49675925925925923 0.004164497657470068 0.006481481481481481
1 0.36985944820406036 0.5263888888888889 0.02342529932326913 0.05462962962962963
14 0.4221759500260281 0.5125 0.006246746486205101 0.017592592592592594
4 0.39536699635606454 0.5675925925925925 0.06923477355543987 0.10740740740740741
13 0.4583550234252993 0.5143518518518518 0.07131702238417491 0.14537037037037037
4 0.5812077043206664 0.5152777777777777 0.010931806350858927 0.019444444444444445
4 0.6613742842269651 0.5643518518518519 0.08589276418532014 0.11018518518518519
4 0.8029672045809474 0.6462962962962963 0.18792295679333682 0.22037037037037038
6 0.21577303487766789 0.6717592592592593 0.07756376887038001 0.18425925925925926
8 0.2168141592920354 0.6226851851851852 0.05986465382613222 0.18611111111111112