8 0.3357626236335242 0.5259259259259259 0.008328995314940135 0.024074074074074074
4 0.3745445080687142 0.5217592592592593 0.021343050494534097 0.017592592592592594
1 0.43935450286309213 0.5125 0.022904737116085372 0.023148148148148147
8 0.46954711087975015 0.513425925925926 0.009370119729307652 0.021296296296296296
8 0.46304008328995316 0.512962962962963 0.013014055179593961 0.018518518518518517
8 0.48047891723060904 0.5259259259259259 0.01665799062988027 0.05185185185185185
6 0.48047891723060904 0.5402777777777777 0.01978136387298282 0.04351851851851852
13 0.5773034877667881 0.49583333333333335 0.04997397188964081 0.058333333333333334
4 0.5262883914627798 0.5222222222222223 0.06663196251952108 0.07407407407407407
4 0.45445080687142114 0.5375 0.03435710567412806 0.041666666666666664
4 0.6913066111400312 0.5157407407407407 0.04789172306090578 0.044444444444444446
3 0.8755856324830817 0.49027777777777776 0.19469026548672566 0.20092592592592592
8 0.769390942217595 0.4875 0.012493492972410203 0.01574074074074074
4 0.7660072878709006 0.5532407407407407 0.11087975013014055 0.12685185185185185
6 0.8347214992191567 0.5777777777777777 0.08693388859968766 0.11296296296296296
8 0.8378448724622592 0.562037037037037 0.0463300364393545 0.15555555555555556
13 0.6192087454450806 0.5564814814814815 0.24726704841228528 0.17222222222222222
4 0.37168141592920356 0.575462962962963 0.10098906819364914 0.09722222222222222
4 0.43206663196251954 0.6152777777777778 0.12805830296720458 0.175
6 0.9133263925039042 0.7699074074074074 0.17126496616345654 0.30833333333333335
8 0.9130661114003124 0.6657407407407407 0.12597605413846955 0.3314814814814815
8 0.9479437792816241 0.6819444444444445 0.10203019260801666 0.33055555555555555
1 0.9549713690786049 0.5328703703703703 0.08589276418532014 0.1527777777777778
7 0.09057782404997397 0.549537037037037 0.017699115044247787 0.09166666666666666
7 0.07574180114523686 0.6296296296296297 0.042165538781884435 0.20185185185185187
6 0.28995314940135347 0.6782407407407407 0.0739198334200937 0.1787037037037037
8 0.2946382092660073 0.6157407407407407 0.0614263404476835 0.19444444444444445