4 0.06302083333333333 0.6370370370370371 0.125 0.7222222222222222
4 0.15989583333333332 0.6527777777777778 0.1625 0.21481481481481482
4 0.2484375 0.5912037037037037 0.08020833333333334 0.125
4 0.34453125 0.6532407407407408 0.14427083333333332 0.22685185185185186
6 0.15104166666666666 0.5282407407407408 0.015625 0.03425925925925926
7 0.16302083333333334 0.5194444444444445 0.010416666666666666 0.05555555555555555
6 0.7984375 0.8300925925925926 0.15 0.33611111111111114
8 0.7611979166666667 0.7467592592592592 0.08072916666666667 0.36018518518518516
8 0.8080729166666667 0.7490740740740741 0.14010416666666667 0.4351851851851852
1 0.6158854166666666 0.6101851851851852 0.08489583333333334 0.18333333333333332
1 0.5299479166666666 0.6324074074074074 0.11197916666666667 0.24074074074074073
10 0.24114583333333334 0.475462962962963 0.013541666666666667 0.028703703703703703
7 0.27265625 0.5180555555555556 0.0078125 0.019444444444444445
4 0.3736979166666667 0.5671296296296297 0.07447916666666667 0.09907407407407408
4 0.28802083333333334 0.5365740740740741 0.025 0.04351851851851852
1 0.30625 0.5375 0.04791666666666667 0.05277777777777778
4 0.32916666666666666 0.5273148148148148 0.009375 0.026851851851851852
4 0.3338541666666667 0.5277777777777778 0.009375 0.024074074074074074
4 0.3421875 0.5217592592592593 0.016666666666666666 0.019444444444444445
14 0.36223958333333334 0.512962962962963 0.016145833333333335 0.009259259259259259
13 0.38958333333333334 0.5120370370370371 0.042708333333333334 0.0962962962962963
1 0.42864583333333334 0.5370370370370371 0.035416666666666666 0.05
4 0.44869791666666664 0.5388888888888889 0.0140625 0.03888888888888889
4 0.46901041666666665 0.5439814814814815 0.028645833333333332 0.03981481481481482
4 0.4765625 0.5439814814814815 0.040625 0.03981481481481482
1 0.5315104166666667 0.6296296296296297 0.1046875 0.24259259259259258
1 0.6171875 0.6097222222222223 0.08541666666666667 0.1824074074074074
10 0.6151041666666667 0.4550925925925926 0.005208333333333333 0.021296296296296296