4 0.41015625 0.5120370370370371 0.009895833333333333 0.022222222222222223
14 0.371875 0.5023148148148148 0.016666666666666666 0.03425925925925926
14 0.359375 0.4976851851851852 0.008333333333333333 0.01574074074074074
3 0.39296875 0.5069444444444444 0.024479166666666666 0.05648148148148148
1 0.3611979166666667 0.5157407407407407 0.009895833333333333 0.025925925925925925
1 0.3572916666666667 0.5115740740740741 0.007291666666666667 0.026851851851851852
3 0.3359375 0.5013888888888889 0.040625 0.075
13 0.30963541666666666 0.5226851851851851 0.03802083333333333 0.08611111111111111
6 0.2747395833333333 0.5365740740740741 0.021354166666666667 0.032407407407407406
7 0.29921875 0.5550925925925926 0.015104166666666667 0.032407407407407406
6 0.3416666666666667 0.6111111111111112 0.04375 0.1259259259259259
6 0.28541666666666665 0.5574074074074075 0.028125 0.046296296296296294
6 0.2630208333333333 0.5550925925925926 0.04375 0.019444444444444445
6 0.25338541666666664 0.575 0.04635416666666667 0.07592592592592592
6 0.28229166666666666 0.5828703703703704 0.019791666666666666 0.05092592592592592
8 0.25625 0.5615740740740741 0.03333333333333333 0.09537037037037037
7 0.22786458333333334 0.5268518518518519 0.0109375 0.040740740740740744
6 0.24479166666666666 0.5916666666666667 0.035416666666666666 0.06851851851851852
7 0.21067708333333332 0.5597222222222222 0.028645833333333332 0.10092592592592593
7 0.18203125 0.5828703703703704 0.027604166666666666 0.14907407407407408
6 0.22708333333333333 0.6041666666666666 0.021875 0.06944444444444445
7 0.16692708333333334 0.6013888888888889 0.033854166666666664 0.1638888888888889
6 0.19791666666666666 0.6134259259259259 0.06145833333333333 0.1398148148148148
6 0.3809895833333333 0.5324074074074074 0.0109375 0.02962962962962963
6 0.4044270833333333 0.5347222222222222 0.011979166666666667 0.032407407407407406
8 0.38203125 0.5194444444444445 0.011979166666666667 0.03888888888888889
8 0.4041666666666667 0.5203703703703704 0.015625 0.040740740740740744
2 0.24765625 0.6138888888888889 0.0359375 0.11851851851851852
3 0.6328125 0.47824074074074074 0.042708333333333334 0.06018518518518518
3 0.69375 0.4648148148148148 0.034375 0.027777777777777776
4 0.6596354166666667 0.47685185185185186 0.009895833333333333 0.016666666666666666
4 0.6572916666666667 0.4912037037037037 0.017708333333333333 0.028703703703703703
4 0.6809895833333334 0.5078703703703704 0.06510416666666667 0.07314814814814814
3 0.7630208333333334 0.4675925925925926 0.08229166666666667 0.1
6 0.7010416666666667 0.5685185185185185 0.027083333333333334 0.04259259259259259
8 0.6953125 0.5361111111111111 0.021875 0.08518518518518518
3 0.9002604166666667 0.449537037037037 0.1984375 0.14351851851851852
6 0.8760416666666667 0.5319444444444444 0.046875 0.07685185185185185
6 0.9604166666666667 0.5361111111111111 0.035416666666666666 0.06851851851851852
8 0.9557291666666666 0.5023148148148148 0.023958333333333335 0.0824074074074074
8 0.8752604166666667 0.5115740740740741 0.033854166666666664 0.09166666666666666
4 0.46328125 0.5856481481481481 0.09322916666666667 0.13240740740740742
8 0.3411458333333333 0.5717592592592593 0.0375 0.11203703703703703