4 0.3425299323269131 0.5291666666666667 0.015616866215512754 0.023148148148148147
7 0.3396668401874024 0.5453703703703704 0.011972930765226444 0.05740740740740741
7 0.3310775637688704 0.5523148148148148 0.011452368558042686 0.049074074074074076
7 0.3219677251431546 0.549537037037037 0.02030192608016658 0.062037037037037036
7 0.35294117647058826 0.5486111111111112 0.011452368558042686 0.05092592592592592
7 0.37168141592920356 0.5398148148148149 0.008328995314940135 0.04814814814814815
7 0.4047371160853722 0.5421296296296296 0.008849557522123894 0.03611111111111111
7 0.41410723581467984 0.5407407407407407 0.007808433107756377 0.03888888888888889
7 0.43909422175950025 0.5351851851851852 0.005726184279021343 0.02962962962962963
1 0.42634044768349816 0.5365740740740741 0.014575741801145237 0.032407407407407406
7 0.444039562727746 0.5412037037037037 0.006246746486205101 0.026851851851851852
7 0.39172306090577824 0.5513888888888889 0.00989068193649141 0.05462962962962963
4 0.4549713690786049 0.5472222222222223 0.028110359187922956 0.044444444444444446
13 0.48282144716293596 0.5259259259259259 0.0338365434669443 0.06481481481481481
6 0.4877667881311817 0.5652777777777778 0.017699115044247787 0.049074074074074076
8 0.486985944820406 0.5513888888888889 0.015096304008328995 0.058333333333333334
6 0.508589276418532 0.55 0.024986985944820406 0.027777777777777776
8 0.5119729307652264 0.5476851851851852 0.00989068193649141 0.03425925925925926
4 0.6280583029672046 0.549537037037037 0.028630921395106715 0.03981481481481482
6 0.6730869338885996 0.5606481481481481 0.02394586153045289 0.021296296296296296
6 0.6894846434148881 0.5768518518518518 0.022384174908901613 0.046296296296296294
7 0.7706923477355544 0.5662037037037037 0.013014055179593961 0.0712962962962963
2 0.7886517438833941 0.5833333333333334 0.03956272774596564 0.04259259259259259
2 0.8235294117647058 0.5791666666666667 0.028110359187922956 0.04537037037037037
7 0.7790213430504945 0.55 0.008849557522123894 0.03333333333333333
7 0.7826652785007808 0.5638888888888889 0.013014055179593961 0.06296296296296296
4 0.9242581988547631 0.5962962962962963 0.10359187922956793 0.1