4 0.4279021343050495 0.5412037037037037 0.006246746486205101 0.012037037037037037
1 0.4349297241020302 0.5324074074074074 0.008849557522123894 0.007407407407407408
4 0.4411764705882353 0.5314814814814814 0.008849557522123894 0.003703703703703704
4 0.43571056741280584 0.5430555555555555 0.008328995314940135 0.023148148148148147
4 0.44299843831337843 0.5439814814814815 0.017699115044247787 0.025
6 0.4305049453409682 0.549537037037037 0.004164497657470068 0.010185185185185186
8 0.4307652264445601 0.5421296296296296 0.004685059864653826 0.01574074074074074
6 0.4531494013534617 0.5476851851851852 0.004685059864653826 0.013888888888888888
8 0.4531494013534617 0.5388888888888889 0.005726184279021343 0.014814814814814815
6 0.45757418011452367 0.549074074074074 0.006246746486205101 0.014814814814814815
8 0.4573138990109318 0.5407407407407407 0.00676730869338886 0.018518518518518517
6 0.4627798021863613 0.55 0.006246746486205101 0.016666666666666666
8 0.4625195210827694 0.5416666666666666 0.00676730869338886 0.022222222222222223
7 0.4690265486725664 0.5393518518518519 0.004164497657470068 0.01574074074074074
7 0.4726704841228527 0.5430555555555555 0.004164497657470068 0.023148148148148147
4 0.4823008849557522 0.5435185185185185 0.008849557522123894 0.024074074074074074
4 0.47657470067673086 0.5449074074074074 0.00676730869338886 0.019444444444444445
4 0.4908901613742842 0.5449074074074074 0.017699115044247787 0.025
2 0.49297241020301924 0.5486111111111112 0.014575741801145237 0.023148148148148147
8 0.49297241020301924 0.5370370370370371 0.009370119729307652 0.03148148148148148
1 0.5536179073399271 0.5541666666666667 0.029672045809474232 0.06759259259259259
1 0.5814679854242581 0.5680555555555555 0.04997397188964081 0.08611111111111111
4 0.629359708485164 0.5925925925925926 0.09474232170744404 0.10925925925925926
7 0.6959916710046851 0.6023148148148149 0.02394586153045289 0.1287037037037037
1 0.9672045809474232 0.7138888888888889 0.06454971369078605 0.3333333333333333
1 0.41697032795419053 0.5444444444444444 0.017699115044247787 0.03888888888888889
4 0.370640291514836 0.549074074074074 0.06975533576262363 0.08518518518518518
13 0.2709526288391463 0.4875 0.1317022384174909 0.0824074074074074
1 0.09838625715773035 0.6263888888888889 0.12597605413846955 0.2175925925925926
1 0.25273295158771475 0.7527777777777778 0.2295679333680375 0.45925925925925926
6 0.0952628839146278 0.4722222222222222 0.010411244143675169 0.027777777777777776
6 0.006507027589796981 0.7453703703703703 0.013014055179593961 0.07777777777777778