1 0.40234375 0.5300925925925926 0.0109375 0.01574074074074074
7 0.4705729166666667 0.538425925925926 0.009895833333333333 0.041666666666666664
7 0.40859375 0.5342592592592592 0.005729166666666666 0.027777777777777776
7 0.40286458333333336 0.5375 0.005729166666666666 0.026851851851851852
3 0.43307291666666664 0.5370370370370371 0.043229166666666666 0.1
7 0.3963541666666667 0.5407407407407407 0.00625 0.04259259259259259
6 0.36953125 0.5532407407407407 0.018229166666666668 0.012037037037037037
6 0.38776041666666666 0.55 0.019270833333333334 0.018518518518518517
8 0.38645833333333335 0.5402777777777777 0.015625 0.03425925925925926
8 0.3690104166666667 0.5439814814814815 0.018229166666666668 0.028703703703703703
4 0.5169270833333334 0.5115740740740741 0.0109375 0.01574074074074074
3 0.5421875 0.5 0.0125 0.027777777777777776
4 0.5223958333333333 0.524074074074074 0.016666666666666666 0.020370370370370372
8 0.5427083333333333 0.5111111111111111 0.00625 0.012962962962962963
3 0.58828125 0.49027777777777776 0.0140625 0.021296296296296296
13 0.57734375 0.48148148148148145 0.009895833333333333 0.03518518518518519
4 0.5486979166666667 0.5157407407407407 0.0067708333333333336 0.012962962962962963
6 0.54765625 0.5444444444444444 0.015104166666666667 0.024074074074074074
8 0.5408854166666667 0.5189814814814815 0.005729166666666666 0.019444444444444445
4 0.5966145833333333 0.4949074074074074 0.0203125 0.012037037037037037
8 0.5450520833333333 0.5254629629629629 0.013020833333333334 0.03425925925925926
4 0.5955729166666667 0.5111111111111111 0.021354166666666667 0.025925925925925925
4 0.5838541666666667 0.5305555555555556 0.021875 0.053703703703703705
13 0.63515625 0.4689814814814815 0.018229166666666668 0.05277777777777778
4 0.60078125 0.5435185185185185 0.0203125 0.06851851851851852
4 0.6622395833333333 0.5365740740740741 0.07447916666666667 0.11203703703703703
4 0.69453125 0.5486111111111112 0.0703125 0.14722222222222223
13 0.3067708333333333 0.5435185185185185 0.04375 0.0962962962962963
7 0.17682291666666666 0.5777777777777777 0.0140625 0.037037037037037035
7 0.13880208333333333 0.6328703703703704 0.0265625 0.13240740740740742
4 0.22005208333333334 0.6458333333333334 0.10885416666666667 0.19537037037037036
4 0.35572916666666665 0.7013888888888888 0.20729166666666668 0.2861111111111111
4 0.0171875 0.6402777777777777 0.03125 0.07685185185185185
7 0.06770833333333333 0.6518518518518519 0.023958333333333335 0.1537037037037037
4 0.027604166666666666 0.7541666666666667 0.05520833333333333 0.2712962962962963
3 0.8455729166666667 0.4537037037037037 0.30572916666666666 0.55
6 0.4197916666666667 0.5592592592592592 0.022916666666666665 0.02962962962962963
8 0.41875 0.5518518518518518 0.025 0.04814814814814815
4 0.4890625 0.17916666666666667 0.057291666666666664 0.09537037037037037