7 0.15825091098386257 0.5078703703703704 0.01665799062988027 0.03796296296296296
7 0.2454450806871421 0.4962962962962963 0.00989068193649141 0.020370370370370372
7 0.23347214992191567 0.5023148148148148 0.010931806350858927 0.03611111111111111
7 0.21967725143154607 0.4962962962962963 0.015616866215512754 0.03518518518518519
4 0.6348256116605935 0.5337962962962963 0.014055179593961478 0.026851851851851852
1 0.24284226965122332 0.5287037037037037 0.01717855283706403 0.046296296296296294
3 0.25976054138469545 0.49953703703703706 0.02394586153045289 0.2101851851851852
4 0.21343050494534097 0.5453703703703704 0.07496095783446122 0.08888888888888889
7 0.11608537220197813 0.5162037037037037 0.020822488287350338 0.0712962962962963
4 0.16085372201978138 0.5398148148148149 0.09057782404997397 0.03148148148148148
8 0.1715252472670484 0.5305555555555556 0.028630921395106715 0.044444444444444446
6 0.2358146798542426 0.5699074074074074 0.021863612701717855 0.04537037037037037
8 0.21941697032795418 0.5504629629629629 0.04112441436751692 0.07314814814814814
6 0.27199375325351377 0.625 0.042165538781884435 0.07592592592592592
8 0.26496616345653307 0.562962962962963 0.015616866215512754 0.05185185185185185
7 0.1015096304008329 0.5287037037037037 0.01665799062988027 0.04814814814814815
7 0.08875585632483082 0.5356481481481481 0.021343050494534097 0.04722222222222222
4 0.04060385216033316 0.5847222222222223 0.08120770432066632 0.10277777777777777
4 0.13820926600728786 0.6944444444444444 0.2764185320145757 0.32592592592592595
7 0.6780322748568454 0.5435185185185185 0.010931806350858927 0.03518518518518519
1 0.8328995314940135 0.575925925925926 0.03643935450286309 0.05740740740740741
4 0.9333680374804789 0.5842592592592593 0.09057782404997397 0.09259259259259259
7 0.9515877147319105 0.5833333333333334 0.015616866215512754 0.10740740740740741
7 0.9929724102030193 0.5504629629629629 0.010931806350858927 0.026851851851851852
6 0.9789172306090578 0.6092592592592593 0.03800104112441437 0.07777777777777778
7 0.984903695991671 0.6101851851851852 0.018740239458615304 0.13518518518518519
13 0.4487246225923998 0.525 0.3633524206142634 0.662962962962963
6 0.486985944820406 0.8231481481481482 0.20978656949505467 0.35
8 0.5041644976574701 0.762962962962963 0.1566892243623113 0.4703703703703704
10 0.04346694429984383 0.39305555555555555 0.013014055179593961 0.05462962962962963