14 0.45703125 0.5171296296296296 0.0067708333333333336 0.013888888888888888
14 0.4627604166666667 0.5175925925925926 0.005729166666666666 0.014814814814814815
14 0.47161458333333334 0.5175925925925926 0.0078125 0.007407407407407408
14 0.48411458333333335 0.5231481481481481 0.0109375 0.020370370370370372
14 0.47604166666666664 0.5226851851851851 0.009375 0.013888888888888888
14 0.4708333333333333 0.5226851851851851 0.008333333333333333 0.012037037037037037
14 0.49322916666666666 0.5263888888888889 0.011458333333333333 0.023148148148148147
14 0.5026041666666666 0.5277777777777778 0.010416666666666666 0.024074074074074074
13 0.5229166666666667 0.5310185185185186 0.011458333333333333 0.023148148148148147
1 0.5286458333333334 0.5365740740740741 0.014583333333333334 0.028703703703703703
7 0.5583333333333333 0.5402777777777777 0.009375 0.030555555555555555
1 0.54140625 0.549074074074074 0.025520833333333333 0.05555555555555555
6 0.6114583333333333 0.5643518518518519 0.016666666666666666 0.04537037037037037
6 0.6158854166666666 0.5717592592592593 0.015104166666666667 0.058333333333333334
7 0.7260416666666667 0.5458333333333333 0.011458333333333333 0.03611111111111111
7 0.7333333333333333 0.5513888888888889 0.0125 0.05277777777777778
6 0.7252604166666666 0.6143518518518518 0.034895833333333334 0.08796296296296297
8 0.72265625 0.5884259259259259 0.025520833333333333 0.11018518518518519
6 0.9807291666666667 0.6731481481481482 0.036458333333333336 0.11481481481481481
6 0.7869791666666667 0.687037037037037 0.058333333333333334 0.14444444444444443
8 0.7765625 0.6212962962962963 0.035416666666666666 0.1648148148148148
8 0.79140625 0.6356481481481482 0.043229166666666666 0.18981481481481483
1 0.6661458333333333 0.5972222222222222 0.09375 0.17037037037037037
1 0.5114583333333333 0.5324074074074074 0.011458333333333333 0.024074074074074074
6 0.4940104166666667 0.5513888888888889 0.0067708333333333336 0.017592592592592594
8 0.4942708333333333 0.5356481481481481 0.007291666666666667 0.019444444444444445
1 0.4747395833333333 0.5430555555555555 0.0171875 0.03981481481481482
6 0.4453125 0.562037037037037 0.015625 0.044444444444444446
6 0.4348958333333333 0.562037037037037 0.011458333333333333 0.04259259259259259
6 0.42630208333333336 0.5671296296296297 0.0109375 0.05092592592592592
6 0.41484375 0.5703703703703704 0.019270833333333334 0.044444444444444446
7 0.3802083333333333 0.5981481481481481 0.023958333333333335 0.11851851851851852
1 0.30546875 0.6125 0.13072916666666667 0.27870370370370373
6 0.8549479166666667 0.7782407407407408 0.12552083333333333 0.3138888888888889
8 0.8604166666666667 0.6657407407407407 0.1 0.32222222222222224
8 0.48723958333333334 0.549537037037037 0.008854166666666666 0.03611111111111111
6 0.48802083333333335 0.5638888888888889 0.007291666666666667 0.025925925925925925
8 0.5 0.5597222222222222 0.020833333333333332 0.05648148148148148
6 0.5072916666666667 0.6097222222222223 0.03958333333333333 0.0787037037037037
8 0.5052083333333334 0.5800925925925926 0.03229166666666667 0.11018518518518519
6 0.5763020833333333 0.5986111111111111 0.033854166666666664 0.07685185185185185
8 0.5763020833333333 0.5736111111111111 0.0296875 0.08981481481481482
6 0.14505208333333333 0.6680555555555555 0.08072916666666667 0.20462962962962963
14 0.08515625 0.749537037037037 0.1703125 0.49907407407407406
14 0.25729166666666664 0.6800925925925926 0.15833333333333333 0.3638888888888889
7 0.3703125 0.5736111111111111 0.009375 0.03611111111111111