6 0.2855283706402915 0.6152777777777778 0.05153565851119209 0.1287037037037037
14 0.2990629880270692 0.55 0.019260801665799063 0.05185185185185185
8 0.29151483602290473 0.5773148148148148 0.02706923477355544 0.1361111111111111
8 0.28370640291514837 0.5791666666666667 0.04476834981780323 0.14166666666666666
13 0.4036959916710047 0.5277777777777778 0.16501821967725144 0.31851851851851853
4 0.5447683498178032 0.5305555555555556 0.024466423737636647 0.03888888888888889
4 0.5713170223841749 0.5439814814814815 0.042165538781884435 0.062037037037037036
6 0.6655387818844352 0.6111111111111112 0.048412285268089536 0.09814814814814815
8 0.6618948464341489 0.5796296296296296 0.024466423737636647 0.1111111111111111
6 0.8550234252993233 0.6101851851851852 0.0400832899531494 0.09814814814814815
6 0.8779281624154086 0.5884259259259259 0.022384174908901613 0.062037037037037036
4 0.9666840187402395 0.5694444444444444 0.04060385216033316 0.08518518518518518
1 0.980739198334201 0.625 0.03643935450286309 0.19074074074074074
1 0.20197813638729828 0.5717592592592593 0.08328995314940135 0.14722222222222223
6 0.15096304008328995 0.6518518518518519 0.07704320666319625 0.14074074074074075
8 0.1504424778761062 0.6222222222222222 0.06454971369078605 0.18888888888888888
1 0.07678292555960438 0.5833333333333334 0.1015096304008329 0.1648148148148148
4 0.10124934929724103 0.787962962962963 0.20249869859448205 0.4222222222222222
10 0.030973451327433628 0.45740740740740743 0.025507548152004164 0.05740740740740741