4 0.16796875 0.48703703703703705 0.1234375 0.06481481481481481
7 0.24791666666666667 0.47638888888888886 0.008333333333333333 0.04722222222222222
7 0.2557291666666667 0.4773148148148148 0.008333333333333333 0.049074074074074076
7 0.26588541666666665 0.4722222222222222 0.0109375 0.053703703703703705
7 0.2864583333333333 0.4513888888888889 0.007291666666666667 0.017592592592592594
7 0.29192708333333334 0.4476851851851852 0.008854166666666666 0.017592592592592594
8 0.29973958333333334 0.4532407407407407 0.009895833333333333 0.010185185185185186
7 0.31927083333333334 0.44537037037037036 0.007291666666666667 0.022222222222222223
4 0.2986979166666667 0.475462962962963 0.06614583333333333 0.04722222222222222
3 0.3651041666666667 0.4324074074074074 0.09791666666666667 0.08148148148148149
3 0.47421875 0.4273148148148148 0.0953125 0.14907407407407408
3 0.5979166666666667 0.4166666666666667 0.15208333333333332 0.2722222222222222
1 0.7505208333333333 0.46435185185185185 0.09375 0.14351851851851852
6 0.5216145833333333 0.43703703703703706 0.0036458333333333334 0.016666666666666666
8 0.5203125 0.41898148148148145 0.00625 0.017592592592592594
7 0.6682291666666667 0.4601851851851852 0.013541666666666667 0.09444444444444444
7 0.6872395833333333 0.4583333333333333 0.019270833333333334 0.09259259259259259
7 0.7033854166666667 0.4513888888888889 0.009895833333333333 0.09351851851851851
1 0.69921875 0.44027777777777777 0.018229166666666668 0.06574074074074074
4 0.6796875 0.42777777777777776 0.026041666666666668 0.044444444444444446
8 0.7440104166666667 0.5351851851851852 0.03697916666666667 0.21851851851851853
8 0.7729166666666667 0.5574074074074075 0.07604166666666666 0.24259259259259258
6 0.7690104166666667 0.6351851851851852 0.09114583333333333 0.21666666666666667
7 0.9234375 0.5152777777777777 0.041666666666666664 0.21203703703703702
4 0.3880208333333333 0.5328703703703703 0.140625 0.2175925925925926
4 0.15859375 0.7023148148148148 0.3171875 0.5935185185185186