4 0.25390625 0.5578703703703703 0.0515625 0.07314814814814814
7 0.24583333333333332 0.5527777777777778 0.013541666666666667 0.040740740740740744
14 0.46171875 0.5296296296296297 0.013020833333333334 0.025925925925925925
13 0.41432291666666665 0.5189814814814815 0.06510416666666667 0.032407407407407406
1 0.31276041666666665 0.5953703703703703 0.04114583333333333 0.1388888888888889
1 0.41901041666666666 0.6277777777777778 0.09010416666666667 0.21666666666666667
8 0.28619791666666666 0.5476851851851852 0.011979166666666667 0.023148148148148147
7 0.2908854166666667 0.5712962962962963 0.0203125 0.06851851851851852
7 0.23125 0.5444444444444444 0.009375 0.027777777777777776
1 0.35546875 0.5953703703703703 0.06302083333333333 0.13148148148148148
7 0.23880208333333333 0.562962962962963 0.018229166666666668 0.044444444444444446
6 0.3221354166666667 0.6550925925925926 0.0328125 0.125
8 0.3221354166666667 0.5916666666666667 0.0390625 0.0962962962962963
6 0.3489583333333333 0.674074074074074 0.053125 0.18888888888888888
8 0.35208333333333336 0.6101851851851852 0.053125 0.1425925925925926
6 0.20703125 0.6601851851851852 0.06927083333333334 0.10925925925925926
7 0.19609375 0.6050925925925926 0.024479166666666666 0.075
6 0.1671875 0.6976851851851852 0.06770833333333333 0.16018518518518518
8 0.17213541666666668 0.649074074074074 0.0609375 0.22407407407407406
6 0.0625 0.6342592592592593 0.057291666666666664 0.0962962962962963
2 0.07109375 0.7305555555555555 0.13697916666666668 0.2074074074074074
6 0.058333333333333334 0.8296296296296296 0.11666666666666667 0.3388888888888889
7 0.22317708333333333 0.5921296296296297 0.025520833333333333 0.06018518518518518
6 0.27447916666666666 0.7351851851851852 0.07708333333333334 0.20185185185185187
8 0.26796875 0.6833333333333333 0.09635416666666667 0.26481481481481484
8 0.25729166666666664 0.6685185185185185 0.07916666666666666 0.24444444444444444
13 0.5994791666666667 0.6486111111111111 0.30104166666666665 0.4861111111111111
1 0.8299479166666667 0.6731481481481482 0.2578125 0.35185185185185186
8 0.59921875 0.4925925925925926 0.0578125 0.24814814814814815
8 0.5408854166666667 0.487962962962963 0.0796875 0.25555555555555554
6 0.9091145833333333 0.8398148148148148 0.17864583333333334 0.31666666666666665
8 0.9559895833333333 0.763425925925926 0.0859375 0.47129629629629627
8 0.13255208333333332 0.6370370370370371 0.06302083333333333 0.17592592592592593