3 0.44583333333333336 0.5282407407407408 0.08333333333333333 0.16203703703703703
13 0.5122395833333333 0.5180555555555556 0.019270833333333334 0.030555555555555555
1 0.5354166666666667 0.5333333333333333 0.030208333333333334 0.03518518518518519
14 0.4908854166666667 0.5449074074074074 0.015104166666666667 0.026851851851851852
3 0.5044270833333333 0.5430555555555555 0.021354166666666667 0.03425925925925926
4 0.5236979166666667 0.575 0.043229166666666666 0.07222222222222222
8 0.5145833333333333 0.5365740740740741 0.007291666666666667 0.012037037037037037
8 0.5513020833333333 0.5412037037037037 0.0078125 0.01574074074074074
8 0.5518229166666667 0.5513888888888889 0.015104166666666667 0.030555555555555555
6 0.5020833333333333 0.6097222222222223 0.034375 0.09537037037037037
8 0.50703125 0.5666666666666667 0.022395833333333334 0.044444444444444446
8 0.4973958333333333 0.5916666666666667 0.03229166666666667 0.10185185185185185
4 0.5705729166666667 0.6787037037037037 0.1453125 0.2351851851851852
14 0.35989583333333336 0.5412037037037037 0.007291666666666667 0.021296296296296296
14 0.3736979166666667 0.5435185185185185 0.0234375 0.027777777777777776
14 0.40078125 0.5518518518518518 0.011979166666666667 0.03333333333333333
1 0.3859375 0.5606481481481481 0.022916666666666665 0.05648148148148148
14 0.33619791666666665 0.5458333333333333 0.0140625 0.017592592592592594
14 0.34739583333333335 0.5486111111111112 0.020833333333333332 0.01574074074074074
8 0.3609375 0.5444444444444444 0.008333333333333333 0.012962962962962963
8 0.3453125 0.5472222222222223 0.008333333333333333 0.011111111111111112
4 0.29192708333333334 0.5347222222222222 0.016145833333333335 0.008333333333333333
4 0.2390625 0.5569444444444445 0.017708333333333333 0.03796296296296296
7 0.24088541666666666 0.5578703703703703 0.009895833333333333 0.026851851851851852
1 0.26979166666666665 0.5583333333333333 0.052083333333333336 0.05555555555555555
1 0.31197916666666664 0.5666666666666667 0.042708333333333334 0.07222222222222222
4 0.35651041666666666 0.6143518518518518 0.09427083333333333 0.12685185185185185
7 0.20625 0.5564814814814815 0.013541666666666667 0.037037037037037035
6 0.15807291666666667 0.5638888888888889 0.034895833333333334 0.040740740740740744
6 0.17630208333333333 0.5717592592592593 0.0234375 0.025
7 0.19114583333333332 0.5689814814814815 0.008333333333333333 0.017592592592592594
4 0.10182291666666667 0.6032407407407407 0.11510416666666666 0.11944444444444445
4 0.020052083333333335 0.6222222222222222 0.04010416666666667 0.10925925925925926
4 0.22682291666666668 0.700925925925926 0.24322916666666666 0.26296296296296295
6 0.06536458333333334 0.725462962962963 0.10572916666666667 0.18425925925925926
8 0.06848958333333334 0.6504629629629629 0.06822916666666666 0.2101851851851852
6 0.016927083333333332 0.6953703703703704 0.033854166666666664 0.1574074074074074
8 0.013020833333333334 0.6856481481481481 0.026041666666666668 0.12314814814814815
7 0.21796875 0.5592592592592592 0.011979166666666667 0.03148148148148148
4 0.7807291666666667 0.5680555555555555 0.026041666666666668 0.04537037037037037
6 0.8044270833333333 0.5833333333333334 0.022395833333333334 0.027777777777777776
8 0.7989583333333333 0.5657407407407408 0.0125 0.053703703703703705
8 0.80703125 0.5671296296296297 0.018229166666666668 0.05277777777777778
7 0.90234375 0.562962962962963 0.015104166666666667 0.04259259259259259
7 0.91015625 0.5550925925925926 0.0078125 0.017592592592592594
7 0.9166666666666666 0.575 0.017708333333333333 0.05740740740740741
4 0.865625 0.5805555555555556 0.125 0.08148148148148149
6 0.9302083333333333 0.5800925925925926 0.01875 0.041666666666666664
14 0.9583333333333334 0.5722222222222222 0.04479166666666667 0.08888888888888889
6 0.98359375 0.6037037037037037 0.03177083333333333 0.046296296296296294
6 0.8903645833333333 0.6083333333333333 0.04739583333333333 0.05740740740740741
8 0.8872395833333333 0.5722222222222222 0.0296875 0.08333333333333333
14 0.6315104166666666 0.5444444444444444 0.008854166666666666 0.03333333333333333
6 0.1515625 0.5657407407407408 0.023958333333333335 0.03888888888888889