7 0.6875 0.5013888888888889 0.005208333333333333 0.012037037037037037
7 0.6932291666666667 0.5023148148148148 0.00625 0.013888888888888888
7 0.7385416666666667 0.5143518518518518 0.00625 0.019444444444444445
4 0.6911458333333333 0.5101851851851852 0.010416666666666666 0.011111111111111112
8 0.6947916666666667 0.5115740740740741 0.008333333333333333 0.013888888888888888
8 0.6815104166666667 0.5175925925925926 0.0078125 0.024074074074074074
8 0.6861979166666666 0.5185185185185185 0.0067708333333333336 0.020370370370370372
1 0.7098958333333333 0.5120370370370371 0.013541666666666667 0.012962962962962963
8 0.7015625 0.5162037037037037 0.005208333333333333 0.008333333333333333
13 0.7604166666666666 0.5106481481481482 0.028125 0.023148148148148147
8 0.75078125 0.5157407407407407 0.009895833333333333 0.016666666666666666
7 0.7424479166666667 0.5231481481481481 0.009895833333333333 0.027777777777777776
7 0.7333333333333333 0.5375 0.010416666666666666 0.03981481481481482
7 0.72734375 0.5324074074074074 0.021354166666666667 0.05925925925925926
7 0.7197916666666667 0.5351851851851852 0.0125 0.02962962962962963
13 0.6372395833333333 0.5152777777777777 0.058854166666666666 0.032407407407407406
7 0.5236979166666667 0.5148148148148148 0.0140625 0.046296296296296294
8 0.63515625 0.5236111111111111 0.008854166666666666 0.013888888888888888
4 0.47239583333333335 0.5898148148148148 0.13020833333333334 0.20555555555555555
7 0.49583333333333335 0.6083333333333333 0.0625 0.18888888888888888
7 0.34921875 0.5592592592592592 0.0265625 0.044444444444444446
7 0.34010416666666665 0.6111111111111112 0.03958333333333333 0.1259259259259259
7 0.296875 0.7578703703703704 0.09895833333333333 0.4787037037037037
7 0.01875 0.5986111111111111 0.034375 0.17314814814814813
7 0.07890625 0.7782407407407408 0.1578125 0.4398148148148148
7 0.3546875 0.7796296296296297 0.09166666666666666 0.43703703703703706
7 0.4236979166666667 0.7662037037037037 0.1609375 0.462037037037037
4 0.65078125 0.7564814814814815 0.3359375 0.48148148148148145
7 0.5369791666666667 0.8351851851851851 0.20104166666666667 0.32037037037037036
1 0.8083333333333333 0.5981481481481481 0.103125 0.18518518518518517
6 0.8192708333333333 0.6444444444444445 0.020833333333333332 0.1
8 0.815625 0.5513888888888889 0.025 0.08055555555555556
8 0.8119791666666667 0.5824074074074074 0.028125 0.12777777777777777
7 0.7622395833333333 0.5550925925925926 0.0171875 0.058333333333333334
7 0.7565104166666666 0.6305555555555555 0.0421875 0.17777777777777778
7 0.8127604166666667 0.6842592592592592 0.0515625 0.32407407407407407
7 0.77890625 0.6560185185185186 0.043229166666666666 0.26944444444444443
7 0.8588541666666667 0.6708333333333333 0.059375 0.3453703703703704
13 0.8591145833333333 0.47638888888888886 0.14010416666666667 0.16574074074074074
7 0.984375 0.6217592592592592 0.028125 0.3675925925925926
7 0.96328125 0.6013888888888889 0.04635416666666667 0.30648148148148147
7 0.9395833333333333 0.6611111111111111 0.08333333333333333 0.6129629629629629
7 0.90703125 0.7462962962962963 0.1578125 0.5037037037037037