10 0.024986985944820406 0.36666666666666664 0.04997397188964081 0.1111111111111111
14 0.21317022384174908 0.5569444444444445 0.06923477355543987 0.1361111111111111
7 0.1441957313899011 0.6157407407407407 0.045809474232170744 0.16666666666666666
7 0.27745965642894327 0.5777777777777777 0.021863612701717855 0.08333333333333333
3 0.4664237376366476 0.5185185185185185 0.0052056220718375845 0.016666666666666666
13 0.4724102030192608 0.5203703703703704 0.00989068193649141 0.020370370370370372
4 0.4773555439875065 0.524074074074074 0.008328995314940135 0.014814814814814815
3 0.45549193128578863 0.5194444444444445 0.008328995314940135 0.014814814814814815
14 0.4622592399791775 0.5208333333333334 0.0052056220718375845 0.013888888888888888
6 0.45809474232170744 0.5282407407407408 0.006246746486205101 0.013888888888888888
8 0.45783446121811555 0.5236111111111111 0.005726184279021343 0.01574074074074074
1 0.4463820926600729 0.5263888888888889 0.010931806350858927 0.019444444444444445
6 0.4823008849557522 0.5523148148148148 0.016137428422696512 0.04537037037037037
8 0.48178032274856847 0.5430555555555555 0.015096304008328995 0.05092592592592592
14 0.5299323269130661 0.5388888888888889 0.009370119729307652 0.014814814814814815
4 0.573138990109318 0.5555555555555556 0.028110359187922956 0.03333333333333333
4 0.7998438313378449 0.587037037037037 0.07964601769911504 0.08518518518518518
7 0.4385736595523165 0.524537037037037 0.004685059864653826 0.019444444444444445
4 0.4281624154086413 0.5337962962962963 0.021343050494534097 0.03796296296296296
3 0.38027069234773553 0.5166666666666667 0.04945340968245705 0.07037037037037037
4 0.3899010931806351 0.5800925925925926 0.07808433107756377 0.11388888888888889
6 0.32014575741801143 0.6032407407407407 0.03643935450286309 0.09722222222222222
8 0.31910463300364394 0.5851851851851851 0.03019260801665799 0.09444444444444444
8 0.31520041644976576 0.5680555555555555 0.027589796980739198 0.10277777777777777