6 0.9640812077043207 0.5930555555555556 0.0676730869338886 0.11018518518518519
7 0.8440916189484643 0.5907407407407408 0.027589796980739198 0.13518518518518519
7 0.8191046330036439 0.5893518518518519 0.025507548152004164 0.12685185185185185
7 0.7852680895366997 0.5555555555555556 0.018219677251431546 0.08703703703703704
4 0.7496095783446122 0.5662037037037037 0.06454971369078605 0.09351851851851851
4 0.6801145236855805 0.611574074074074 0.1140031233732431 0.13796296296296295
13 0.726444560124935 0.5199074074074074 0.10567412805830297 0.11018518518518519
4 0.5356585111920874 0.5814814814814815 0.08120770432066632 0.11666666666666667
7 0.398750650702759 0.5486111111111112 0.01353461738677772 0.04351851851851852
7 0.4221759500260281 0.5509259259259259 0.007287870900572618 0.040740740740740744
7 0.4359708485163977 0.5537037037037037 0.008849557522123894 0.03888888888888889
4 0.43649141072358144 0.5509259259259259 0.024466423737636647 0.03888888888888889
4 0.4661634565330557 0.5486111111111112 0.022384174908901613 0.030555555555555555
4 0.48594482040603854 0.5458333333333333 0.015096304008328995 0.028703703703703703
8 0.4940135346173868 0.5393518518518519 0.006246746486205101 0.012037037037037037
6 0.4947943779281624 0.549537037037037 0.005726184279021343 0.017592592592592594
13 0.4656428943258719 0.5263888888888889 0.011972930765226444 0.013888888888888888
6 0.46668401874023946 0.5578703703703703 0.00989068193649141 0.025
8 0.46668401874023946 0.5453703703703704 0.007808433107756377 0.025925925925925925