7 0.10963541666666667 0.5981481481481481 0.06510416666666667 0.1685185185185185
4 0.45260416666666664 0.7842592592592592 0.35 0.42962962962962964
1 0.49322916666666666 0.5481481481481482 0.1 0.06666666666666667
8 0.4395833333333333 0.55 0.022916666666666665 0.040740740740740744
8 0.428125 0.5472222222222223 0.021875 0.04814814814814815
6 0.4200520833333333 0.5527777777777778 0.005729166666666666 0.009259259259259259
8 0.44296875 0.5231481481481481 0.0140625 0.02962962962962963
4 0.5473958333333333 0.5675925925925925 0.016666666666666666 0.03888888888888889
8 0.5684895833333333 0.5476851851851852 0.015104166666666667 0.04351851851851852
8 0.5809895833333333 0.6319444444444444 0.050520833333333334 0.2064814814814815
8 0.5885416666666666 0.5810185185185185 0.046875 0.13425925925925927
8 0.615625 0.5523148148148148 0.022916666666666665 0.05277777777777778
4 0.6776041666666667 0.6152777777777778 0.14583333333333334 0.16574074074074074
6 0.659375 0.6907407407407408 0.06979166666666667 0.17592592592592593
8 0.659375 0.6472222222222223 0.06041666666666667 0.22777777777777777
4 0.7890625 0.5916666666666667 0.103125 0.11481481481481481
7 0.8283854166666667 0.5486111111111112 0.013020833333333334 0.030555555555555555
4 0.85390625 0.7833333333333333 0.2911458333333333 0.43148148148148147
14 0.4934895833333333 0.5125 0.018229166666666668 0.006481481481481481
1 0.52890625 0.5194444444444445 0.011979166666666667 0.007407407407407408
6 0.5953125 0.6680555555555555 0.03229166666666667 0.08611111111111111
13 0.56640625 0.5263888888888889 0.06510416666666667 0.125