13 0.3735033836543467 0.549074074074074 0.1015096304008329 0.16666666666666666
3 0.49427381572097867 0.5083333333333333 0.014055179593961478 0.03888888888888889
3 0.48047891723060904 0.5106481481481482 0.031233732431025507 0.03981481481481482
4 0.4583550234252993 0.5273148148148148 0.014055179593961478 0.023148148148148147
4 0.43831337844872464 0.5407407407407407 0.032274856845393024 0.05185185185185185
4 0.4976574700676731 0.5583333333333333 0.03748047891723061 0.06296296296296296
4 0.4799583550234253 0.5671296296296297 0.07183758459135867 0.06388888888888888
4 0.4536699635606455 0.6921296296296297 0.15148360229047372 0.2564814814814815
4 0.29646017699115046 0.5388888888888889 0.05465903175429464 0.02962962962962963
4 0.2696512233211869 0.6393518518518518 0.1665799062988027 0.19907407407407407
6 0.2946382092660073 0.7208333333333333 0.08953669963560645 0.2324074074074074
8 0.29984383133784487 0.6541666666666667 0.07079646017699115 0.23981481481481481
4 0.10957834461218116 0.6050925925925926 0.11296199895887558 0.1361111111111111
4 0.03643935450286309 0.6162037037037037 0.07287870900572618 0.16574074074074074
4 0.030973451327433628 0.850925925925926 0.061946902654867256 0.2611111111111111
13 0.9357105674128058 0.4888888888888889 0.12441436751691827 0.20185185185185187
4 0.8396668401874023 0.575 0.13118167621030713 0.14629629629629629
1 0.6473191046330037 0.5467592592592593 0.042165538781884435 0.07685185185185185
8 0.8914627798021864 0.49675925925925923 0.00989068193649141 0.026851851851851852
4 0.7613222280062467 0.5319444444444444 0.06402915148360229 0.06759259259259259
4 0.8154606975533576 0.5078703703703704 0.05778240499739719 0.049074074074074076
4 0.7235814679854242 0.5138888888888888 0.02706923477355544 0.02962962962962963
4 0.69390942217595 0.5268518518518519 0.03956272774596564 0.04814814814814815
4 0.6754294638209266 0.5351851851851852 0.034877667881311816 0.05925925925925926
6 0.7204580947423217 0.5509259259259259 0.020822488287350338 0.05
8 0.7212389380530974 0.5337962962962963 0.021343050494534097 0.062037037037037036
7 0.08172826652785008 0.6134259259259259 0.03643935450286309 0.19166666666666668
8 0.40681936491410725 0.562962962962963 0.029672045809474232 0.07037037037037037
6 0.3925039042165539 0.5745370370370371 0.010411244143675169 0.025