6 0.46015625 0.37777777777777777 0.0026041666666666665 0.005555555555555556
8 0.45989583333333334 0.3731481481481482 0.003125 0.005555555555555556
6 0.46770833333333334 0.39537037037037037 0.003125 0.007407407407407408
8 0.4674479166666667 0.3907407407407407 0.0026041666666666665 0.011111111111111112
6 0.45677083333333335 0.39675925925925926 0.003125 0.006481481481481481
8 0.45677083333333335 0.3925925925925926 0.003125 0.011111111111111112
7 0.46536458333333336 0.4111111111111111 0.0046875 0.016666666666666666
6 0.46640625 0.44675925925925924 0.009895833333333333 0.030555555555555555
8 0.4669270833333333 0.43425925925925923 0.0109375 0.03148148148148148
4 0.5127604166666667 0.45092592592592595 0.034895833333333334 0.05740740740740741
7 0.5815104166666667 0.43796296296296294 0.0046875 0.03333333333333333
6 0.6864583333333333 0.45601851851851855 0.008333333333333333 0.021296296296296296
6 0.696875 0.4537037037037037 0.013541666666666667 0.025925925925925925
8 0.7044270833333334 0.4587962962962963 0.0078125 0.03981481481481482
8 0.7083333333333334 0.46435185185185185 0.011458333333333333 0.05462962962962963
6 0.71875 0.47685185185185186 0.027083333333333334 0.046296296296296294
8 0.7203125 0.46620370370370373 0.022916666666666665 0.04722222222222222
7 0.8580729166666666 0.4810185185185185 0.013020833333333334 0.06944444444444445
7 0.8953125 0.49537037037037035 0.01875 0.1
6 0.9872395833333333 0.6018518518518519 0.024479166666666666 0.12407407407407407
8 0.48203125 0.44074074074074077 0.011979166666666667 0.03148148148148148
8 0.48515625 0.4550925925925926 0.0203125 0.06388888888888888
6 0.48515625 0.48055555555555557 0.0203125 0.05185185185185185
13 0.44140625 0.39537037037037037 0.0203125 0.040740740740740744
3 0.41171875 0.40555555555555556 0.016145833333333335 0.040740740740740744
6 0.42265625 0.4310185185185185 0.0067708333333333336 0.017592592592592594
8 0.4205729166666667 0.4263888888888889 0.0109375 0.028703703703703703
4 0.4010416666666667 0.4337962962962963 0.026041666666666668 0.06018518518518518
7 0.384375 0.4041666666666667 0.005208333333333333 0.021296296296296296
7 0.37838541666666664 0.40185185185185185 0.0067708333333333336 0.016666666666666666
7 0.3731770833333333 0.4027777777777778 0.0078125 0.011111111111111112
4 0.37005208333333334 0.42314814814814816 0.0203125 0.03888888888888889
4 0.38984375 0.44351851851851853 0.0359375 0.05740740740740741
7 0.3606770833333333 0.4166666666666667 0.005729166666666666 0.03333333333333333
6 0.36432291666666666 0.4810185185185185 0.0203125 0.07314814814814814
8 0.36666666666666664 0.4699074074074074 0.025 0.08981481481481482
6 0.3463541666666667 0.42962962962962964 0.008333333333333333 0.037037037037037035
6 0.3390625 0.4361111111111111 0.016666666666666666 0.04259259259259259
6 0.32526041666666666 0.4217592592592593 0.015104166666666667 0.019444444444444445
6 0.32395833333333335 0.4412037037037037 0.03333333333333333 0.05092592592592592
6 0.3111979166666667 0.44212962962962965 0.033854166666666664 0.05092592592592592
6 0.28854166666666664 0.4212962962962963 0.007291666666666667 0.025925925925925925
6 0.27760416666666665 0.4212962962962963 0.021875 0.025925925925925925
6 0.11614583333333334 0.46296296296296297 0.053125 0.07962962962962963
6 0.15963541666666667 0.45740740740740743 0.049479166666666664 0.07222222222222222
6 0.15104166666666666 0.4513888888888889 0.05416666666666667 0.06759259259259259
6 0.15833333333333333 0.5032407407407408 0.084375 0.15462962962962962
8 0.14557291666666666 0.44351851851851853 0.0421875 0.08888888888888889
10 0.1421875 0.24305555555555555 0.040625 0.0787037037037037
10 0.14010416666666667 0.30416666666666664 0.03854166666666667 0.025
6 0.29791666666666666 0.41898148148148145 0.0125 0.028703703703703703
6 0.35989583333333336 0.42592592592592593 0.008333333333333333 0.03518518518518519