13 0.5208224882873503 0.5162037037037037 0.016137428422696512 0.03425925925925926
7 0.5320145757418011 0.5273148148148148 0.0031233732431025507 0.01574074074074074
6 0.5078084331077564 0.5324074074074074 0.007808433107756377 0.018518518518518517
8 0.5078084331077564 0.5254629629629629 0.005726184279021343 0.019444444444444445
7 0.7470067673086934 0.5643518518518519 0.011452368558042686 0.05648148148148148
6 0.8969286829776159 0.5666666666666667 0.020822488287350338 0.04814814814814815
6 0.9172306090577824 0.5680555555555555 0.03331598125976054 0.049074074074074076
6 0.8219677251431546 0.5958333333333333 0.03643935450286309 0.0824074074074074
8 0.8235294117647058 0.5740740740740741 0.02706923477355544 0.07962962962962963
10 0.7795419052576783 0.6023148148148149 0.027589796980739198 0.13240740740740742
13 0.4721499219156689 0.5143518518518518 0.021863612701717855 0.05092592592592592
4 0.45523165018219675 0.5291666666666667 0.019260801665799063 0.026851851851851852
4 0.4875065070275898 0.5425925925925926 0.03800104112441437 0.07777777777777778
6 0.42243623112962 0.5337962962962963 0.007808433107756377 0.019444444444444445
8 0.4213951067152525 0.5277777777777778 0.008849557522123894 0.025925925925925925
7 0.4047371160853722 0.5263888888888889 0.007808433107756377 0.028703703703703703
7 0.3607496095783446 0.512962962962963 0.0052056220718375845 0.014814814814814815
4 0.31936491410723583 0.5421296296296296 0.042165538781884435 0.05648148148148148
7 0.3399271212909943 0.5537037037037037 0.018740239458615304 0.07777777777777778
13 0.25377407600208224 0.5453703703703704 0.12337324310255075 0.19444444444444445
6 0.07079646017699115 0.5361111111111111 0.04372722540343571 0.07777777777777778
6 0.017959396147839667 0.5375 0.034877667881311816 0.08425925925925926
6 0.03669963560645497 0.5782407407407407 0.05674128058302967 0.1287037037037037
6 0.11452368558042686 0.5453703703703704 0.008328995314940135 0.025925925925925925
4 0.6915668922436231 0.575 0.08589276418532014 0.0962962962962963
6 0.4398750650702759 0.5324074074074074 0.009370119729307652 0.016666666666666666
8 0.4398750650702759 0.5254629629629629 0.007287870900572618 0.023148148148148147
8 0.4409161894846434 0.5268518518518519 0.009370119729307652 0.024074074074074074
4 0.3368037480478917 0.5125 0.03019260801665799 0.019444444444444445
7 0.3237896928682978 0.5055555555555555 0.010411244143675169 0.022222222222222223
7 0.355543987506507 0.5143518518518518 0.0052056220718375845 0.013888888888888888
6 0.5111920874544508 0.5300925925925926 0.0031233732431025507 0.008333333333333333
8 0.5114523685580427 0.525 0.003643935450286309 0.009259259259259259