13 0.37395833333333334 0.49675925925925923 0.06041666666666667 0.05462962962962963
3 0.5546875 0.49675925925925923 0.013541666666666667 0.008333333333333333
3 0.5848958333333333 0.5083333333333333 0.05 0.025925925925925925
3 0.6393229166666666 0.5064814814814815 0.0609375 0.03518518518518519
4 0.5565104166666667 0.5208333333333334 0.018229166666666668 0.01574074074074074
4 0.5703125 0.5222222222222223 0.017708333333333333 0.016666666666666666
4 0.61171875 0.5231481481481481 0.0390625 0.025925925925925925
8 0.5794270833333334 0.5222222222222223 0.0140625 0.025925925925925925
13 0.6830729166666667 0.4986111111111111 0.03697916666666667 0.01574074074074074
4 0.6450520833333333 0.5337962962962963 0.03177083333333333 0.03611111111111111
3 0.7708333333333334 0.5055555555555555 0.14166666666666666 0.04814814814814815
1 0.68359375 0.5388888888888889 0.0484375 0.05740740740740741
4 0.72265625 0.5305555555555556 0.04010416666666667 0.014814814814814815
4 0.79921875 0.5212962962962963 0.08489583333333334 0.024074074074074074
13 0.4627604166666667 0.5055555555555555 0.0515625 0.08888888888888889
13 0.42578125 0.5083333333333333 0.03697916666666667 0.040740740740740744
1 0.49661458333333336 0.5523148148148148 0.0484375 0.09722222222222222
1 0.44609375 0.5652777777777778 0.06510416666666667 0.12314814814814815
4 0.39557291666666666 0.5185185185185185 0.025520833333333333 0.014814814814814815
4 0.3611979166666667 0.5638888888888889 0.0421875 0.11481481481481481
4 0.40338541666666666 0.600925925925926 0.10260416666666666 0.1574074074074074
3 0.5565104166666667 0.5101851851851852 0.019270833333333334 0.018518518518518517
1 0.2328125 0.5111111111111111 0.019791666666666666 0.025925925925925925
8 0.20677083333333332 0.5 0.004166666666666667 0.005555555555555556
8 0.20208333333333334 0.49907407407407406 0.003125 0.005555555555555556
8 0.21197916666666666 0.5171296296296296 0.010416666666666666 0.032407407407407406
6 0.21796875 0.5782407407407407 0.03177083333333333 0.08055555555555556
8 0.21796875 0.5555555555555556 0.028645833333333332 0.0962962962962963
8 0.18723958333333332 0.4976851851851852 0.0036458333333333334 0.004629629629629629
8 0.18307291666666667 0.4962962962962963 0.0046875 0.007407407407407408
4 0.1953125 0.5157407407407407 0.028125 0.03333333333333333
6 0.19765625 0.5444444444444444 0.0171875 0.04259259259259259
8 0.20104166666666667 0.5162037037037037 0.015625 0.03611111111111111
14 0.15989583333333332 0.4981481481481482 0.0125 0.020370370370370372
8 0.16484375 0.5046296296296297 0.008854166666666666 0.020370370370370372
8 0.17005208333333333 0.5143518518518518 0.0109375 0.03796296296296296
8 0.17682291666666666 0.5148148148148148 0.018229166666666668 0.03333333333333333
1 0.08098958333333334 0.5069444444444444 0.0203125 0.04351851851851852
1 0.08802083333333334 0.5106481481481482 0.017708333333333333 0.041666666666666664
4 0.12369791666666667 0.5055555555555555 0.0546875 0.05555555555555555
8 0.14947916666666666 0.5125 0.017708333333333333 0.03425925925925926
8 0.13307291666666668 0.5125 0.016145833333333335 0.03611111111111111
8 0.11354166666666667 0.513425925925926 0.020833333333333332 0.04537037037037037
6 0.14453125 0.5481481481481482 0.0109375 0.03148148148148148
6 0.13307291666666668 0.5416666666666666 0.021354166666666667 0.044444444444444446
6 0.11692708333333333 0.5435185185185185 0.025520833333333333 0.05555555555555555
6 0.09609375 0.5523148148148148 0.0296875 0.04722222222222222
8 0.096875 0.5189814814814815 0.020833333333333332 0.05462962962962963
6 0.14348958333333334 0.6287037037037037 0.0234375 0.12407407407407407
8 0.15208333333333332 0.5532407407407407 0.0375 0.08425925925925926
8 0.196875 0.6282407407407408 0.03125 0.14907407407407408
8 0.17473958333333334 0.6148148148148148 0.05364583333333333 0.1925925925925926
7 0.05026041666666667 0.49953703703703706 0.008854166666666666 0.04537037037037037
4 0.03125 0.5277777777777778 0.0625 0.08148148148148149
6 0.17864583333333334 0.6731481481481482 0.06666666666666667 0.16111111111111112
6 0.01640625 0.674074074074074 0.03177083333333333 0.2074074074074074
8 0.011979166666666667 0.625 0.023958333333333335 0.24814814814814815
1 0.2911458333333333 0.6273148148148148 0.125 0.2657407407407407
8 0.027083333333333334 0.611574074074074 0.04583333333333333 0.19907407407407407
4 0.8265625 0.7587962962962963 0.3416666666666667 0.4787037037037037