7 0.4021343050494534 0.5356481481481481 0.010931806350858927 0.049074074074074076
3 0.48256116605934407 0.5259259259259259 0.01353461738677772 0.03148148148148148
14 0.5455491931285789 0.5203703703703704 0.012493492972410203 0.02962962962962963
13 0.523685580426861 0.5430555555555555 0.038521603331598125 0.08981481481481482
1 0.5471108797501302 0.5518518518518518 0.01665799062988027 0.05
3 0.6410723581467985 0.5208333333333334 0.18375845913586675 0.27685185185185185
3 0.7410203019260801 0.47685185185185186 0.03071317022384175 0.037037037037037035
4 0.7230609057782404 0.5782407407407407 0.2030192608016658 0.18796296296296297
4 0.8958875585632483 0.5902777777777778 0.14992191566892243 0.13425925925925927
13 0.9640812077043207 0.5439814814814815 0.07079646017699115 0.3138888888888889
4 0.9703279541905258 0.711574074074074 0.05830296720458095 0.18611111111111112
4 0.7943779281624154 0.7574074074074074 0.41020301926080166 0.48333333333333334