6 0.05465903175429464 0.8162037037037037 0.10827693909422176 0.35462962962962963
4 0.9281624154086413 0.937037037037037 0.14263404476834982 0.12407407407407407
4 0.26288391462779803 0.7601851851851852 0.4487246225923998 0.4759259259259259
8 0.04737116085372202 0.7018518518518518 0.09370119729307652 0.36666666666666664
6 0.05986465382613222 0.6578703703703703 0.0614263404476835 0.13055555555555556
6 0.07964601769911504 0.6055555555555555 0.03748047891723061 0.1037037037037037
8 0.06402915148360229 0.6041666666666666 0.038521603331598125 0.18611111111111112
8 0.052056220718375845 0.6069444444444444 0.041644976574700676 0.19907407407407407
8 0.09994794377928162 0.5555555555555556 0.03019260801665799 0.09444444444444444
8 0.11009890681936492 0.5837962962962963 0.039042165538781884 0.12314814814814815
8 0.13977095262883915 0.5634259259259259 0.0463300364393545 0.09351851851851851
1 0.16267568974492452 0.5532407407407407 0.10983862571577303 0.09722222222222222
1 0.254294638209266 0.5259259259259259 0.07444039562727746 0.03888888888888889
1 0.3394065590838105 0.4935185185185185 0.05309734513274336 0.07037037037037037
3 0.38495575221238937 0.4976851851851852 0.03591879229567933 0.04537037037037037
13 0.41983342009370117 0.4976851851851852 0.03800104112441437 0.06944444444444445
1 0.3810515356585112 0.5180555555555556 0.04789172306090578 0.019444444444444445
4 0.4154086413326393 0.5217592592592593 0.022904737116085372 0.01574074074074074
4 0.3930244664237376 0.5370370370370371 0.07704320666319625 0.053703703703703705
4 0.4409161894846434 0.5208333333333334 0.01353461738677772 0.021296296296296296
14 0.439614783966684 0.512962962962963 0.00989068193649141 0.018518518518518517
13 0.45393024466423737 0.5162037037037037 0.015616866215512754 0.03796296296296296
13 0.47293076522644456 0.5050925925925925 0.039042165538781884 0.06018518518518518
4 0.47943779281624155 0.5236111111111111 0.05101509630400833 0.041666666666666664
4 0.5257678292555961 0.5287037037037037 0.022904737116085372 0.012962962962962963
8 0.5536179073399271 0.5282407407407408 0.005726184279021343 0.017592592592592594
8 0.549453409682457 0.5287037037037037 0.00676730869338886 0.012962962962962963
4 0.5640291514836023 0.5324074074074074 0.024466423737636647 0.012962962962962963
8 0.5965642894325872 0.5370370370370371 0.010411244143675169 0.027777777777777776
8 0.6046330036439355 0.5388888888888889 0.021343050494534097 0.040740740740740744
8 0.6306611140031234 0.524537037037037 0.007808433107756377 0.01574074074074074
4 0.6374284226965122 0.5402777777777777 0.06090577824049974 0.026851851851851852
1 0.722019781363873 0.5365740740740741 0.055179593961478396 0.017592592592592594
4 0.8477355543987507 0.5810185185185185 0.09942738157209786 0.09722222222222222
7 0.8727225403435711 0.5467592592592593 0.016137428422696512 0.030555555555555555
4 0.9125455491931286 0.7037037037037037 0.1728266527850078 0.27037037037037037
7 0.9846434148880792 0.5578703703703703 0.015096304008328995 0.028703703703703703
4 0.47683498178032274 0.5958333333333333 0.06559083810515356 0.12685185185185185
4 0.536699635606455 0.6337962962962963 0.12181155648099948 0.20092592592592592
4 0.7030192608016658 0.7375 0.33263925039042164 0.43796296296296294
6 0.452628839146278 0.6157407407407407 0.04424778761061947 0.08703703703703704
8 0.4495054659031754 0.6319444444444444 0.04945340968245705 0.21574074074074073
8 0.45757418011452367 0.5995370370370371 0.02706923477355544 0.14351851851851852
8 0.4273815720978657 0.5421296296296296 0.015616866215512754 0.04351851851851852
8 0.4349297241020302 0.5212962962962963 0.00676730869338886 0.012962962962962963
6 0.46173867777199373 0.587037037037037 0.015616866215512754 0.07037037037037037