6 0.16067708333333333 0.6175925925925926 0.04635416666666667 0.09444444444444444
6 0.18098958333333334 0.6 0.043229166666666666 0.09814814814814815
6 0.20989583333333334 0.5782407407407407 0.010416666666666666 0.041666666666666664
1 0.2869791666666667 0.6652777777777777 0.175 0.33055555555555555
2 0.37161458333333336 0.5722222222222222 0.0140625 0.03518518518518519
2 0.4119791666666667 0.5745370370370371 0.023958333333333335 0.04537037037037037
8 0.41302083333333334 0.5476851851851852 0.015625 0.03611111111111111
4 0.45703125 0.5907407407407408 0.08072916666666667 0.12777777777777777
0 0.45364583333333336 0.6537037037037037 0.030208333333333334 0.07037037037037037
0 0.5057291666666667 0.6212962962962963 0.0375 0.07592592592592592
0 0.5549479166666667 0.6782407407407407 0.028645833333333332 0.08611111111111111
0 0.6255208333333333 0.6356481481481482 0.017708333333333333 0.04537037037037037
0 0.69296875 0.6305555555555555 0.027604166666666666 0.046296296296296294
1 0.715625 0.5722222222222222 0.041666666666666664 0.08148148148148149
1 0.7419270833333333 0.5662037037037037 0.022395833333333334 0.0787037037037037
7 0.7591145833333334 0.5601851851851852 0.011979166666666667 0.05740740740740741
7 0.7861979166666667 0.5601851851851852 0.0109375 0.05740740740740741
1 0.7994791666666666 0.5564814814814815 0.022916666666666665 0.053703703703703705
6 0.8255208333333334 0.5976851851851852 0.023958333333333335 0.08611111111111111
8 0.8255208333333334 0.587037037037037 0.026041666666666668 0.1111111111111111
6 0.8440104166666667 0.5800925925925926 0.018229166666666668 0.04537037037037037
8 0.8369791666666667 0.5523148148148148 0.0125 0.030555555555555555
7 0.8481770833333333 0.5731481481481482 0.015104166666666667 0.0962962962962963
1 0.89765625 0.6152777777777778 0.1078125 0.2101851851851852
6 0.98046875 0.6310185185185185 0.03802083333333333 0.11203703703703703
7 0.03619791666666667 0.7694444444444445 0.06197916666666667 0.3296296296296296
7 0.22109375 0.7208333333333333 0.09322916666666667 0.41759259259259257
4 0.47708333333333336 0.5523148148148148 0.034375 0.05277777777777778
4 0.6041666666666666 0.5689814814814815 0.09375 0.11574074074074074
6 0.9575520833333333 0.6129629629629629 0.019270833333333334 0.06666666666666667
8 0.4234375 0.5564814814814815 0.009375 0.044444444444444446
6 0.4015625 0.5662037037037037 0.0125 0.04351851851851852
7 0.7888020833333333 0.5458333333333333 0.005729166666666666 0.017592592592592594
6 0.7658854166666667 0.5592592592592592 0.011979166666666667 0.022222222222222223
7 0.7591145833333334 0.5453703703703704 0.0067708333333333336 0.018518518518518517