14 0.866475793857366 0.21342592592592594 0.26600728787090056 0.42685185185185187
14 0.510671525247267 0.41759259259259257 0.06454971369078605 0.2111111111111111
6 0.09838625715773035 0.6041666666666666 0.035398230088495575 0.10277777777777777
6 0.1153045288912025 0.6388888888888888 0.04320666319625195 0.11851851851851852
6 0.038521603331598125 0.6041666666666666 0.05622071837584591 0.10648148148148148
7 0.23711608537220197 0.5657407407407408 0.00989068193649141 0.06481481481481481
6 0.22280062467464862 0.5972222222222222 0.03748047891723061 0.07777777777777778
13 0.27876106194690264 0.55 0.07444039562727746 0.14444444444444443
6 0.3302967204580947 0.5657407407407408 0.010931806350858927 0.020370370370370372
8 0.32847475273295157 0.5569444444444445 0.007287870900572618 0.032407407407407406
7 0.33862571577303485 0.5606481481481481 0.005726184279021343 0.03425925925925926
4 0.3552837064029151 0.5638888888888889 0.028630921395106715 0.046296296296296294
7 0.3711608537220198 0.5675925925925925 0.007287870900572618 0.04259259259259259
14 0.3797501301405518 0.5634259259259259 0.00676730869338886 0.025
7 0.3867777199375325 0.5472222222222223 0.0052056220718375845 0.014814814814814815
4 0.38859968766267566 0.5907407407407408 0.022384174908901613 0.08703703703703704
4 0.4284226965122332 0.6180555555555556 0.09474232170744404 0.1638888888888889
9 0.04268610098906819 0.33240740740740743 0.02706923477355544 0.12222222222222222
9 0.06116605934409162 0.42685185185185187 0.024466423737636647 0.04259259259259259
0 0.42894325871941696 0.23703703703703705 0.0052056220718375845 0.014814814814814815