3 0.9825520833333333 0.3398148148148148 0.022395833333333334 0.014814814814814815
14 0.9966145833333333 0.35462962962962963 0.005729166666666666 0.027777777777777776
4 0.9877604166666667 0.3587962962962963 0.016145833333333335 0.023148148148148147
14 0.9458333333333333 0.35462962962962963 0.0125 0.03333333333333333
1 0.9645833333333333 0.3675925925925926 0.030208333333333334 0.05740740740740741
1 0.8716145833333333 0.3768518518518518 0.043229166666666666 0.07777777777777778
6 0.8325520833333333 0.3648148148148148 0.030729166666666665 0.05
7 0.8604166666666667 0.3824074074074074 0.022916666666666665 0.09074074074074075
1 0.9161458333333333 0.4046296296296296 0.06875 0.1388888888888889
6 0.7825520833333334 0.37175925925925923 0.0453125 0.05462962962962963
6 0.75 0.3958333333333333 0.03229166666666667 0.06388888888888888
8 0.7486979166666666 0.3768518518518518 0.021354166666666667 0.06481481481481481
1 0.5908854166666667 0.33055555555555555 0.0734375 0.07037037037037037
6 0.5549479166666667 0.3365740740740741 0.015104166666666667 0.017592592592592594
7 0.57890625 0.32314814814814813 0.0296875 0.05555555555555555
6 0.6546875 0.38472222222222224 0.0625 0.08981481481481482
8 0.6546875 0.3611111111111111 0.034375 0.09259259259259259
6 0.49296875 0.324537037037037 0.03177083333333333 0.03796296296296296
6 0.2755208333333333 0.38842592592592595 0.03958333333333333 0.08796296296296297
7 0.171875 0.37222222222222223 0.036458333333333336 0.10555555555555556
7 0.008333333333333333 0.5023148148148148 0.016666666666666666 0.25833333333333336
6 0.3614583333333333 0.362962962962963 0.06979166666666667 0.10925925925925926
6 0.34869791666666666 0.39537037037037037 0.0953125 0.1388888888888889
6 0.42682291666666666 0.38842592592592595 0.06197916666666667 0.13240740740740742
7 0.8145833333333333 0.3768518518518518 0.023958333333333335 0.09814814814814815
4 0.5549479166666667 0.4736111111111111 0.26197916666666665 0.2712962962962963
6 0.7450520833333333 0.5236111111111111 0.08385416666666666 0.1824074074074074
8 0.7565104166666666 0.46574074074074073 0.0484375 0.2074074074074074
8 0.7325520833333333 0.46435185185185185 0.0609375 0.2175925925925926
4 0.9471354166666667 0.5708333333333333 0.1046875 0.3787037037037037