1 0.414453125 0.48819444444444443 0.00859375 0.02361111111111111
1 0.405859375 0.4895833333333333 0.01484375 0.0375
7 0.38515625 0.49444444444444446 0.009375 0.058333333333333334
7 0.387890625 0.48125 0.00546875 0.02361111111111111
8 0.403125 0.5013888888888889 0.0078125 0.04722222222222222
7 0.369140625 0.49930555555555556 0.01328125 0.05694444444444444
14 0.457421875 0.46944444444444444 0.01484375 0.019444444444444445
3 0.5078125 0.46944444444444444 0.025 0.03611111111111111
3 0.57109375 0.4479166666666667 0.053125 0.0625
3 0.72421875 0.4576388888888889 0.146875 0.07916666666666666
14 0.865625 0.48125 0.0984375 0.13194444444444445
6 0.70703125 0.6965277777777777 0.1125 0.26805555555555555
8 0.68671875 0.5881944444444445 0.0515625 0.1763888888888889
8 0.709765625 0.6333333333333333 0.08984375 0.28055555555555556
10 0.333984375 0.38055555555555554 0.02265625 0.013888888888888888
10 0.331640625 0.40069444444444446 0.01484375 0.0125
10 0.159765625 0.2375 0.02265625 0.10833333333333334
9 0.386328125 0.39861111111111114 0.00546875 0.030555555555555555
14 0.3453125 0.4673611111111111 0.025 0.0125
14 0.48515625 0.4777777777777778 0.009375 0.011111111111111112
2 0.402734375 0.5173611111111112 0.00703125 0.034722222222222224
7 0.186328125 0.46875 0.01328125 0.015277777777777777
7 0.235546875 0.4722222222222222 0.01484375 0.016666666666666666