4 0.19869791666666667 0.5365740740740741 0.0546875 0.03611111111111111
4 0.2942708333333333 0.5671296296296297 0.065625 0.08981481481481482
13 0.4109375 0.5467592592592593 0.042708333333333334 0.05092592592592592
6 0.25442708333333336 0.6152777777777778 0.0328125 0.0787037037037037
7 0.26536458333333335 0.6023148148148149 0.019270833333333334 0.1175925925925926
1 0.3497395833333333 0.6078703703703704 0.049479166666666664 0.14907407407407408
7 0.31015625 0.5652777777777778 0.015104166666666667 0.08055555555555556
7 0.30520833333333336 0.5967592592592592 0.017708333333333333 0.12685185185185185
7 0.29635416666666664 0.5986111111111111 0.027083333333333334 0.13240740740740742
13 0.42604166666666665 0.5856481481481481 0.05625 0.11018518518518519
6 0.33203125 0.6884259259259259 0.05260416666666667 0.13425925925925927
8 0.325 0.65 0.058333333333333334 0.20185185185185187
6 0.38828125 0.7138888888888889 0.05572916666666667 0.16296296296296298
8 0.40520833333333334 0.6296296296296297 0.0375 0.11851851851851852
8 0.3890625 0.6092592592592593 0.06145833333333333 0.2759259259259259
6 0.4583333333333333 0.8199074074074074 0.09895833333333333 0.2953703703703704
8 0.43828125 0.662962962962963 0.05364583333333333 0.2111111111111111
8 0.45729166666666665 0.7138888888888889 0.11354166666666667 0.3314814814814815
7 0.07161458333333333 0.5902777777777778 0.03697916666666667 0.10648148148148148
6 0.08854166666666667 0.7828703703703703 0.12291666666666666 0.1712962962962963
6 0.05364583333333333 0.8166666666666667 0.10729166666666666 0.26666666666666666
8 0.022135416666666668 0.7351851851851852 0.044270833333333336 0.4
13 0.7229166666666667 0.5287037037037037 0.08125 0.040740740740740744
8 0.8231770833333333 0.6060185185185185 0.03802083333333333 0.08055555555555556
6 0.8346354166666666 0.6449074074074074 0.0296875 0.03796296296296296
4 0.7369791666666666 0.6671296296296296 0.22916666666666666 0.30092592592592593
1 0.9479166666666666 0.6138888888888889 0.09895833333333333 0.10185185185185185
6 0.8934895833333333 0.8055555555555556 0.11822916666666666 0.1962962962962963
8 0.9184895833333333 0.6930555555555555 0.05364583333333333 0.2675925925925926
8 0.8747395833333333 0.6921296296296297 0.0578125 0.2824074074074074
8 0.9557291666666666 0.6773148148148148 0.057291666666666664 0.16203703703703703
13 0.5536458333333333 0.6504629629629629 0.19583333333333333 0.325
8 0.55859375 0.524074074074074 0.0453125 0.18888888888888888
8 0.5203125 0.5199074074074074 0.04895833333333333 0.18425925925925926
7 0.22734375 0.5791666666666667 0.024479166666666666 0.09722222222222222
1 0.921875 0.7949074074074074 0.15520833333333334 0.4083333333333333
6 0.23125 0.8537037037037037 0.15729166666666666 0.28888888888888886
8 0.228125 0.7620370370370371 0.14791666666666667 0.45