4 0.046614583333333334 0.6157407407407407 0.09322916666666667 0.14629629629629629
7 0.08802083333333334 0.5217592592592593 0.016666666666666666 0.0787037037037037
7 0.10078125 0.5231481481481481 0.016145833333333335 0.08148148148148149
7 0.1140625 0.512962962962963 0.017708333333333333 0.05185185185185185
1 0.19036458333333334 0.5703703703703704 0.10989583333333333 0.19444444444444445
7 0.2596354166666667 0.48935185185185187 0.0109375 0.05462962962962963
13 0.3455729166666667 0.46574074074074073 0.0421875 0.09259259259259259
4 0.35911458333333335 0.4949074074074074 0.050520833333333334 0.08055555555555556
1 0.3971354166666667 0.4675925925925926 0.018229166666666668 0.04259259259259259
4 0.428125 0.4648148148148148 0.01875 0.04259259259259259
6 0.42734375 0.4777777777777778 0.0109375 0.03333333333333333
8 0.4265625 0.46805555555555556 0.015625 0.05092592592592592
13 0.45260416666666664 0.45046296296296295 0.052083333333333336 0.09537037037037037
4 0.5067708333333333 0.43796296296296294 0.009375 0.014814814814814815
1 0.49661458333333336 0.4388888888888889 0.018229166666666668 0.012962962962962963
4 0.48020833333333335 0.4425925925925926 0.015625 0.018518518518518517
4 0.48880208333333336 0.4444444444444444 0.0109375 0.011111111111111112
3 0.5627604166666667 0.42824074074074076 0.1234375 0.22685185185185186
4 0.5270833333333333 0.5902777777777778 0.18645833333333334 0.32314814814814813
14 0.6447916666666667 0.43287037037037035 0.011458333333333333 0.025
14 0.65703125 0.42916666666666664 0.0171875 0.019444444444444445
7 0.6674479166666667 0.42592592592592593 0.0078125 0.03333333333333333
7 0.6606770833333333 0.4310185185185185 0.0078125 0.03425925925925926
7 0.6473958333333333 0.4337962962962963 0.00625 0.023148148148148147
4 0.7515625 0.42453703703703705 0.04583333333333333 0.05277777777777778
8 0.8098958333333334 0.5148148148148148 0.013541666666666667 0.12222222222222222
8 0.7466145833333333 0.6041666666666666 0.14427083333333332 0.3416666666666667
8 0.759375 0.6819444444444445 0.16666666666666666 0.49166666666666664
6 0.7591145833333334 0.7833333333333333 0.17552083333333332 0.42592592592592593
3 0.9072916666666667 0.4666666666666667 0.184375 0.9333333333333333
1 0.6283854166666667 0.4527777777777778 0.0234375 0.06666666666666667