14 0.4411764705882353 0.549537037037037 0.007808433107756377 0.013888888888888888
1 0.45471108797501303 0.5527777777777778 0.005726184279021343 0.016666666666666666
1 0.48334200937011973 0.5689814814814815 0.00676730869338886 0.03796296296296296
4 0.4685059864653826 0.5564814814814815 0.010411244143675169 0.016666666666666666
4 0.46173867777199373 0.5597222222222222 0.011452368558042686 0.025
4 0.49271212909942735 0.5578703703703703 0.01717855283706403 0.01574074074074074
4 0.4966163456533056 0.575462962962963 0.02706923477355544 0.03981481481481482
4 0.5424258198854763 0.5833333333333334 0.03956272774596564 0.07592592592592592
4 0.566892243623113 0.5921296296296297 0.06871421134825612 0.08425925925925926
7 0.6738677771993753 0.6189814814814815 0.031754294638209266 0.06944444444444445
7 0.7472670484122853 0.5921296296296297 0.021343050494534097 0.14722222222222223
7 0.8505986465382613 0.6819444444444445 0.06663196251952108 0.14166666666666666
7 0.44169703279541905 0.5578703703703703 0.004685059864653826 0.017592592592592594
6 0.44794377928162415 0.5606481481481481 0.004685059864653826 0.010185185185185186
8 0.44768349817803227 0.5569444444444445 0.004164497657470068 0.017592592592592594
13 0.41306611140031235 0.5560185185185185 0.045288912024986985 0.11944444444444445
7 0.40291514836022907 0.5805555555555556 0.015616866215512754 0.04259259259259259
7 0.27511712649661635 0.5824074074074074 0.021343050494534097 0.03333333333333333
4 0.3498178032274857 0.7231481481481481 0.3456533055700156 0.31296296296296294
4 0.04346694429984383 0.6856481481481481 0.08693388859968766 0.20092592592592592
7 0.12675689744924518 0.7958333333333333 0.1494013534617387 0.4027777777777778
6 0.024726704841228526 0.7731481481481481 0.04945340968245705 0.2037037037037037
7 0.47345132743362833 0.5703703703703704 0.007808433107756377 0.03333333333333333