2 0.32864583333333336 0.5916666666666667 0.03125 0.05925925925925926
8 0.32447916666666665 0.5703703703703704 0.017708333333333333 0.07592592592592592
8 0.3299479166666667 0.5773148148148148 0.018229166666666668 0.07685185185185185
4 0.5234375 0.5287037037037037 0.0125 0.022222222222222223
1 0.5419270833333333 0.5259259259259259 0.009895833333333333 0.016666666666666666
4 0.5614583333333333 0.5453703703703704 0.034375 0.04259259259259259
6 0.5291666666666667 0.537962962962963 0.00625 0.020370370370370372
8 0.5291666666666667 0.5324074074074074 0.007291666666666667 0.022222222222222223
13 0.63515625 0.5333333333333333 0.0390625 0.044444444444444446
6 0.6669270833333333 0.5453703703703704 0.009895833333333333 0.03518518518518519
6 0.67734375 0.5611111111111111 0.0234375 0.06111111111111111
7 0.6942708333333333 0.5587962962962963 0.014583333333333334 0.0824074074074074
6 0.7575520833333333 0.5601851851851852 0.0390625 0.07037037037037037
6 0.7783854166666667 0.5666666666666667 0.04739583333333333 0.06481481481481481
6 0.8075520833333333 0.5731481481481482 0.06927083333333334 0.06111111111111111
6 0.78828125 0.5787037037037037 0.0359375 0.08518518518518518
6 0.6020833333333333 0.6476851851851851 0.052083333333333336 0.13425925925925927
8 0.6033854166666667 0.6018518518518519 0.0453125 0.15555555555555556
7 0.19322916666666667 0.6037037037037037 0.030208333333333334 0.1111111111111111
7 0.18802083333333333 0.6300925925925925 0.051041666666666666 0.16018518518518518
3 0.42630208333333336 0.5157407407407407 0.14322916666666666 0.29444444444444445
4 0.13125 0.5675925925925925 0.026041666666666668 0.05
1 0.04348958333333333 0.6777777777777778 0.08697916666666666 0.32222222222222224
1 0.5802083333333333 0.5342592592592592 0.020833333333333332 0.046296296296296294
6 0.8385416666666666 0.5462962962962963 0.020833333333333332 0.04259259259259259