7 0.21041666666666667 0.5291666666666667 0.07395833333333333 0.33611111111111114
7 0.28463541666666664 0.5171296296296296 0.0765625 0.28055555555555556
7 0.3671875 0.4888888888888889 0.05416666666666667 0.2814814814814815
4 0.49505208333333334 0.5087962962962963 0.3338541666666667 0.3416666666666667
7 0.6486979166666667 0.3819444444444444 0.0234375 0.1287037037037037
6 0.7697916666666667 0.45185185185185184 0.05520833333333333 0.1037037037037037
8 0.76875 0.41712962962962963 0.040625 0.12129629629629629
8 0.778125 0.4305555555555556 0.034375 0.1425925925925926
7 0.7828125 0.36574074074074076 0.009375 0.02962962962962963
6 0.7947916666666667 0.41805555555555557 0.03125 0.08055555555555556
6 0.8234375 0.42592592592592593 0.03333333333333333 0.05555555555555555
6 0.82734375 0.4041666666666667 0.0390625 0.049074074074074076
6 0.8510416666666667 0.40879629629629627 0.026041666666666668 0.058333333333333334
6 0.8591145833333333 0.3888888888888889 0.0359375 0.03333333333333333
6 0.825 0.3800925925925926 0.041666666666666664 0.03981481481481482
6 0.8268229166666666 0.36527777777777776 0.0328125 0.03796296296296296
6 0.8580729166666666 0.37824074074074077 0.0234375 0.032407407407407406
6 0.8734375 0.3731481481481482 0.035416666666666666 0.03333333333333333
6 0.9015625 0.39537037037037037 0.020833333333333332 0.04814814814814815
6 0.8765625 0.5013888888888889 0.035416666666666666 0.0787037037037037
8 0.8854166666666666 0.4388888888888889 0.052083333333333336 0.13148148148148148
7 0.93984375 0.36898148148148147 0.0109375 0.021296296296296296
1 0.9893229166666667 0.3837962962962963 0.018229166666666668 0.06388888888888888
1 0.9669270833333333 0.3814814814814815 0.03177083333333333 0.06296296296296296
6 0.9809895833333333 0.40185185185185185 0.0171875 0.037037037037037035
8 0.9776041666666667 0.3800925925925926 0.020833333333333332 0.049074074074074076
8 0.9734375 0.3875 0.023958333333333335 0.058333333333333334
8 0.9614583333333333 0.412962962962963 0.03854166666666667 0.10555555555555556
8 0.93515625 0.5101851851851852 0.07447916666666667 0.27037037037037037
8 0.8971354166666666 0.5055555555555555 0.09635416666666667 0.2796296296296296
6 0.9684895833333333 0.4550925925925926 0.0234375 0.05648148148148148
6 0.8765625 0.47453703703703703 0.034375 0.1175925925925926
6 0.9309895833333334 0.5902777777777778 0.0890625 0.23055555555555557
8 0.9776041666666667 0.41388888888888886 0.019791666666666666 0.1037037037037037
14 0.99609375 0.4810185185185185 0.0046875 0.09351851851851851