3 0.4783854166666667 0.3768518518518518 0.05677083333333333 0.14074074074074075
3 0.5723958333333333 0.37824074074074077 0.14791666666666667 0.2916666666666667
6 0.6486979166666667 0.37407407407407406 0.0078125 0.025925925925925925
7 0.66640625 0.37407407407407406 0.0109375 0.04259259259259259
7 0.6770833333333334 0.36435185185185187 0.005208333333333333 0.023148148148148147
6 0.7109375 0.4078703703703704 0.0375 0.03981481481481482
7 0.72265625 0.387037037037037 0.0140625 0.07037037037037037
7 0.7122395833333334 0.3972222222222222 0.019270833333333334 0.08333333333333333
7 0.8260416666666667 0.43657407407407406 0.021875 0.1287037037037037
4 0.9096354166666667 0.4115740740740741 0.1171875 0.11944444444444445
4 0.92734375 0.4777777777777778 0.14427083333333332 0.21296296296296297
6 0.6911458333333333 0.6055555555555555 0.07916666666666666 0.2388888888888889
8 0.68359375 0.4981481481481482 0.0609375 0.23333333333333334
8 0.69140625 0.5217592592592593 0.0734375 0.2564814814814815
4 0.44557291666666665 0.3976851851851852 0.021354166666666667 0.04351851851851852
4 0.3846354166666667 0.38935185185185184 0.0390625 0.023148148148148147
4 0.35078125 0.3962962962962963 0.04010416666666667 0.011111111111111112
4 0.3109375 0.40324074074074073 0.03229166666666667 0.013888888888888888
7 0.27630208333333334 0.3976851851851852 0.0078125 0.019444444444444445
7 0.2625 0.41805555555555557 0.017708333333333333 0.049074074074074076
6 0.2721354166666667 0.43287037037037035 0.0109375 0.03425925925925926
8 0.27447916666666666 0.40694444444444444 0.0125 0.023148148148148147
4 0.2046875 0.4708333333333333 0.128125 0.1361111111111111
4 0.07083333333333333 0.47129629629629627 0.128125 0.09444444444444444
6 0.029947916666666668 0.49675925925925923 0.059895833333333336 0.062037037037037036
8 0.024739583333333332 0.4699074074074074 0.049479166666666664 0.10092592592592593
7 0.14296875 0.4652777777777778 0.0421875 0.23055555555555557
10 0.25338541666666664 0.4425925925925926 0.008854166666666666 0.012962962962962963
7 0.23385416666666667 0.47314814814814815 0.029166666666666667 0.15185185185185185
7 0.19166666666666668 0.512962962962963 0.03958333333333333 0.22407407407407406
4 0.3265625 0.5564814814814815 0.25833333333333336 0.42777777777777776
4 0.08723958333333333 0.7833333333333333 0.17447916666666666 0.43148148148148147
8 0.4083333333333333 0.3921296296296296 0.007291666666666667 0.017592592592592594
7 0.96796875 0.5412037037037037 0.058854166666666666 0.2898148148148148
1 0.22630208333333332 0.4 0.024479166666666666 0.018518518518518517