4 0.03333333333333333 0.562962962962963 0.05416666666666667 0.06111111111111111
4 0.06614583333333333 0.5578703703703703 0.06145833333333333 0.06759259259259259
4 0.13046875 0.5560185185185185 0.0359375 0.058333333333333334
4 0.15755208333333334 0.5481481481481482 0.04739583333333333 0.053703703703703705
4 0.19609375 0.5467592592592593 0.0484375 0.049074074074074076
4 0.21067708333333332 0.5416666666666666 0.0515625 0.04259259259259259
4 0.23255208333333333 0.5388888888888889 0.05364583333333333 0.044444444444444446
4 0.24140625 0.5277777777777778 0.03697916666666667 0.02962962962962963
4 0.25859375 0.5296296296296297 0.03697916666666667 0.040740740740740744
13 0.06927083333333334 0.5087962962962963 0.04583333333333333 0.032407407407407406
4 0.041666666666666664 0.5222222222222223 0.034375 0.025925925925925925
10 0.1703125 0.4666666666666667 0.05 0.08148148148148149
4 0.3104166666666667 0.5199074074074074 0.03333333333333333 0.026851851851851852
4 0.3880208333333333 0.5143518518518518 0.023958333333333335 0.019444444444444445
4 0.3802083333333333 0.5115740740740741 0.028125 0.023148148148148147
4 0.39791666666666664 0.5138888888888888 0.008333333333333333 0.012962962962962963
4 0.4010416666666667 0.5092592592592593 0.020833333333333332 0.020370370370370372
14 0.41067708333333336 0.5060185185185185 0.015104166666666667 0.023148148148148147
13 0.4328125 0.5018518518518519 0.021875 0.03333333333333333
4 0.41953125 0.5032407407407408 0.005729166666666666 0.008333333333333333
13 0.4609375 0.5009259259259259 0.017708333333333333 0.027777777777777776
4 0.45677083333333335 0.5120370370370371 0.013541666666666667 0.016666666666666666
6 0.47239583333333335 0.5148148148148148 0.004166666666666667 0.007407407407407408
8 0.471875 0.5101851851851852 0.005208333333333333 0.014814814814814815
13 0.47239583333333335 0.4981481481481482 0.0125 0.02962962962962963
4 0.4908854166666667 0.5064814814814815 0.0067708333333333336 0.007407407407407408
13 0.49583333333333335 0.5013888888888889 0.005208333333333333 0.012037037037037037
13 0.5015625 0.49907407407407406 0.00625 0.016666666666666666
13 0.5072916666666667 0.49953703703703706 0.009375 0.019444444444444445
4 0.515625 0.5055555555555555 0.008333333333333333 0.012962962962962963
1 0.5072916666666667 0.538425925925926 0.028125 0.05648148148148148
4 0.5356770833333333 0.5226851851851851 0.019270833333333334 0.026851851851851852
14 0.5341145833333333 0.49722222222222223 0.0067708333333333336 0.009259259259259259
14 0.55 0.4981481481481482 0.00625 0.007407407407407408
13 0.5645833333333333 0.49166666666666664 0.017708333333333333 0.024074074074074074
4 0.63828125 0.5217592592592593 0.013020833333333334 0.01574074074074074
14 0.6333333333333333 0.5111111111111111 0.0125 0.011111111111111112
6 0.6609375 0.525 0.007291666666666667 0.014814814814814815
8 0.6606770833333333 0.5212962962962963 0.008854166666666666 0.022222222222222223
8 0.67265625 0.524537037037037 0.009895833333333333 0.017592592592592594
6 0.68828125 0.537962962962963 0.0067708333333333336 0.014814814814814815
8 0.6869791666666667 0.5273148148148148 0.008333333333333333 0.012037037037037037
13 0.7309895833333333 0.4976851851851852 0.0828125 0.062037037037037036
1 0.88046875 0.5587962962962963 0.04739583333333333 0.062037037037037036