10 0.00859375 0.2601851851851852 0.0171875 0.08518518518518518
10 0.005989583333333334 0.3421296296296296 0.011979166666666667 0.025
10 0.13072916666666667 0.3685185185185185 0.017708333333333333 0.07407407407407407
10 0.17578125 0.4546296296296296 0.009895833333333333 0.016666666666666666
8 0.0515625 0.5476851851851852 0.035416666666666666 0.09166666666666666
8 0.06640625 0.5231481481481481 0.019270833333333334 0.04814814814814815
4 0.09114583333333333 0.5078703703703704 0.015625 0.05277777777777778
6 0.10859375 0.5092592592592593 0.015104166666666667 0.040740740740740744
8 0.16197916666666667 0.5101851851851852 0.021875 0.040740740740740744
8 0.17916666666666667 0.5157407407407407 0.01875 0.03333333333333333
8 0.19661458333333334 0.5194444444444445 0.024479166666666666 0.03333333333333333
7 0.1984375 0.5060185185185185 0.017708333333333333 0.030555555555555555
8 0.21770833333333334 0.5222222222222223 0.025 0.04814814814814815
8 0.23072916666666668 0.524537037037037 0.03125 0.041666666666666664
8 0.25286458333333334 0.5217592592592593 0.025520833333333333 0.04351851851851852
8 0.2609375 0.5226851851851851 0.0125 0.03981481481481482
8 0.2421875 0.5115740740740741 0.0125 0.041666666666666664
8 0.25234375 0.49722222222222223 0.008854166666666666 0.012962962962962963
7 0.221875 0.500462962962963 0.014583333333333334 0.03425925925925926
7 0.21354166666666666 0.4976851851851852 0.011458333333333333 0.026851851851851852
7 0.20520833333333333 0.49907407407407406 0.008333333333333333 0.037037037037037035
7 0.23125 0.49444444444444446 0.00625 0.018518518518518517
7 0.23515625 0.49722222222222223 0.0067708333333333336 0.016666666666666666
8 0.2677083333333333 0.49583333333333335 0.011458333333333333 0.019444444444444445
1 0.30416666666666664 0.5194444444444445 0.07916666666666666 0.046296296296296294
8 0.3033854166666667 0.5263888888888889 0.018229166666666668 0.030555555555555555
8 0.3453125 0.5287037037037037 0.014583333333333334 0.03148148148148148
6 0.35546875 0.537962962962963 0.015104166666666667 0.016666666666666666
8 0.34869791666666666 0.5143518518518518 0.0109375 0.03611111111111111
8 0.35546875 0.5162037037037037 0.0171875 0.041666666666666664
7 0.3640625 0.5166666666666667 0.007291666666666667 0.037037037037037035
6 0.37109375 0.5199074074074074 0.009895833333333333 0.026851851851851852
6 0.3776041666666667 0.5203703703703704 0.009375 0.018518518518518517
6 0.384375 0.5203703703703704 0.008333333333333333 0.018518518518518517
7 0.390625 0.5115740740740741 0.009375 0.028703703703703703
6 0.3963541666666667 0.5203703703703704 0.007291666666666667 0.016666666666666666
6 0.403125 0.5203703703703704 0.007291666666666667 0.012962962962962963
7 0.403125 0.5078703703703704 0.005208333333333333 0.013888888888888888
7 0.40859375 0.5097222222222222 0.0067708333333333336 0.017592592592592594
4 0.4317708333333333 0.5157407407407407 0.05625 0.02962962962962963
8 0.42942708333333335 0.5143518518518518 0.019270833333333334 0.028703703703703703
6 0.41953125 0.525 0.0067708333333333336 0.007407407407407408
13 0.4513020833333333 0.49675925925925923 0.04635416666666667 0.062037037037037036
3 0.47630208333333335 0.5037037037037037 0.0203125 0.04814814814814815
4 0.48854166666666665 0.5115740740740741 0.010416666666666666 0.012037037037037037
13 0.5052083333333334 0.5074074074074074 0.025 0.046296296296296294
1 0.5276041666666667 0.5254629629629629 0.03958333333333333 0.03611111111111111
13 0.54921875 0.513425925925926 0.0421875 0.05277777777777778
7 0.5234375 0.5203703703703704 0.007291666666666667 0.027777777777777776
8 0.5309895833333333 0.5236111111111111 0.021354166666666667 0.03425925925925926
7 0.5463541666666667 0.5226851851851851 0.015625 0.04537037037037037
14 0.5807291666666666 0.5152777777777777 0.013541666666666667 0.010185185185185186
3 0.5830729166666667 0.5064814814814815 0.019270833333333334 0.011111111111111112
4 0.5950520833333334 0.512962962962963 0.0140625 0.007407407407407408
4 0.61484375 0.513425925925926 0.015104166666666667 0.006481481481481481
4 0.61796875 0.5222222222222223 0.0109375 0.012962962962962963
4 0.6234375 0.5361111111111111 0.013541666666666667 0.03518518518518519
8 0.6174479166666667 0.5226851851851851 0.008854166666666666 0.017592592592592594
1 0.5934895833333333 0.5296296296296297 0.04010416666666667 0.03148148148148148
13 0.6658854166666667 0.5199074074074074 0.0765625 0.10462962962962963
4 0.7059895833333333 0.5472222222222223 0.022395833333333334 0.03148148148148148
4 0.72421875 0.5509259259259259 0.04635416666666667 0.03148148148148148
4 0.73203125 0.5611111111111111 0.0609375 0.04259259259259259
4 0.7609375 0.5398148148148149 0.035416666666666666 0.016666666666666666
8 0.7578125 0.5365740740740741 0.009375 0.013888888888888888
7 0.753125 0.5212962962962963 0.009375 0.024074074074074074
1 0.80546875 0.5416666666666666 0.05260416666666667 0.022222222222222223
7 0.81875 0.5268518518518519 0.008333333333333333 0.009259259259259259
8 0.8580729166666666 0.5546296296296296 0.0140625 0.027777777777777776
7 0.82109375 0.5430555555555555 0.009895833333333333 0.017592592592592594
7 0.8783854166666667 0.5560185185185185 0.0140625 0.03425925925925926
8 0.8825520833333333 0.5712962962962963 0.018229166666666668 0.053703703703703705
7 0.8994791666666667 0.586574074074074 0.026041666666666668 0.0787037037037037
7 0.9044270833333333 0.5828703703703704 0.016145833333333335 0.06759259259259259
7 0.9192708333333334 0.5939814814814814 0.01875 0.10648148148148148
7 0.9869791666666666 0.5981481481481481 0.019791666666666666 0.11851851851851852
7 0.971875 0.6175925925925926 0.03958333333333333 0.1425925925925926
7 0.96171875 0.6037037037037037 0.0203125 0.13703703703703704
7 0.9447916666666667 0.5995370370370371 0.028125 0.13425925925925927
4 0.8393229166666667 0.6819444444444445 0.24739583333333334 0.2972222222222222
6 0.6520833333333333 0.8398148148148148 0.14375 0.31851851851851853
8 0.6458333333333334 0.7356481481481482 0.12708333333333333 0.43796296296296294
6 0.5338541666666666 0.7546296296296297 0.10208333333333333 0.3074074074074074
8 0.5291666666666667 0.7083333333333334 0.09895833333333333 0.3574074074074074
6 0.5994791666666667 0.7245370370370371 0.04375 0.11574074074074074
8 0.59765625 0.65 0.06197916666666667 0.25925925925925924
4 0.4078125 0.5601851851851852 0.06354166666666666 0.06851851851851852
4 0.47291666666666665 0.6337962962962963 0.10729166666666666 0.21388888888888888
4 0.2760416666666667 0.7685185185185185 0.365625 0.46111111111111114
4 0.10703125 0.6680555555555555 0.2140625 0.2824074074074074