14 0.50859375 0.5050925925925925 0.0036458333333333334 0.006481481481481481
13 0.51171875 0.5138888888888888 0.0140625 0.022222222222222223
6 0.5322916666666667 0.5402777777777777 0.004166666666666667 0.012037037037037037
8 0.5325520833333334 0.5365740740740741 0.0046875 0.012037037037037037
4 0.5466145833333333 0.5402777777777777 0.015104166666666667 0.025
6 0.5372395833333333 0.5402777777777777 0.0046875 0.013888888888888888
8 0.5369791666666667 0.5337962962962963 0.005208333333333333 0.013888888888888888
4 0.5736979166666667 0.5467592592592593 0.011979166666666667 0.030555555555555555
4 0.5611979166666666 0.549537037037037 0.028645833333333332 0.03981481481481482
4 0.4828125 0.5986111111111111 0.075 0.1527777777777778
6 0.5924479166666666 0.5722222222222222 0.016145833333333335 0.04259259259259259
8 0.5921875 0.5615740740740741 0.016666666666666666 0.05462962962962963
6 0.6190104166666667 0.5819444444444445 0.022395833333333334 0.06018518518518518
8 0.6177083333333333 0.5689814814814815 0.019791666666666666 0.062037037037037036
8 0.63515625 0.5680555555555555 0.018229166666666668 0.062037037037037036
6 0.6361979166666667 0.5824074074074074 0.019270833333333334 0.04814814814814815
13 0.96171875 0.5472222222222223 0.0734375 0.08703703703703704
14 0.5098958333333333 0.5347222222222222 0.00625 0.023148148148148147