4 0.434375 0.575925925925926 0.06354166666666666 0.10185185185185185
4 0.49713541666666666 0.5569444444444445 0.043229166666666666 0.06018518518518518
6 0.54296875 0.5810185185185185 0.025520833333333333 0.0712962962962963
8 0.5440104166666667 0.5643518518518519 0.025520833333333333 0.0787037037037037
6 0.528125 0.5675925925925925 0.0125 0.05555555555555555
8 0.5291666666666667 0.5550925925925926 0.014583333333333334 0.06018518518518518
6 0.5223958333333333 0.5472222222222223 0.00625 0.012962962962962963
8 0.5192708333333333 0.5398148148148149 0.004166666666666667 0.018518518518518517
8 0.5223958333333333 0.5393518518518519 0.005208333333333333 0.019444444444444445
4 0.5151041666666667 0.5347222222222222 0.016666666666666666 0.026851851851851852
7 0.5005208333333333 0.524074074074074 0.005208333333333333 0.007407407407407408
8 0.4934895833333333 0.524074074074074 0.005729166666666666 0.007407407407407408
8 0.48984375 0.525 0.0036458333333333334 0.005555555555555556
6 0.4783854166666667 0.5356481481481481 0.005729166666666666 0.017592592592592594
8 0.478125 0.5305555555555556 0.00625 0.018518518518518517
6 0.4739583333333333 0.5361111111111111 0.00625 0.016666666666666666
8 0.4739583333333333 0.5314814814814814 0.00625 0.020370370370370372
1 0.46484375 0.5333333333333333 0.015104166666666667 0.02962962962962963
14 0.44583333333333336 0.525 0.016666666666666666 0.014814814814814815
7 0.725 0.6106481481481482 0.028125 0.15092592592592594
6 0.8143229166666667 0.8226851851851852 0.15572916666666667 0.30833333333333335
8 0.7760416666666666 0.6611111111111111 0.07604166666666666 0.3111111111111111
8 0.8114583333333333 0.7032407407407407 0.10729166666666666 0.3398148148148148