1 0.12135416666666667 0.7555555555555555 0.24270833333333333 0.47962962962962963
4 0.37734375 0.774537037037037 0.30885416666666665 0.44166666666666665
1 0.25703125 0.6273148148148148 0.13072916666666667 0.24722222222222223
4 0.43723958333333335 0.5587962962962963 0.0921875 0.05092592592592592
4 0.3572916666666667 0.5388888888888889 0.06041666666666667 0.044444444444444446
1 0.46015625 0.5328703703703703 0.030729166666666665 0.062037037037037036
6 0.8942708333333333 0.6722222222222223 0.1 0.14444444444444443
8 0.8848958333333333 0.6361111111111111 0.03333333333333333 0.21666666666666667
7 0.9174479166666667 0.5953703703703703 0.0265625 0.10555555555555556
7 0.7765625 0.5615740740740741 0.03229166666666667 0.08796296296296297
7 0.75625 0.538425925925926 0.0125 0.05277777777777778
10 0.75625 0.39861111111111114 0.017708333333333333 0.049074074074074076
4 0.5703125 0.5356481481481481 0.05 0.06574074074074074
14 0.27109375 0.487962962962963 0.06822916666666666 0.046296296296296294
1 0.3671875 0.5143518518518518 0.03229166666666667 0.01574074074074074
4 0.4354166666666667 0.5217592592592593 0.05520833333333333 0.023148148148148147
4 0.38645833333333335 0.5106481481481482 0.026041666666666668 0.019444444444444445
13 0.43463541666666666 0.49166666666666664 0.033854166666666664 0.03518518518518519
4 0.40963541666666664 0.5097222222222222 0.0140625 0.017592592592592594
4 0.39791666666666664 0.5342592592592592 0.026041666666666668 0.044444444444444446
6 0.48333333333333334 0.5236111111111111 0.014583333333333334 0.010185185185185186
8 0.4861979166666667 0.5152777777777777 0.0078125 0.017592592592592594
4 0.5010416666666667 0.5189814814814815 0.029166666666666667 0.023148148148148147
7 0.51953125 0.524537037037037 0.0078125 0.032407407407407406
6 0.6119791666666666 0.5347222222222222 0.025 0.030555555555555555