13 0.4523685580426861 0.513425925925926 0.01353461738677772 0.032407407407407406
14 0.5200416449765747 0.5074074074074074 0.01353461738677772 0.011111111111111112
13 0.5546590317542947 0.5185185185185185 0.024466423737636647 0.06481481481481481
4 0.6660593440916189 0.5486111111111112 0.07339927121290994 0.08981481481481482
7 0.4281624154086413 0.5217592592592593 0.003643935450286309 0.010185185185185186
7 0.42243623112962 0.5296296296296297 0.005726184279021343 0.025925925925925925
14 0.4721499219156689 0.5032407407407408 0.035398230088495575 0.09722222222222222
6 0.4359708485163977 0.5467592592592593 0.016137428422696512 0.049074074074074076
1 0.3334200937011973 0.5375 0.045288912024986985 0.062037037037037036
4 0.2670484122852681 0.5574074074074075 0.10931806350858927 0.0962962962962963
6 0.18011452368558042 0.5416666666666666 0.05309734513274336 0.040740740740740744
6 0.1480999479437793 0.5472222222222223 0.024466423737636647 0.05
6 0.24492451847995836 0.6 0.06923477355543987 0.1111111111111111
7 0.3682977615825091 0.5439814814814815 0.008849557522123894 0.05092592592592592
7 0.30999479437792815 0.612037037037037 0.03591879229567933 0.1814814814814815
8 0.43519000520562207 0.5370370370370371 0.015616866215512754 0.05