1 0.030208333333333334 0.33240740740740743 0.051041666666666666 0.07222222222222222
7 0.15677083333333333 0.3050925925925926 0.013541666666666667 0.05648148148148148
10 0.02109375 0.3837962962962963 0.013020833333333334 0.049074074074074076
10 0.07838541666666667 0.38981481481481484 0.013020833333333334 0.07037037037037037
10 0.07109375 0.42083333333333334 0.03802083333333333 0.10462962962962963
8 0.25625 0.33101851851851855 0.011458333333333333 0.06388888888888888
8 0.26875 0.32083333333333336 0.017708333333333333 0.06944444444444445
4 0.49166666666666664 0.3453703703703704 0.36666666666666664 0.14814814814814814
4 0.4192708333333333 0.6513888888888889 0.75 0.6953703703703704
6 0.71015625 0.3814814814814815 0.03697916666666667 0.07777777777777778
8 0.6880208333333333 0.3611111111111111 0.036458333333333336 0.10185185185185185
6 0.7848958333333333 0.4236111111111111 0.10625 0.12129629629629629
8 0.76796875 0.37777777777777777 0.0421875 0.15555555555555556
7 0.8778645833333333 0.36064814814814816 0.028645833333333332 0.11203703703703703
1 0.9481770833333333 0.3921296296296296 0.10052083333333334 0.15833333333333333
6 0.9880208333333333 0.4527777777777778 0.019791666666666666 0.10185185185185185