6 0.47708333333333336 0.5513888888888889 0.007291666666666667 0.013888888888888888
6 0.5427083333333333 0.5365740740740741 0.009375 0.030555555555555555
4 0.5268229166666667 0.5356481481481481 0.025520833333333333 0.04537037037037037
8 0.47552083333333334 0.5337962962962963 0.0020833333333333333 0.004629629629629629
8 0.47708333333333336 0.5412037037037037 0.008333333333333333 0.023148148148148147
14 0.4953125 0.5226851851851851 0.03229166666666667 0.041666666666666664
8 0.4859375 0.5226851851851851 0.009375 0.023148148148148147
4 0.5044270833333333 0.5527777777777778 0.04739583333333333 0.07592592592592592
1 0.4515625 0.5356481481481481 0.021875 0.05092592592592592
6 0.46953125 0.5444444444444444 0.0109375 0.03148148148148148
8 0.46796875 0.5310185185185186 0.013020833333333334 0.041666666666666664
6 0.4309895833333333 0.5476851851851852 0.0078125 0.025
8 0.43046875 0.5370370370370371 0.008854166666666666 0.037037037037037035
8 0.42942708333333335 0.5388888888888889 0.009895833333333333 0.03333333333333333
7 0.4361979166666667 0.5476851851851852 0.0036458333333333334 0.023148148148148147
14 0.4395833333333333 0.5476851851851852 0.005208333333333333 0.019444444444444445
7 0.38307291666666665 0.5365740740740741 0.0078125 0.04351851851851852
1 0.40572916666666664 0.5587962962962963 0.04895833333333333 0.09907407407407408
7 0.34088541666666666 0.5625 0.013020833333333334 0.08981481481481482
14 0.3614583333333333 0.5564814814814815 0.042708333333333334 0.1037037037037037
6 0.27838541666666666 0.5898148148148148 0.0296875 0.07592592592592592
6 0.2609375 0.6092592592592593 0.03125 0.07962962962962963
14 0.29713541666666665 0.5763888888888888 0.06822916666666666 0.1638888888888889
6 0.22057291666666667 0.6125 0.03177083333333333 0.08611111111111111
4 0.12421875 0.6407407407407407 0.2046875 0.22037037037037038
7 0.9666666666666667 0.8032407407407407 0.06354166666666666 0.07314814814814814
7 0.31484375 0.5851851851851851 0.0234375 0.12962962962962962
1 0.49192708333333335 0.5263888888888889 0.027604166666666666 0.04537037037037037