6 0.06715252472670484 0.812962962962963 0.13430504945340968 0.37222222222222223
7 0.016137428422696512 0.5675925925925925 0.032274856845393024 0.13148148148148148
6 0.24778761061946902 0.5699074074074074 0.03643935450286309 0.06018518518518518
6 0.29151483602290473 0.6023148148148149 0.06871421134825612 0.06388888888888888
4 0.3461738677771994 0.5592592592592592 0.0864133263925039 0.06481481481481481
6 0.32925559604372723 0.5689814814814815 0.03800104112441437 0.04351851851851852
4 0.3623112961998959 0.5421296296296296 0.038521603331598125 0.03611111111111111
6 0.39276418532014573 0.5513888888888889 0.027589796980739198 0.03611111111111111
4 0.6212909942738157 0.6143518518518518 0.1140031233732431 0.16574074074074074
6 0.5705361790733993 0.5370370370370371 0.01353461738677772 0.022222222222222223
6 0.5109318063508589 0.5421296296296296 0.007808433107756377 0.025
7 0.504424778761062 0.5351851851851852 0.0052056220718375845 0.024074074074074074
4 0.532274856845393 0.5532407407407407 0.039042165538781884 0.06018518518518518
8 0.5119729307652264 0.5361111111111111 0.008849557522123894 0.03148148148148148
6 0.4216553878188444 0.5398148148148149 0.011452368558042686 0.022222222222222223
4 0.43779281624154087 0.5287037037037037 0.01665799062988027 0.022222222222222223
6 0.44560124934929723 0.5592592592592592 0.008328995314940135 0.03333333333333333
8 0.4469026548672566 0.5462962962962963 0.00989068193649141 0.046296296296296294
13 0.4776158250910984 0.5523148148148148 0.061946902654867256 0.14166666666666666