14 0.50703125 0.5027777777777778 0.005729166666666666 0.011111111111111112
14 0.5083333333333333 0.513425925925926 0.009375 0.01574074074074074
13 0.4546875 0.5388888888888889 0.021875 0.03888888888888889
8 0.534375 0.5310185185185186 0.005208333333333333 0.013888888888888888
1 0.5484375 0.5518518518518518 0.022916666666666665 0.053703703703703705
13 0.5890625 0.5296296296296297 0.042708333333333334 0.07407407407407407
4 0.6575520833333334 0.5648148148148148 0.04635416666666667 0.05740740740740741
6 0.5700520833333333 0.5583333333333333 0.008854166666666666 0.03148148148148148
8 0.5708333333333333 0.55 0.011458333333333333 0.03888888888888889
8 0.6244791666666667 0.5666666666666667 0.020833333333333332 0.06481481481481481
6 0.6252604166666667 0.5824074074074074 0.022395833333333334 0.06481481481481481
4 0.509375 0.5930555555555556 0.06875 0.15092592592592594
6 0.69921875 0.6106481481481482 0.030729166666666665 0.07685185185185185
8 0.6984375 0.5837962962962963 0.029166666666666667 0.11018518518518519
4 0.8049479166666667 0.6731481481481482 0.2265625 0.2814814814814815
10 0.3385416666666667 0.49583333333333335 0.05416666666666667 0.08055555555555556
13 0.93046875 0.5564814814814815 0.1359375 0.42962962962962964