4 0.5276041666666667 0.5259259259259259 0.019791666666666666 0.02962962962962963
4 0.54296875 0.5277777777777778 0.016145833333333335 0.027777777777777776
1 0.5708333333333333 0.5375 0.007291666666666667 0.019444444444444445
4 0.5888020833333333 0.5337962962962963 0.008854166666666666 0.012037037037037037
14 0.6044270833333333 0.5402777777777777 0.0078125 0.012037037037037037
14 0.6065104166666667 0.5310185185185186 0.0078125 0.013888888888888888
13 0.6166666666666667 0.5361111111111111 0.016666666666666666 0.024074074074074074
3 0.653125 0.5421296296296296 0.06354166666666666 0.06388888888888888
4 0.5690104166666666 0.5708333333333333 0.03802083333333333 0.05462962962962963
4 0.6169270833333333 0.5953703703703703 0.07552083333333333 0.1037037037037037
6 0.5963541666666666 0.6268518518518519 0.035416666666666666 0.0962962962962963
8 0.58671875 0.5930555555555556 0.018229166666666668 0.10462962962962963
8 0.5979166666666667 0.5972222222222222 0.029166666666666667 0.12407407407407407
4 0.8088541666666667 0.6606481481481481 0.2708333333333333 0.3453703703703704
6 0.95234375 0.600925925925926 0.027604166666666666 0.04814814814814815
8 0.9380208333333333 0.5856481481481481 0.011458333333333333 0.05092592592592592
8 0.94765625 0.5861111111111111 0.018229166666666668 0.06111111111111111
14 0.9786458333333333 0.55 0.027083333333333334 0.024074074074074074
4 0.98046875 0.5689814814814815 0.0234375 0.028703703703703703
4 0.9783854166666667 0.5814814814814815 0.0265625 0.05185185185185185
3 0.37604166666666666 0.5226851851851851 0.27708333333333335 0.47685185185185186
6 0.5145833333333333 0.5481481481481482 0.00625 0.03148148148148148
6 0.22630208333333332 0.5375 0.011979166666666667 0.019444444444444445
6 0.23203125 0.537962962962963 0.011979166666666667 0.014814814814814815
4 0.18828125 0.5481481481481482 0.07135416666666666 0.07037037037037037
4 0.20833333333333334 0.6027777777777777 0.06145833333333333 0.12037037037037036
7 0.19036458333333334 0.5467592592592593 0.0171875 0.04351851851851852
7 0.17630208333333333 0.5884259259259259 0.030729166666666665 0.12129629629629629
4 0.12369791666666667 0.525 0.0328125 0.044444444444444446
4 0.13958333333333334 0.5351851851851852 0.07083333333333333 0.05740740740740741
6 0.096875 0.5606481481481481 0.030208333333333334 0.030555555555555555
6 0.12057291666666667 0.5680555555555555 0.0203125 0.062037037037037036
6 0.14036458333333332 0.5625 0.028645833333333332 0.075
6 0.16328125 0.575 0.027604166666666666 0.06111111111111111
14 0.0453125 0.6212962962962963 0.090625 0.21666666666666667
6 0.0875 0.7453703703703703 0.11666666666666667 0.2111111111111111
6 0.0578125 0.8560185185185185 0.08229166666666667 0.2861111111111111
8 0.0953125 0.6935185185185185 0.08229166666666667 0.2722222222222222
8 0.03515625 0.8462962962962963 0.0703125 0.3055555555555556
4 0.9921875 0.5777777777777777 0.0125 0.044444444444444446
7 0.09895833333333333 0.5101851851851852 0.008333333333333333 0.016666666666666666