14 0.4979166666666667 0.5328703703703703 0.008333333333333333 0.010185185185185186
13 0.5098958333333333 0.5324074074074074 0.010416666666666666 0.018518518518518517
14 0.4825520833333333 0.5337962962962963 0.0067708333333333336 0.008333333333333333
14 0.49895833333333334 0.5388888888888889 0.007291666666666667 0.009259259259259259
14 0.49140625 0.5393518518518519 0.008854166666666666 0.010185185185185186
4 0.48359375 0.5439814814814815 0.009895833333333333 0.01574074074074074
14 0.49192708333333335 0.5458333333333333 0.008854166666666666 0.013888888888888888
4 0.48463541666666665 0.5583333333333333 0.0140625 0.022222222222222223
4 0.5078125 0.549074074074074 0.023958333333333335 0.018518518518518517
1 0.540625 0.5685185185185185 0.03854166666666667 0.08333333333333333
3 0.4513020833333333 0.5273148148148148 0.05677083333333333 0.07314814814814814
4 0.4708333333333333 0.5726851851851852 0.030208333333333334 0.049074074074074076
4 0.509375 0.5939814814814814 0.05416666666666667 0.08425925925925926
3 0.6013020833333333 0.549537037037037 0.0078125 0.041666666666666664
4 0.6005208333333333 0.5625 0.008333333333333333 0.021296296296296296
6 0.6184895833333334 0.5703703703703704 0.008854166666666666 0.014814814814814815
8 0.6184895833333334 0.562962962962963 0.0067708333333333336 0.020370370370370372
4 0.6229166666666667 0.5611111111111111 0.030208333333333334 0.025925925925925925
7 0.6377604166666667 0.5625 0.0046875 0.021296296296296296
4 0.7458333333333333 0.587037037037037 0.04895833333333333 0.07222222222222222
7 0.7536458333333333 0.5699074074074074 0.004166666666666667 0.01574074074074074
6 0.7854166666666667 0.6032407407407407 0.019791666666666666 0.04351851851851852
8 0.7861979166666667 0.5875 0.011979166666666667 0.05277777777777778
1 0.8052083333333333 0.5856481481481481 0.028125 0.06018518518518518
6 0.8861979166666667 0.6277777777777778 0.05572916666666667 0.07222222222222222
8 0.8708333333333333 0.6041666666666666 0.021875 0.09166666666666666
8 0.8830729166666667 0.6046296296296296 0.030729166666666665 0.0962962962962963
3 0.9075520833333334 0.5689814814814815 0.1828125 0.2324074074074074
1 0.4200520833333333 0.5578703703703703 0.021354166666666667 0.032407407407407406
4 0.3875 0.5481481481481482 0.010416666666666666 0.018518518518518517
4 0.3809895833333333 0.5569444444444445 0.0140625 0.026851851851851852
7 0.3802083333333333 0.5546296296296296 0.007291666666666667 0.025925925925925925
7 0.37135416666666665 0.5550925925925926 0.008333333333333333 0.030555555555555555
7 0.371875 0.5592592592592592 0.010416666666666666 0.027777777777777776
6 0.40572916666666664 0.5648148148148148 0.008333333333333333 0.012962962962962963
8 0.40520833333333334 0.5560185185185185 0.010416666666666666 0.028703703703703703
1 0.39609375 0.5541666666666667 0.0171875 0.03425925925925926
4 0.33255208333333336 0.5518518518518518 0.0140625 0.022222222222222223
4 0.34817708333333336 0.5569444444444445 0.027604166666666666 0.03796296296296296
4 0.4375 0.5898148148148148 0.052083333333333336 0.07222222222222222
1 0.3106770833333333 0.5657407407407408 0.024479166666666666 0.06296296296296296
8 0.3255208333333333 0.5601851851851852 0.022916666666666665 0.03518518518518519
7 0.29583333333333334 0.538425925925926 0.005208333333333333 0.010185185185185186
7 0.2890625 0.5560185185185185 0.008333333333333333 0.041666666666666664
7 0.28463541666666664 0.5574074074074075 0.0078125 0.040740740740740744
7 0.2794270833333333 0.5513888888888889 0.0067708333333333336 0.030555555555555555
7 0.2747395833333333 0.5402777777777777 0.005729166666666666 0.012037037037037037
7 0.2677083333333333 0.5402777777777777 0.005208333333333333 0.012037037037037037
7 0.2609375 0.537962962962963 0.007291666666666667 0.012962962962962963
7 0.2557291666666667 0.5388888888888889 0.00625 0.014814814814814815
7 0.2526041666666667 0.5398148148148149 0.005208333333333333 0.012962962962962963
4 0.2609375 0.5768518518518518 0.04791666666666667 0.06481481481481481
7 0.23463541666666668 0.5398148148148149 0.005729166666666666 0.014814814814814815
6 0.23723958333333334 0.6157407407407407 0.034895833333333334 0.07592592592592592
8 0.24322916666666666 0.5893518518518519 0.020833333333333332 0.09351851851851851
8 0.23098958333333333 0.5893518518518519 0.024479166666666666 0.10092592592592593
6 0.27682291666666664 0.6152777777777778 0.0390625 0.08981481481481482
8 0.278125 0.5902777777777778 0.03125 0.10092592592592593
7 0.19765625 0.5555555555555556 0.0140625 0.046296296296296294
7 0.16692708333333334 0.5398148148148149 0.009895833333333333 0.018518518518518517
7 0.14166666666666666 0.549537037037037 0.010416666666666666 0.05092592592592592
7 0.12890625 0.5458333333333333 0.009895833333333333 0.03981481481481482
4 0.07526041666666666 0.5916666666666667 0.10572916666666667 0.13148148148148148
6 0.007552083333333333 0.7777777777777778 0.015104166666666667 0.17037037037037037
6 0.16354166666666667 0.7486111111111111 0.11458333333333333 0.26944444444444443
8 0.17864583333333334 0.6759259259259259 0.07395833333333333 0.27037037037037037
8 0.13098958333333333 0.687037037037037 0.08385416666666666 0.2740740740740741
4 0.36796875 0.7162037037037037 0.19635416666666666 0.2972222222222222