4 0.03307291666666667 0.44305555555555554 0.06614583333333333 0.13240740740740742
4 0.09322916666666667 0.45046296296296295 0.13854166666666667 0.12685185185185185
4 0.43854166666666666 0.43472222222222223 0.05 0.05092592592592592
6 0.42630208333333336 0.44722222222222224 0.021354166666666667 0.03333333333333333
8 0.42604166666666665 0.4398148148148148 0.011458333333333333 0.044444444444444446
6 0.40234375 0.4486111111111111 0.0390625 0.05277777777777778
6 0.39479166666666665 0.46805555555555556 0.040625 0.05277777777777778
6 0.3971354166666667 0.4476851851851852 0.0328125 0.017592592592592594
6 0.37890625 0.4736111111111111 0.044270833333333336 0.05648148148148148
6 0.36692708333333335 0.4773148148148148 0.05677083333333333 0.05092592592592592
6 0.3625 0.4898148148148148 0.059375 0.07222222222222222
6 0.3453125 0.48842592592592593 0.06458333333333334 0.0787037037037037
6 0.34140625 0.5046296296296297 0.0640625 0.08703703703703704
6 0.33697916666666666 0.5180555555555556 0.07083333333333333 0.09537037037037037
6 0.31979166666666664 0.5259259259259259 0.07604166666666666 0.10185185185185185
7 0.37552083333333336 0.42962962962962964 0.008333333333333333 0.03518518518518519
8 0.3953125 0.4300925925925926 0.009375 0.030555555555555555
8 0.38828125 0.44722222222222224 0.0109375 0.03148148148148148
6 0.45703125 0.45601851851851855 0.015104166666666667 0.05462962962962963
8 0.46041666666666664 0.4375 0.009375 0.028703703703703703
8 0.45755208333333336 0.44583333333333336 0.013020833333333334 0.05277777777777778
8 0.45026041666666666 0.4361111111111111 0.008854166666666666 0.037037037037037035
7 0.44114583333333335 0.42453703703703705 0.005208333333333333 0.01574074074074074
7 0.46588541666666666 0.4217592592592593 0.0078125 0.032407407407407406
13 0.48854166666666665 0.4337962962962963 0.03229166666666667 0.08055555555555556
13 0.5114583333333333 0.4310185185185185 0.020833333333333332 0.041666666666666664
8 0.5234375 0.4305555555555556 0.009375 0.03518518518518519
3 0.5440104166666667 0.4185185185185185 0.03177083333333333 0.05555555555555555
1 0.5796875 0.44907407407407407 0.04375 0.09814814814814815
7 0.5557291666666667 0.45925925925925926 0.008333333333333333 0.06111111111111111
7 0.5502604166666667 0.4597222222222222 0.0109375 0.075
7 0.5950520833333334 0.4615740740740741 0.016145833333333335 0.08796296296296297
6 0.5393229166666667 0.49212962962962964 0.024479166666666666 0.07314814814814814
8 0.53828125 0.47638888888888886 0.027604166666666666 0.09722222222222222
6 0.62109375 0.48703703703703705 0.0390625 0.053703703703703705
6 0.6377604166666667 0.4935185185185185 0.033854166666666664 0.05555555555555555
6 0.6635416666666667 0.5027777777777778 0.046875 0.06851851851851852
6 0.6807291666666667 0.5092592592592593 0.0625 0.08518518518518518
7 0.728125 0.47685185185185186 0.0125 0.06851851851851852
7 0.71875 0.4736111111111111 0.015625 0.06759259259259259
7 0.7796875 0.487962962962963 0.022916666666666665 0.11481481481481481
6 0.9122395833333333 0.5074074074074074 0.07135416666666666 0.09259259259259259
8 0.9283854166666666 0.46111111111111114 0.0171875 0.06111111111111111
7 0.99140625 0.46944444444444444 0.016145833333333335 0.046296296296296294
4 0.9158854166666667 0.6407407407407407 0.1671875 0.29814814814814816
6 0.5880208333333333 0.5342592592592592 0.04375 0.12222222222222222
8 0.5869791666666667 0.49907407407407406 0.036458333333333336 0.1388888888888889
6 0.4421875 0.4912037037037037 0.03333333333333333 0.09537037037037037
8 0.44036458333333334 0.47175925925925927 0.025520833333333333 0.09351851851851851
7 0.28984375 0.4513888888888889 0.015104166666666667 0.06944444444444445
4 0.5518229166666667 0.4337962962962963 0.018229166666666668 0.030555555555555555
8 0.3723958333333333 0.43194444444444446 0.007291666666666667 0.023148148148148147