4 0.3953125 0.5254629629629629 0.11875 0.058333333333333334
8 0.3104166666666667 0.5013888888888889 0.0125 0.03796296296296296
8 0.2911458333333333 0.5203703703703704 0.019791666666666666 0.04814814814814815
6 0.2825520833333333 0.5421296296296296 0.04010416666666667 0.06388888888888888
3 0.5684895833333333 0.45555555555555555 0.2328125 0.4722222222222222
1 0.7309895833333333 0.6791666666666667 0.2296875 0.42314814814814816
4 0.4627604166666667 0.7643518518518518 0.3494791666666667 0.4675925925925926
8 0.3190104166666667 0.5861111111111111 0.0578125 0.2
6 0.3065104166666667 0.7111111111111111 0.05260416666666667 0.14074074074074075
7 0.10755208333333334 0.5884259259259259 0.05677083333333333 0.2212962962962963
6 0.0328125 0.600462962962963 0.06458333333333334 0.15648148148148147
10 0.0734375 0.19305555555555556 0.14375 0.23981481481481481
1 0.2526041666666667 0.5356481481481481 0.013541666666666667 0.07314814814814814
10 0.31640625 0.4111111111111111 0.025520833333333333 0.04259259259259259
3 0.3528645833333333 0.49166666666666664 0.20364583333333333 0.14074074074074075
4 0.8677083333333333 0.75 0.2635416666666667 0.49444444444444446