8 0.02342529932326913 0.6671296296296296 0.04685059864653826 0.2601851851851852
6 0.024466423737636647 0.7138888888888889 0.048932847475273294 0.20185185185185187
6 0.04086413326392504 0.6111111111111112 0.06402915148360229 0.1111111111111111
8 0.045028630921395106 0.5745370370370371 0.03800104112441437 0.13796296296296295
6 0.1494013534617387 0.6402777777777777 0.052056220718375845 0.13796296296296295
8 0.15851119208745446 0.5787037037037037 0.03071317022384175 0.09814814814814815
8 0.14185320145757419 0.600925925925926 0.04737116085372202 0.1388888888888889
6 0.19000520562207185 0.6513888888888889 0.0739198334200937 0.15648148148148147
8 0.1965122332118688 0.6199074074074075 0.05465903175429464 0.19166666666666668
4 0.23841749089016137 0.587037037037037 0.06454971369078605 0.15185185185185185
6 0.273815720978657 0.6398148148148148 0.03331598125976054 0.09444444444444444
8 0.260801665799063 0.5856481481481481 0.024986985944820406 0.1361111111111111
13 0.3711608537220198 0.5287037037037037 0.2040603852160333 0.37962962962962965
4 0.4737116085372202 0.5537037037037037 0.024986985944820406 0.08518518518518518
13 0.44273815720978654 0.7407407407407407 0.11712649661634565 0.48703703703703705
4 0.6858407079646017 0.6013888888888889 0.05674128058302967 0.16018518518518518
4 0.8055700156168663 0.5814814814814815 0.05049453409682457 0.12222222222222222
8 0.8420093701197293 0.537962962962963 0.015096304008328995 0.018518518518518517
8 0.8214471629359709 0.5574074074074075 0.02394586153045289 0.07037037037037037
4 0.8969286829776159 0.6944444444444444 0.20510150963040083 0.31851851851851853
4 0.47553357626236337 0.5259259259259259 0.022384174908901613 0.05555555555555555