6 0.05755208333333333 0.5467592592592593 0.05260416666666667 0.0824074074074074
14 0.17630208333333333 0.5342592592592592 0.23385416666666667 0.17222222222222222
13 0.29973958333333334 0.5125 0.11614583333333334 0.0787037037037037
13 0.3927083333333333 0.5185185185185185 0.07604166666666666 0.14814814814814814
7 0.33541666666666664 0.575462962962963 0.022916666666666665 0.1175925925925926
13 0.4609375 0.5222222222222223 0.009375 0.018518518518518517
13 0.47291666666666665 0.5254629629629629 0.014583333333333334 0.025
6 0.44921875 0.5333333333333333 0.005729166666666666 0.018518518518518517
8 0.4484375 0.5282407407407408 0.008333333333333333 0.026851851851851852
7 0.48541666666666666 0.5287037037037037 0.007291666666666667 0.025925925925925925
6 0.49635416666666665 0.5416666666666666 0.009375 0.022222222222222223
8 0.49583333333333335 0.5314814814814814 0.008333333333333333 0.025925925925925925
4 0.51484375 0.5138888888888888 0.005729166666666666 0.007407407407407408
4 0.515625 0.5212962962962963 0.00625 0.009259259259259259
6 0.5244791666666667 0.5361111111111111 0.00625 0.018518518518518517
8 0.5239583333333333 0.5291666666666667 0.007291666666666667 0.025
6 0.5104166666666666 0.5324074074074074 0.005208333333333333 0.012962962962962963
8 0.5104166666666666 0.5259259259259259 0.005208333333333333 0.018518518518518517
6 0.5026041666666666 0.5296296296296297 0.004166666666666667 0.011111111111111112
8 0.5026041666666666 0.5231481481481481 0.00625 0.016666666666666666
6 0.4901041666666667 0.524537037037037 0.003125 0.006481481481481481
8 0.4908854166666667 0.5208333333333334 0.0026041666666666665 0.012037037037037037
7 0.4796875 0.5282407407407408 0.005208333333333333 0.025
4 0.5359375 0.5277777777777778 0.013541666666666667 0.024074074074074074
4 0.5236979166666667 0.5101851851851852 0.0067708333333333336 0.009259259259259259
4 0.5096354166666667 0.5087962962962963 0.0046875 0.006481481481481481
4 0.5171875 0.5097222222222222 0.008333333333333333 0.004629629629629629
13 0.58046875 0.5175925925925926 0.011979166666666667 0.020370370370370372
13 0.6015625 0.5106481481481482 0.025 0.03796296296296296
4 0.6036458333333333 0.5324074074074074 0.016666666666666666 0.025925925925925925
1 0.6302083333333334 0.5361111111111111 0.021875 0.046296296296296294
4 0.65859375 0.5416666666666666 0.03697916666666667 0.05740740740740741
6 0.02578125 0.5458333333333333 0.0515625 0.07685185185185185