7 0.91827173347215 0.6569444444444444 0.038521603331598125 0.23796296296296296
7 0.9021343050494534 0.6458333333333334 0.05622071837584591 0.2916666666666667
7 0.8240499739718896 0.5365740740740741 0.02394586153045289 0.09907407407407408
7 0.8086933888599688 0.5472222222222223 0.015096304008328995 0.07777777777777778
7 0.8001041124414368 0.525 0.015616866215512754 0.040740740740740744
7 0.7850078084331078 0.5300925925925926 0.014575741801145237 0.03425925925925926
7 0.7719937532535138 0.5402777777777777 0.015616866215512754 0.09907407407407408
14 0.7462259239979178 0.537962962962963 0.061946902654867256 0.12407407407407407
1 0.6215512753774076 0.5449074074074074 0.04372722540343571 0.07314814814814814
1 0.5343571056741281 0.5425925925925926 0.034877667881311816 0.07037037037037037
6 0.38547631441957314 0.537962962962963 0.03591879229567933 0.044444444444444446
6 0.4297241020301926 0.5509259259259259 0.031754294638209266 0.044444444444444446
6 0.46017699115044247 0.5685185185185185 0.017699115044247787 0.044444444444444446
8 0.4596564289432587 0.5467592592592593 0.01353461738677772 0.04537037037037037
4 0.484903695991671 0.5319444444444444 0.03279541905257678 0.04722222222222222
7 0.4573138990109318 0.5162037037037037 0.00676730869338886 0.025
8 0.46330036439354505 0.5208333333333334 0.007287870900572618 0.025
4 0.46928682977615827 0.5236111111111111 0.011972930765226444 0.032407407407407406
4 0.5963040083289953 0.5902777777777778 0.11087975013014055 0.14351851851851852
14 0.5132743362831859 0.5106481481481482 0.007287870900572618 0.013888888888888888
13 0.4823008849557522 0.49907407407407406 0.014055179593961478 0.016666666666666666