7 0.26002082248828734 0.5680555555555555 0.024466423737636647 0.13240740740740742
6 0.2993232691306611 0.7217592592592592 0.08849557522123894 0.2657407407407407
8 0.2946382092660073 0.6712962962962963 0.07600208224882873 0.24814814814814815
6 0.3682977615825091 0.6185185185185185 0.039042165538781884 0.12962962962962962
8 0.3669963560645497 0.5990740740740741 0.03643935450286309 0.12962962962962962
8 0.39770952628839146 0.5388888888888889 0.010411244143675169 0.03148148148148148
8 0.3925039042165539 0.5689814814814815 0.02394586153045289 0.07314814814814814
14 0.43519000520562207 0.524537037037037 0.015616866215512754 0.017592592592592594
14 0.41957313899010934 0.5217592592592593 0.01978136387298282 0.012037037037037037
14 0.4422175950026028 0.5296296296296297 0.02030192608016658 0.016666666666666666
4 0.418011452368558 0.5296296296296297 0.028110359187922956 0.014814814814814815
14 0.4534096824570536 0.5356481481481481 0.020822488287350338 0.013888888888888888
14 0.4341488807912546 0.5337962962962963 0.01978136387298282 0.01574074074074074
4 0.439614783966684 0.549537037037037 0.0827693909422176 0.041666666666666664
4 0.4812597605413847 0.5513888888888889 0.0338365434669443 0.026851851851851852
8 0.49921915668922434 0.5462962962962963 0.02394586153045289 0.03888888888888889
6 0.4937532535137949 0.5564814814814815 0.016137428422696512 0.018518518518518517
4 0.5645497136907861 0.5523148148148148 0.0338365434669443 0.03796296296296296
1 0.601249349297241 0.5527777777777778 0.04060385216033316 0.04814814814814815
7 0.584070796460177 0.5657407407407408 0.010411244143675169 0.053703703703703705
7 0.6038521603331598 0.5532407407407407 0.014575741801145237 0.03981481481481482
7 0.5923997917751171 0.5587962962962963 0.008328995314940135 0.04722222222222222
7 0.6251952108276939 0.5555555555555556 0.012493492972410203 0.037037037037037035
7 0.6158250910983862 0.5527777777777778 0.009370119729307652 0.03518518518518519
7 0.6043727225403436 0.5523148148148148 0.015616866215512754 0.04537037037037037
4 0.5395627277459657 0.5930555555555556 0.07964601769911504 0.11203703703703703
4 0.4599167100468506 0.7106481481481481 0.20041644976574702 0.3101851851851852
4 0.6764705882352942 0.7 0.24622592399791776 0.29259259259259257
6 0.9672045809474232 0.8388888888888889 0.062467464862051014 0.31851851851851853
8 0.9836022904737116 0.7694444444444445 0.029672045809474232 0.04259259259259259