13 0.4812597605413847 0.5208333333333334 0.013014055179593961 0.026851851851851852
6 0.4737116085372202 0.5310185185185186 0.004164497657470068 0.012037037037037037
8 0.47345132743362833 0.524074074074074 0.005726184279021343 0.016666666666666666
4 0.484903695991671 0.5273148148148148 0.011972930765226444 0.021296296296296296
13 0.5041644976574701 0.5162037037037037 0.027589796980739198 0.05092592592592592
4 0.5013014055179594 0.5328703703703703 0.024986985944820406 0.041666666666666664
14 0.5343571056741281 0.5231481481481481 0.013014055179593961 0.016666666666666666
6 0.5692347735554398 0.5342592592592592 0.00676730869338886 0.014814814814814815
6 0.5744403956272774 0.5356481481481481 0.005726184279021343 0.019444444444444445
8 0.5700156168662155 0.5296296296296297 0.0052056220718375845 0.018518518518518517
4 0.5916189484643415 0.5305555555555556 0.011972930765226444 0.018518518518518517
8 0.5744403956272774 0.5319444444444444 0.00676730869338886 0.019444444444444445
6 0.5965642894325872 0.5398148148148149 0.008328995314940135 0.024074074074074074
8 0.5960437272254034 0.5333333333333333 0.0052056220718375845 0.025925925925925925
13 0.6304008328995315 0.513425925925926 0.06454971369078605 0.10833333333333334
6 0.6652785007808433 0.5393518518518519 0.007287870900572618 0.021296296296296296
6 0.683237896928683 0.5421296296296296 0.014055179593961478 0.023148148148148147
6 0.6723060905778241 0.5555555555555556 0.014055179593961478 0.03518518518518519
8 0.6720458094742322 0.5421296296296296 0.011452368558042686 0.04351851851851852
14 0.7831858407079646 0.5236111111111111 0.011972930765226444 0.049074074074074076
13 0.7444039562727746 0.5666666666666667 0.09474232170744404 0.1962962962962963
7 0.969807391983342 0.7351851851851852 0.059344091618948464 0.43703703703703706
7 0.9146277980218636 0.725462962962963 0.08224882873503384 0.38055555555555554
7 0.6475793857365956 0.5962962962962963 0.032274856845393024 0.14629629629629629
7 0.715512753774076 0.7203703703703703 0.09422175950026028 0.38333333333333336
4 0.4586153045288912 0.5277777777777778 0.017699115044247787 0.027777777777777776
1 0.4432587194169703 0.5259259259259259 0.015096304008328995 0.03333333333333333
7 0.4372722540343571 0.5337962962962963 0.008328995314940135 0.03981481481481482
6 0.36413326392503903 0.6342592592592593 0.04945340968245705 0.12777777777777777
8 0.3646538261322228 0.600462962962963 0.042165538781884435 0.13796296296296295
4 0.11608537220197813 0.5152777777777777 0.01353461738677772 0.013888888888888888
14 0.3344612181155648 0.5388888888888889 0.05986465382613222 0.09444444444444444