13 0.4161894846434149 0.512962962962963 0.015096304008328995 0.03148148148148148
13 0.39744924518479957 0.5175925925925926 0.015096304008328995 0.03333333333333333
4 0.409422175950026 0.524537037037037 0.014055179593961478 0.023148148148148147
1 0.38859968766267566 0.5208333333333334 0.007808433107756377 0.01574074074074074
3 0.3651743883394066 0.5175925925925926 0.022384174908901613 0.03888888888888889
6 0.38547631441957314 0.5282407407407408 0.004685059864653826 0.013888888888888888
8 0.38521603331598125 0.5217592592592593 0.0052056220718375845 0.017592592592592594
6 0.37298282144716294 0.5347222222222222 0.00989068193649141 0.023148148148148147
8 0.3722019781363873 0.5273148148148148 0.008328995314940135 0.026851851851851852
4 0.41644976574700676 0.5787037037037037 0.10723581467985424 0.09814814814814815
4 0.5460697553357626 0.6287037037037037 0.18948464341488808 0.20925925925925926
6 0.7579385736595523 0.5675925925925925 0.03748047891723061 0.044444444444444446
6 0.9128058302967205 0.6046296296296296 0.03800104112441437 0.053703703703703705
6 0.8979698073919833 0.612037037037037 0.048932847475273294 0.05555555555555555
14 0.5143154606975534 0.524074074074074 0.02706923477355544 0.014814814814814815
6 0.418011452368558 0.6222222222222222 0.08328995314940135 0.1037037037037037
8 0.424518479958355 0.600462962962963 0.04112441436751692 0.15462962962962962
4 0.31910463300364394 0.5268518518518519 0.03435710567412806 0.03333333333333333
4 0.23529411764705882 0.5314814814814814 0.02706923477355544 0.020370370370370372
1 0.18636127017178553 0.5393518518518519 0.04372722540343571 0.05092592592592592
10 0.19234773555439874 0.4597222222222222 0.016137428422696512 0.028703703703703703
7 0.25663716814159293 0.5263888888888889 0.009370119729307652 0.021296296296296296
6 0.9921915668922436 0.6125 0.014575741801145237 0.0712962962962963
4 0.25871941697032796 0.7421296296296296 0.275897969807392 0.44537037037037036
3 0.08042686100989069 0.5171296296296296 0.16085372201978138 0.49537037037037035
6 0.09239979177511713 0.8416666666666667 0.18479958355023426 0.3148148148148148
8 0.0965642894325872 0.7611111111111111 0.15356585111920876 0.4759259259259259
8 0.05830296720458095 0.7407407407407407 0.1166059344091619 0.5166666666666667