3 0.3927083333333333 0.5342592592592592 0.020833333333333332 0.025925925925925925
13 0.42473958333333334 0.5282407407407408 0.05572916666666667 0.04351851851851852
4 0.36640625 0.5337962962962963 0.025520833333333333 0.021296296296296296
3 0.33359375 0.5217592592592593 0.009895833333333333 0.04537037037037037
4 0.36380208333333336 0.5444444444444444 0.0203125 0.009259259259259259
4 0.4075520833333333 0.5527777777777778 0.0203125 0.020370370370370372
4 0.42604166666666665 0.5532407407407407 0.007291666666666667 0.017592592592592594
4 0.43723958333333335 0.5509259259259259 0.013020833333333334 0.03148148148148148
8 0.4205729166666667 0.5546296296296296 0.005729166666666666 0.014814814814814815
8 0.42604166666666665 0.5560185185185185 0.008333333333333333 0.013888888888888888
1 0.46171875 0.55 0.03697916666666667 0.027777777777777776
8 0.44192708333333336 0.5550925925925926 0.0067708333333333336 0.021296296296296296
4 0.5171875 0.5472222222222223 0.009375 0.009259259259259259
4 0.53671875 0.5550925925925926 0.028645833333333332 0.021296296296296296
4 0.5338541666666666 0.6055555555555555 0.04479166666666667 0.11296296296296296
7 0.50546875 0.5398148148148149 0.011979166666666667 0.024074074074074074
8 0.5536458333333333 0.5587962962962963 0.016666666666666666 0.041666666666666664
1 0.6184895833333334 0.6189814814814815 0.09322916666666667 0.21574074074074073
3 0.7908854166666667 0.5458333333333333 0.024479166666666666 0.032407407407407406
4 0.8463541666666666 0.5898148148148148 0.06041666666666667 0.07222222222222222
4 0.8270833333333333 0.6486111111111111 0.07708333333333334 0.19166666666666668
14 0.9223958333333333 0.5763888888888888 0.03958333333333333 0.041666666666666664
6 0.8822916666666667 0.6486111111111111 0.053125 0.09351851851851851
8 0.87109375 0.5953703703703703 0.0265625 0.09814814814814815
8 0.8822916666666667 0.624537037037037 0.036458333333333336 0.14537037037037037
4 0.915625 0.7796296296296297 0.165625 0.42592592592592593
1 0.7221354166666667 0.6763888888888889 0.14322916666666666 0.32685185185185184
8 0.5729166666666666 0.6550925925925926 0.06354166666666666 0.25833333333333336
6 0.5705729166666667 0.7097222222222223 0.06197916666666667 0.175
4 0.49270833333333336 0.6425925925925926 0.09583333333333334 0.18888888888888888
4 0.3875 0.562037037037037 0.040625 0.037037037037037035
3 0.26979166666666665 0.5217592592592593 0.11979166666666667 0.15833333333333333
4 0.33671875 0.5745370370370371 0.0859375 0.06018518518518518
3 0.10963541666666667 0.5407407407407407 0.21927083333333333 0.3351851851851852
4 0.17421875 0.6148148148148148 0.23177083333333334 0.26296296296296295
6 0.08359375 0.7981481481481482 0.12864583333333332 0.2722222222222222
8 0.1109375 0.6527777777777778 0.057291666666666664 0.18518518518518517
4 0.4432291666666667 0.7078703703703704 0.16979166666666667 0.30092592592592593
4 0.28984375 0.8004629629629629 0.44947916666666665 0.3972222222222222
8 0.9109375 0.5842592592592593 0.014583333333333334 0.02962962962962963