6 0.76640625 0.5615740740740741 0.0140625 0.049074074074074076
7 0.7315104166666667 0.5703703703703704 0.025520833333333333 0.10185185185185185
7 0.6979166666666666 0.5689814814814815 0.023958333333333335 0.09907407407407408
7 0.5489583333333333 0.5412037037037037 0.008333333333333333 0.023148148148148147
4 0.5848958333333333 0.600925925925926 0.10625 0.14629629629629629
4 0.4265625 0.5773148148148148 0.08958333333333333 0.09907407407407408
6 0.29635416666666664 0.5833333333333334 0.029166666666666667 0.05740740740740741
8 0.3 0.5513888888888889 0.01875 0.08611111111111111
6 0.34036458333333336 0.6018518518518519 0.0265625 0.06296296296296296
8 0.3450520833333333 0.5648148148148148 0.027604166666666666 0.09444444444444444
2 0.3203125 0.6615740740740741 0.03958333333333333 0.15462962962962962
0 0.2986979166666667 0.6472222222222223 0.033854166666666664 0.040740740740740744
7 0.3190104166666667 0.5606481481481481 0.028645833333333332 0.14166666666666666
6 0.43333333333333335 0.6240740740740741 0.046875 0.14074074074074075
8 0.4317708333333333 0.5231481481481481 0.016666666666666666 0.03148148148148148
8 0.4309895833333333 0.5828703703703704 0.0453125 0.14351851851851852
6 0.37578125 0.7032407407407407 0.0734375 0.22685185185185186
8 0.3765625 0.6319444444444444 0.065625 0.22870370370370371
6 0.48098958333333336 0.6611111111111111 0.06197916666666667 0.1962962962962963
8 0.49270833333333336 0.5787037037037037 0.027083333333333334 0.1111111111111111
8 0.4752604166666667 0.6083333333333333 0.06822916666666666 0.2037037037037037
6 0.025 0.6824074074074075 0.05 0.13333333333333333