6 0.16588541666666667 0.5680555555555555 0.0765625 0.15462962962962962
4 0.21328125 0.5555555555555556 0.09947916666666666 0.14814814814814814
6 0.27734375 0.5351851851851852 0.04114583333333333 0.05925925925925926
2 0.36328125 0.5504629629629629 0.04010416666666667 0.05277777777777778
8 0.3653645833333333 0.5282407407407408 0.0203125 0.06759259259259259
1 0.42942708333333335 0.5222222222222223 0.018229166666666668 0.04814814814814815
1 0.4440104166666667 0.5152777777777777 0.013020833333333334 0.030555555555555555
1 0.4552083333333333 0.5171296296296296 0.013541666666666667 0.03425925925925926
1 0.475 0.5171296296296296 0.03958333333333333 0.03611111111111111
6 0.44114583333333335 0.5351851851851852 0.014583333333333334 0.03333333333333333
8 0.4388020833333333 0.5166666666666667 0.009895833333333333 0.027777777777777776
8 0.4390625 0.525 0.013541666666666667 0.03888888888888889
6 0.421875 0.5532407407407407 0.020833333333333332 0.05462962962962963
8 0.421875 0.5375 0.019791666666666666 0.062037037037037036
7 0.5567708333333333 0.5226851851851851 0.011458333333333333 0.05277777777777778
10 0.6932291666666667 0.462037037037037 0.016666666666666666 0.025925925925925925
7 0.50078125 0.5111111111111111 0.005729166666666666 0.025925925925925925
7 0.34427083333333336 0.5662037037037037 0.020833333333333332 0.11574074074074074
7 0.32447916666666665 0.5731481481481482 0.028125 0.15185185185185185
4 0.47421875 0.5884259259259259 0.0890625 0.13796296296296295
6 0.5875 0.5652777777777778 0.027083333333333334 0.07314814814814814
8 0.5888020833333333 0.5476851851851852 0.024479166666666666 0.0787037037037037
6 0.1359375 0.5717592592592593 0.11041666666666666 0.16574074074074074