7 0.45078125 0.5736111111111111 0.025520833333333333 0.08611111111111111
7 0.46015625 0.5648148148148148 0.0078125 0.020370370370370372
6 0.48203125 0.5532407407407407 0.0109375 0.03425925925925926
6 0.47578125 0.5564814814814815 0.0109375 0.03148148148148148
7 0.48541666666666666 0.5467592592592593 0.005208333333333333 0.032407407407407406
7 0.4903645833333333 0.549537037037037 0.009895833333333333 0.041666666666666664
8 0.496875 0.5449074074074074 0.005208333333333333 0.028703703703703703
8 0.49765625 0.5449074074074074 0.0067708333333333336 0.026851851851851852
4 0.5145833333333333 0.5537037037037037 0.0375 0.053703703703703705
6 0.53515625 0.5527777777777778 0.0067708333333333336 0.018518518518518517
8 0.5348958333333333 0.5449074074074074 0.008333333333333333 0.026851851851851852
6 0.54609375 0.5587962962962963 0.0067708333333333336 0.025
8 0.546875 0.5472222222222223 0.009375 0.037037037037037035
6 0.5536458333333333 0.562037037037037 0.0125 0.037037037037037035
8 0.553125 0.5509259259259259 0.011458333333333333 0.040740740740740744
4 0.5677083333333334 0.5388888888888889 0.026041666666666668 0.014814814814814815
6 0.5638020833333334 0.5574074074074075 0.011979166666666667 0.016666666666666666
8 0.5677083333333334 0.549537037037037 0.005208333333333333 0.032407407407407406
8 0.5622395833333333 0.5416666666666666 0.0078125 0.020370370370370372
6 0.5747395833333333 0.5666666666666667 0.018229166666666668 0.05
8 0.5744791666666667 0.5546296296296296 0.01875 0.053703703703703705
4 0.5911458333333334 0.5527777777777778 0.025 0.03888888888888889
6 0.6135416666666667 0.5634259259259259 0.019791666666666666 0.03425925925925926
6 0.6674479166666667 0.5773148148148148 0.03177083333333333 0.05277777777777778
7 0.6690104166666667 0.5449074074074074 0.009895833333333333 0.03796296296296296