4 0.48333333333333334 0.5222222222222223 0.010416666666666666 0.020370370370370372
3 0.4484375 0.5046296296296297 0.0125 0.011111111111111112
1 0.4283854166666667 0.5203703703703704 0.011979166666666667 0.011111111111111112
3 0.4473958333333333 0.5199074074074074 0.0125 0.026851851851851852
3 0.46536458333333336 0.5152777777777777 0.0265625 0.049074074074074076
7 0.4236979166666667 0.5305555555555556 0.0067708333333333336 0.027777777777777776
7 0.41354166666666664 0.5402777777777777 0.010416666666666666 0.05277777777777778
14 0.43984375 0.5277777777777778 0.008854166666666666 0.018518518518518517
8 0.4322916666666667 0.5291666666666667 0.010416666666666666 0.017592592592592594
8 0.47213541666666664 0.5273148148148148 0.0140625 0.026851851851851852
7 0.51484375 0.5171296296296296 0.008854166666666666 0.026851851851851852
7 0.5083333333333333 0.5287037037037037 0.009375 0.040740740740740744
3 0.59140625 0.4912037037037037 0.0140625 0.023148148148148147
7 0.5197916666666667 0.5481481481481482 0.017708333333333333 0.07592592592592592
4 0.45651041666666664 0.6106481481481482 0.10052083333333334 0.15648148148148147
13 0.23776041666666667 0.5472222222222223 0.09114583333333333 0.17407407407407408
7 0.1671875 0.6106481481481482 0.03958333333333333 0.16203703703703703
4 0.5747395833333333 0.5120370370370371 0.0067708333333333336 0.02962962962962963
4 0.5893229166666667 0.5064814814814815 0.0067708333333333336 0.014814814814814815
1 0.6015625 0.5009259259259259 0.016666666666666666 0.016666666666666666
4 0.603125 0.5273148148148148 0.017708333333333333 0.05092592592592592
13 0.6486979166666667 0.4722222222222222 0.05364583333333333 0.07037037037037037
4 0.6354166666666666 0.5125 0.035416666666666666 0.019444444444444445
6 0.5955729166666667 0.5467592592592593 0.0109375 0.021296296296296296
8 0.5942708333333333 0.5268518518518519 0.015625 0.04259259259259259
14 0.6828125 0.4847222222222222 0.015625 0.021296296296296296
4 0.6893229166666667 0.4888888888888889 0.022395833333333334 0.018518518518518517
4 0.6786458333333333 0.5041666666666667 0.023958333333333335 0.023148148148148147
4 0.7208333333333333 0.5208333333333334 0.06770833333333333 0.08796296296296297
6 0.6286458333333333 0.5486111111111112 0.013541666666666667 0.03611111111111111
8 0.6296875 0.525 0.016666666666666666 0.05185185185185185
8 0.6395833333333333 0.524537037037037 0.011458333333333333 0.04351851851851852
8 0.6421875 0.538425925925926 0.019791666666666666 0.06944444444444445
4 0.7109375 0.5444444444444444 0.08020833333333334 0.1
6 0.6497395833333334 0.5504629629629629 0.018229166666666668 0.05277777777777778
8 0.6510416666666666 0.5402777777777777 0.0125 0.06018518518518518
13 0.78671875 0.4648148148148148 0.10364583333333334 0.15555555555555556
4 0.8986979166666667 0.47175925925925927 0.0859375 0.03425925925925926
4 0.8736979166666666 0.4824074074074074 0.06927083333333334 0.027777777777777776
4 0.8098958333333334 0.5435185185185185 0.11458333333333333 0.12777777777777777
4 0.9713541666666666 0.47638888888888886 0.05625 0.05277777777777778
4 0.88984375 0.5777777777777777 0.13385416666666666 0.21666666666666667
4 0.9536458333333333 0.6365740740740741 0.03125 0.14166666666666666
7 0.40625 0.5421296296296296 0.014583333333333334 0.058333333333333334
14 0.9247395833333333 0.44814814814814813 0.050520833333333334 0.06111111111111111