7 0.027083333333333334 0.6101851851851852 0.020833333333333332 0.08888888888888889
4 0.25859375 0.5231481481481481 0.0390625 0.040740740740740744
4 0.28880208333333335 0.5032407407407408 0.021354166666666667 0.03796296296296296
4 0.3 0.5296296296296297 0.03125 0.040740740740740744
4 0.309375 0.537962962962963 0.040625 0.04259259259259259
4 0.3145833333333333 0.5125 0.022916666666666665 0.01574074074074074
4 0.3255208333333333 0.5217592592592593 0.019791666666666666 0.013888888888888888
4 0.31692708333333336 0.4949074074074074 0.018229166666666668 0.021296296296296296
4 0.33567708333333335 0.5106481481481482 0.030729166666666665 0.032407407407407406
4 0.33619791666666665 0.49212962962962964 0.018229166666666668 0.023148148148148147
4 0.38671875 0.4930555555555556 0.0171875 0.026851851851851852
4 0.3953125 0.49212962962962964 0.0125 0.028703703703703703
6 0.42578125 0.525 0.008854166666666666 0.020370370370370372
8 0.4244791666666667 0.5115740740740741 0.009375 0.026851851851851852
4 0.44817708333333334 0.5138888888888888 0.025520833333333333 0.03518518518518519
4 0.465625 0.49398148148148147 0.013541666666666667 0.028703703703703703
4 0.47578125 0.4962962962962963 0.016145833333333335 0.024074074074074074
4 0.521875 0.487962962962963 0.007291666666666667 0.020370370370370372
4 0.5171875 0.49537037037037035 0.020833333333333332 0.018518518518518517
4 0.49765625 0.5041666666666667 0.018229166666666668 0.025
6 0.49557291666666664 0.5111111111111111 0.0067708333333333336 0.018518518518518517
8 0.49609375 0.5055555555555555 0.0078125 0.022222222222222223
8 0.4947916666666667 0.5208333333333334 0.010416666666666666 0.028703703703703703
6 0.49661458333333336 0.5337962962962963 0.0067708333333333336 0.03425925925925926
6 0.4861979166666667 0.5587962962962963 0.0171875 0.04537037037037037
8 0.4859375 0.5398148148148149 0.020833333333333332 0.05925925925925926
4 0.5229166666666667 0.5550925925925926 0.057291666666666664 0.10833333333333334
3 0.5546875 0.48935185185185187 0.019791666666666666 0.028703703703703703
4 0.5677083333333334 0.4981481481481482 0.015625 0.03333333333333333
4 0.5854166666666667 0.4981481481481482 0.014583333333333334 0.020370370370370372
4 0.5986979166666667 0.5032407407407408 0.018229166666666668 0.026851851851851852
1 0.61171875 0.5092592592592593 0.0171875 0.03518518518518519
6 0.6239583333333333 0.5166666666666667 0.009375 0.016666666666666666
8 0.6234375 0.5055555555555555 0.010416666666666666 0.018518518518518517
1 0.5541666666666667 0.5083333333333333 0.019791666666666666 0.04259259259259259
4 0.5778645833333333 0.5083333333333333 0.016145833333333335 0.027777777777777776
4 0.5963541666666666 0.5273148148148148 0.027083333333333334 0.05092592592592592
4 0.5768229166666666 0.5370370370370371 0.030729166666666665 0.04259259259259259
7 0.6572916666666667 0.5208333333333334 0.009375 0.023148148148148147
8 0.6388020833333333 0.5254629629629629 0.008854166666666666 0.013888888888888888
4 0.62734375 0.5662037037037037 0.059895833333333336 0.08055555555555556
4 0.7223958333333333 0.6097222222222223 0.12291666666666666 0.15462962962962962
7 0.25364583333333335 0.5745370370370371 0.013541666666666667 0.06018518518518518
8 0.31302083333333336 0.5703703703703704 0.01875 0.05185185185185185
6 0.31692708333333336 0.5768518518518518 0.0203125 0.03148148148148148
6 0.3502604166666667 0.5569444444444445 0.0171875 0.041666666666666664
8 0.35130208333333335 0.5430555555555555 0.019270833333333334 0.05092592592592592
3 0.5255208333333333 0.47962962962962963 0.016666666666666666 0.03148148148148148
7 0.2864583333333333 0.5268518518518519 0.011458333333333333 0.040740740740740744
6 0.6580729166666667 0.525 0.009895833333333333 0.012962962962962963
4 0.34453125 0.4828703703703704 0.0067708333333333336 0.008333333333333333