10 0.13307291666666668 0.5092592592592593 0.011979166666666667 0.020370370370370372
3 0.109375 0.5652777777777778 0.041666666666666664 0.175
4 0.14322916666666666 0.5944444444444444 0.035416666666666666 0.07777777777777778
4 0.18020833333333333 0.5671296296296297 0.025 0.028703703703703703
7 0.14895833333333333 0.586574074074074 0.027083333333333334 0.09907407407407408
7 0.16692708333333334 0.5634259259259259 0.0140625 0.03611111111111111
3 0.40234375 0.5583333333333333 0.4473958333333333 0.4925925925925926
4 0.26901041666666664 0.7754629629629629 0.33489583333333334 0.44537037037037036
3 0.88671875 0.2763888888888889 0.22239583333333332 0.5527777777777778
4 0.64609375 0.7402777777777778 0.7067708333333333 0.5138888888888888
13 0.05234375 0.6273148148148148 0.1046875 0.7268518518518519