13 0.44869791666666664 0.5277777777777778 0.022395833333333334 0.03148148148148148
1 0.46171875 0.5425925925925926 0.0078125 0.03333333333333333
6 0.4744791666666667 0.5569444444444445 0.00625 0.01574074074074074
8 0.47421875 0.5402777777777777 0.0078125 0.023148148148148147
4 0.48072916666666665 0.5365740740740741 0.011458333333333333 0.017592592592592594
6 0.47317708333333336 0.5777777777777777 0.0234375 0.04814814814814815
7 0.46953125 0.5666666666666667 0.0171875 0.06851851851851852
1 0.5052083333333334 0.549074074074074 0.019791666666666666 0.044444444444444446
6 0.5294270833333333 0.5597222222222222 0.0109375 0.030555555555555555
8 0.5294270833333333 0.5509259259259259 0.009895833333333333 0.03518518518518519
0 0.5234375 0.5833333333333334 0.025 0.025925925925925925
1 0.5875 0.5625 0.026041666666666668 0.05648148148148148
6 0.6203125 0.5689814814814815 0.013541666666666667 0.03611111111111111
8 0.6197916666666666 0.562037037037037 0.013541666666666667 0.05185185185185185
7 0.6075520833333333 0.5532407407407407 0.008854166666666666 0.03425925925925926
6 0.6020833333333333 0.586574074074074 0.019791666666666666 0.05092592592592592
8 0.5953125 0.5652777777777778 0.010416666666666666 0.058333333333333334
8 0.60234375 0.5699074074074074 0.018229166666666668 0.06388888888888888
13 0.7924479166666667 0.5472222222222223 0.07760416666666667 0.11481481481481481