6 0.2669270833333333 0.8513888888888889 0.15260416666666668 0.2953703703703704
8 0.28072916666666664 0.7523148148148148 0.13541666666666666 0.3861111111111111
6 0.35520833333333335 0.7087962962962963 0.08125 0.19722222222222222
8 0.36640625 0.6416666666666667 0.0484375 0.19444444444444445
8 0.3484375 0.6537037037037037 0.065625 0.2074074074074074
6 0.4044270833333333 0.6217592592592592 0.03802083333333333 0.10648148148148148
8 0.40390625 0.5949074074074074 0.03697916666666667 0.11944444444444445
4 0.4734375 0.5824074074074074 0.06458333333333334 0.10555555555555556
4 0.5575520833333333 0.6032407407407407 0.10989583333333333 0.20277777777777778
4 0.61484375 0.5527777777777778 0.0421875 0.07222222222222222
4 0.6565104166666667 0.575462962962963 0.0671875 0.09351851851851851
6 0.70234375 0.6069444444444444 0.043229166666666666 0.09166666666666666
8 0.7 0.5736111111111111 0.03854166666666667 0.11018518518518519
8 0.8104166666666667 0.5597222222222222 0.026041666666666668 0.075
4 0.8921875 0.674074074074074 0.21458333333333332 0.3037037037037037
6 0.7989583333333333 0.5935185185185186 0.015625 0.027777777777777776
13 0.47760416666666666 0.525 0.03229166666666667 0.014814814814814815
8 0.5 0.5328703703703703 0.00625 0.012037037037037037
8 0.5041666666666667 0.5412037037037037 0.0125 0.026851851851851852