3 0.44820406038521604 0.4949074074074074 0.009370119729307652 0.01574074074074074
3 0.4599167100468506 0.49583333333333335 0.00989068193649141 0.01574074074074074
13 0.4659031754294638 0.5092592592592593 0.015616866215512754 0.03148148148148148
1 0.4573138990109318 0.5337962962962963 0.01717855283706403 0.03981481481481482
4 0.5182196772514316 0.6027777777777777 0.12441436751691827 0.23148148148148148
4 0.6020301926080167 0.575462962962963 0.052576782925559604 0.08055555555555556
13 0.7027589796980739 0.5611111111111111 0.13326392503904216 0.25555555555555554
3 0.9601769911504425 0.5694444444444444 0.07548152004164498 0.18703703703703703
4 0.9539302446642374 0.6578703703703703 0.07860489328474753 0.1361111111111111
4 0.9047371160853722 0.6023148148148149 0.03956272774596564 0.05092592592592592
4 0.8573659552316502 0.6314814814814815 0.1301405517959396 0.13148148148148148
4 0.8001041124414368 0.5601851851851852 0.06350858927641853 0.053703703703703705
4 0.7933368037480479 0.6032407407407407 0.04997397188964081 0.09537037037037037
3 0.6205101509630401 0.5416666666666666 0.05101509630400833 0.08333333333333333
3 0.5715773034877668 0.5166666666666667 0.038521603331598125 0.05
3 0.4362311296199896 0.5018518518518519 0.01353461738677772 0.014814814814814815
3 0.4185320145757418 0.5037037037037037 0.026028110359187923 0.024074074074074074
3 0.44924518479958353 0.5087962962962963 0.012493492972410203 0.019444444444444445
4 0.437532535137949 0.5125 0.00989068193649141 0.008333333333333333
4 0.4336283185840708 0.5421296296296296 0.02706923477355544 0.05277777777777778
4 0.39901093180635083 0.5171296296296296 0.015096304008328995 0.013888888888888888
1 0.41697032795419053 0.5212962962962963 0.017699115044247787 0.022222222222222223
4 0.4081207704320666 0.5532407407407407 0.028110359187922956 0.06759259259259259
4 0.40135346173867775 0.5736111111111111 0.024986985944820406 0.10833333333333334
1 0.34435190005205624 0.5990740740740741 0.08693388859968766 0.1962962962962963
7 0.2420614263404477 0.5300925925925926 0.026028110359187923 0.12129629629629629