4 0.021875 0.5768518518518518 0.04375 0.09259259259259259
7 0.0546875 0.5449074074074074 0.028125 0.11944444444444445
7 0.10364583333333334 0.5162037037037037 0.017708333333333333 0.09351851851851851
6 0.07421875 0.5476851851851852 0.06927083333333334 0.10092592592592593
7 0.15338541666666666 0.5023148148148148 0.0234375 0.08055555555555556
4 0.26145833333333335 0.5296296296296297 0.134375 0.1425925925925926
6 0.3184895833333333 0.49953703703703706 0.0203125 0.032407407407407406
6 0.32578125 0.49722222222222223 0.034895833333333334 0.044444444444444446
6 0.21458333333333332 0.5560185185185185 0.0625 0.12129629629629629
6 0.2643229166666667 0.5486111111111112 0.06510416666666667 0.1361111111111111
8 0.2674479166666667 0.5199074074074074 0.0484375 0.1398148148148148
8 0.21979166666666666 0.524537037037037 0.040625 0.13796296296296295
7 0.32838541666666665 0.45925925925925926 0.011979166666666667 0.037037037037037035
7 0.35104166666666664 0.4486111111111111 0.011458333333333333 0.030555555555555555
7 0.33880208333333334 0.47129629629629627 0.016145833333333335 0.053703703703703705
7 0.4317708333333333 0.45092592592592595 0.013541666666666667 0.02962962962962963
8 0.41744791666666664 0.44305555555555554 0.008854166666666666 0.012037037037037037
6 0.44088541666666664 0.4564814814814815 0.016145833333333335 0.009259259259259259
4 0.38567708333333334 0.5037037037037037 0.0953125 0.11851851851851852
3 0.5296875 0.42962962962962964 0.09583333333333334 0.10740740740740741
4 0.4703125 0.575 0.19791666666666666 0.30185185185185187
7 0.5716145833333334 0.44675925925925924 0.013020833333333334 0.0712962962962963
8 0.58515625 0.4444444444444444 0.0109375 0.03518518518518519
6 0.5856770833333333 0.45925925925925926 0.015104166666666667 0.03518518518518519
3 0.6419270833333334 0.42083333333333334 0.1109375 0.19722222222222222
1 0.7385416666666667 0.4287037037037037 0.042708333333333334 0.04814814814814815
7 0.8630208333333333 0.49537037037037035 0.036458333333333336 0.21666666666666667
7 0.8338541666666667 0.5277777777777778 0.040625 0.20555555555555555
4 0.8153645833333333 0.43657407407407406 0.019270833333333334 0.05092592592592592
6 0.7908854166666667 0.43425925925925923 0.024479166666666666 0.03518518518518519
6 0.79375 0.4513888888888889 0.030208333333333334 0.03611111111111111
6 0.9794270833333333 0.5689814814814815 0.04010416666666667 0.1824074074074074
7 0.96640625 0.40046296296296297 0.011979166666666667 0.0712962962962963
7 0.9104166666666667 0.4078703703703704 0.020833333333333332 0.049074074074074076
7 0.77578125 0.5310185185185186 0.0359375 0.23055555555555557
4 0.7611979166666667 0.4439814814814815 0.009895833333333333 0.03425925925925926
8 0.6888020833333334 0.5212962962962963 0.03697916666666667 0.18888888888888888
8 0.68984375 0.5319444444444444 0.0421875 0.19537037037037036
6 0.6895833333333333 0.575 0.03854166666666667 0.1537037037037037
6 0.7591145833333334 0.7888888888888889 0.18802083333333333 0.4148148148148148
8 0.7161458333333334 0.5574074074074075 0.06041666666666667 0.24259259259259258
8 0.7653645833333333 0.6828703703703703 0.1640625 0.487962962962963
13 0.7044270833333334 0.42083333333333334 0.021354166666666667 0.026851851851851852
4 0.7065104166666667 0.4356481481481482 0.027604166666666666 0.019444444444444445
8 0.7065104166666667 0.43472222222222223 0.0109375 0.023148148148148147