6 0.8066111400312337 0.8226851851851852 0.1931285788651744 0.3509259259259259
8 0.7511712649661635 0.6611111111111111 0.055179593961478396 0.2462962962962963
8 0.8011452368558043 0.7800925925925926 0.15720978656949505 0.4305555555555556
4 0.3459135866736075 0.5726851851851852 0.13899010931806352 0.09907407407407408
7 0.3813118167621031 0.5995370370370371 0.03800104112441437 0.1787037037037037
7 0.6967725143154607 0.5527777777777778 0.013014055179593961 0.09814814814814815
7 0.4466423737636648 0.5328703703703703 0.01353461738677772 0.05648148148148148
13 0.4409161894846434 0.5032407407407408 0.035398230088495575 0.08981481481481482
7 0.6074960957834461 0.5439814814814815 0.017699115044247787 0.03611111111111111
4 0.53878188443519 0.524537037037037 0.026028110359187923 0.05462962962962963
4 0.5057261842790214 0.512962962962963 0.016137428422696512 0.022222222222222223
4 0.5525767829255596 0.5314814814814814 0.04424778761061947 0.06111111111111111
4 0.5078084331077564 0.5217592592592593 0.021343050494534097 0.03425925925925926
14 0.4968766267568974 0.5162037037037037 0.005726184279021343 0.032407407407407406
7 0.4906298802706923 0.5180555555555556 0.00676730869338886 0.030555555555555555
14 0.46043727225403436 0.5046296296296297 0.007808433107756377 0.022222222222222223
14 0.4690265486725664 0.5064814814814815 0.008328995314940135 0.020370370370370372
6 0.4659031754294638 0.5148148148148148 0.006246746486205101 0.009259259259259259
8 0.4664237376366476 0.5097222222222222 0.006246746486205101 0.017592592592592594
4 0.4737116085372202 0.5074074074074074 0.009370119729307652 0.016666666666666666
4 0.4836022904737116 0.5078703703703704 0.009370119729307652 0.01574074074074074