4 0.48594482040603854 0.4986111111111111 0.007808433107756377 0.013888888888888888
14 0.4973971889640812 0.49398148148148147 0.007808433107756377 0.013888888888888888
4 0.4932326913066111 0.4986111111111111 0.008849557522123894 0.013888888888888888
14 0.5005205622071838 0.5018518518518519 0.005726184279021343 0.014814814814814815
4 0.5208224882873503 0.5069444444444444 0.011972930765226444 0.01574074074074074
6 0.5283706402915148 0.5166666666666667 0.006246746486205101 0.016666666666666666
8 0.5288912024986986 0.513425925925926 0.006246746486205101 0.026851851851851852
4 0.517178552837064 0.5231481481481481 0.02030192608016658 0.03333333333333333
7 0.5707964601769911 0.5208333333333334 0.010931806350858927 0.032407407407407406
8 0.5864133263925039 0.5226851851851851 0.00676730869338886 0.025
6 0.5801665799062988 0.5435185185185185 0.013014055179593961 0.037037037037037035
8 0.5783446121811556 0.5356481481481481 0.012493492972410203 0.041666666666666664
4 0.6527850078084331 0.5476851851851852 0.045809474232170744 0.05648148148148148
4 0.7990629880270692 0.5689814814814815 0.035398230088495575 0.06759259259259259
4 0.7626236335242061 0.5685185185185185 0.07912545549193128 0.08148148148148149
7 0.7566371681415929 0.5652777777777778 0.015096304008328995 0.08981481481481482
4 0.8636127017178553 0.575925925925926 0.11764705882352941 0.1537037037037037
4 0.9427381572097866 0.7032407407407407 0.11140031233732431 0.27685185185185185
4 0.6106194690265486 0.5648148148148148 0.06350858927641853 0.09074074074074075
4 0.43831337844872464 0.5064814814814815 0.011452368558042686 0.018518518518518517
4 0.40733992712129097 0.5111111111111111 0.018219677251431546 0.027777777777777776
4 0.4279021343050495 0.5189814814814815 0.018740239458615304 0.03425925925925926
13 0.45549193128578863 0.5101851851851852 0.03956272774596564 0.08148148148148149
13 0.38287350338365433 0.4935185185185185 0.042165538781884435 0.08703703703703704
6 0.31389901093180633 0.5328703703703703 0.029151483602290473 0.03981481481481482
8 0.3204060385216033 0.5194444444444445 0.019260801665799063 0.04814814814814815
6 0.33524206142634044 0.5296296296296297 0.018740239458615304 0.040740740740740744
8 0.33394065590838107 0.524074074074074 0.019260801665799063 0.04814814814814815
6 0.3813118167621031 0.5532407407407407 0.019260801665799063 0.05462962962962963
8 0.38365434669443 0.5388888888888889 0.01665799062988027 0.06296296296296296
8 0.3784487246225924 0.5370370370370371 0.022904737116085372 0.06296296296296296
7 0.24882873503383654 0.5574074074074075 0.018740239458615304 0.0962962962962963
4 0.05153565851119209 0.5189814814814815 0.10098906819364914 0.19722222222222222
4 0.03435710567412806 0.5546296296296296 0.0676730869338886 0.26851851851851855