3 0.46901041666666665 0.4861111111111111 0.021354166666666667 0.037037037037037035
3 0.5307291666666667 0.4777777777777778 0.017708333333333333 0.03148148148148148
3 0.5471354166666667 0.475462962962963 0.018229166666666668 0.03425925925925926
4 0.5481770833333334 0.49212962962962964 0.0078125 0.013888888888888888
4 0.5419270833333333 0.4912037037037037 0.0067708333333333336 0.008333333333333333
4 0.5541666666666667 0.5037037037037037 0.010416666666666666 0.046296296296296294
4 0.5239583333333333 0.5074074074074074 0.026041666666666668 0.046296296296296294
3 0.4859375 0.4828703703703704 0.019791666666666666 0.021296296296296296
4 0.4981770833333333 0.5143518518518518 0.03802083333333333 0.05277777777777778
3 0.4375 0.48194444444444445 0.04791666666666667 0.08055555555555556
7 0.4669270833333333 0.4962962962962963 0.0046875 0.024074074074074074
6 0.47161458333333334 0.5356481481481481 0.009895833333333333 0.030555555555555555
8 0.46979166666666666 0.5111111111111111 0.00625 0.024074074074074074
7 0.4783854166666667 0.5273148148148148 0.0234375 0.08981481481481482
7 0.4625 0.5282407407407408 0.013541666666666667 0.0787037037037037
7 0.44895833333333335 0.5277777777777778 0.009375 0.08518518518518518
1 0.39947916666666666 0.5328703703703703 0.06145833333333333 0.09722222222222222
3 0.38255208333333335 0.4875 0.05260416666666667 0.09722222222222222
7 0.4317708333333333 0.5509259259259259 0.019791666666666666 0.12037037037037036
7 0.44088541666666664 0.5592592592592592 0.0265625 0.1388888888888889
3 0.23645833333333333 0.48333333333333334 0.26666666666666666 0.32407407407407407
3 0.6151041666666667 0.4787037037037037 0.12395833333333334 0.15925925925925927
7 0.5799479166666667 0.48657407407407405 0.015104166666666667 0.07685185185185185
7 0.57890625 0.512962962962963 0.0171875 0.0962962962962963
7 0.5986979166666667 0.5259259259259259 0.033854166666666664 0.15185185185185185
7 0.6158854166666666 0.5115740740740741 0.0171875 0.14722222222222223
7 0.6361979166666667 0.5138888888888888 0.027604166666666666 0.1574074074074074
7 0.6721354166666667 0.5324074074074074 0.030729166666666665 0.14629629629629629
7 0.53828125 0.5097222222222222 0.0109375 0.062037037037037036
7 0.5502604166666667 0.562037037037037 0.021354166666666667 0.13518518518518519
3 0.8302083333333333 0.46574074074074073 0.33541666666666664 0.42777777777777776
1 0.03984375 0.6851851851851852 0.0796875 0.40925925925925927