6 0.0827693909422176 0.9 0.13951067152524727 0.1962962962962963
8 0.07079646017699115 0.8194444444444444 0.1415929203539823 0.35555555555555557
6 0.3872982821447163 0.6601851851851852 0.05309734513274336 0.15925925925925927
8 0.38521603331598125 0.6125 0.05309734513274336 0.1712962962962963
14 0.5176991150442478 0.5194444444444445 0.02030192608016658 0.016666666666666666
4 0.5450286309213951 0.5157407407407407 0.012493492972410203 0.007407407407407408
14 0.5622071837584591 0.5208333333333334 0.01665799062988027 0.012037037037037037
14 0.5788651743883394 0.5217592592592593 0.021863612701717855 0.017592592592592594
4 0.5549193128578865 0.5305555555555556 0.018740239458615304 0.03148148148148148
4 0.5369599167100468 0.5421296296296296 0.027589796980739198 0.05462962962962963
8 0.4877667881311817 0.5273148148148148 0.010411244143675169 0.021296296296296296
14 0.5114523685580427 0.5263888888888889 0.02654867256637168 0.010185185185185186
4 0.5041644976574701 0.537962962962963 0.05361790733992712 0.018518518518518517
1 0.5952628839146278 0.5222222222222223 0.013014055179593961 0.016666666666666666
14 0.6082769390942218 0.5282407407407408 0.028630921395106715 0.01574074074074074
14 0.6155648099947943 0.5185185185185185 0.01717855283706403 0.007407407407407408
1 0.6290994273815721 0.5291666666666667 0.013014055179593961 0.021296296296296296
1 0.6434148880791255 0.5291666666666667 0.014575741801145237 0.023148148148148147
8 0.65512753774076 0.5291666666666667 0.013014055179593961 0.025
6 0.8638729828214472 0.5699074074074074 0.034877667881311816 0.04351851851851852
7 0.9773555439875065 0.5847222222222223 0.03279541905257678 0.125
4 0.5640291514836023 0.5509259259259259 0.029672045809474232 0.05740740740740741
4 0.4838625715773035 0.6569444444444444 0.15460697553357627 0.2361111111111111
4 0.5866736074960958 0.5856481481481481 0.05622071837584591 0.1175925925925926
4 0.6181676210307132 0.6273148148148148 0.11504424778761062 0.18981481481481483
4 0.4838625715773035 0.6574074074074074 0.15460697553357627 0.23703703703703705
4 0.8034877667881312 0.7754629629629629 0.3722019781363873 0.44537037037037036