4 0.05364583333333333 0.5023148148148148 0.10729166666666666 0.25092592592592594
7 0.08958333333333333 0.38935185185185184 0.020833333333333332 0.049074074074074076
7 0.015625 0.3768518518518518 0.008333333333333333 0.016666666666666666
6 0.16119791666666666 0.4824074074074074 0.07135416666666666 0.10740740740740741
8 0.15807291666666667 0.45416666666666666 0.0453125 0.1398148148148148
6 0.09869791666666666 0.7300925925925926 0.19427083333333334 0.48055555555555557
8 0.08619791666666667 0.6166666666666667 0.14947916666666666 0.4166666666666667
4 0.3424479166666667 0.6217592592592592 0.40677083333333336 0.45092592592592595
10 0.19270833333333334 0.2967592592592593 0.040625 0.075
8 0.5197916666666667 0.4976851851851852 0.04791666666666667 0.14537037037037037
8 0.48489583333333336 0.4412037037037037 0.01875 0.026851851851851852