4 0.05963541666666667 0.5097222222222222 0.11614583333333334 0.15462962962962962
14 0.20520833333333333 0.4300925925925926 0.18333333333333332 0.3101851851851852
4 0.18046875 0.5166666666666667 0.0671875 0.07037037037037037
4 0.30885416666666665 0.5166666666666667 0.022916666666666665 0.05
6 0.3299479166666667 0.5486111111111112 0.021354166666666667 0.05092592592592592
6 0.3177083333333333 0.5328703703703703 0.010416666666666666 0.03425925925925926
8 0.31953125 0.5083333333333333 0.0109375 0.03148148148148148
8 0.3328125 0.5194444444444445 0.014583333333333334 0.05185185185185185
7 0.5734375 0.5162037037037037 0.013541666666666667 0.03611111111111111
4 0.5536458333333333 0.5740740740740741 0.08333333333333333 0.1111111111111111
1 0.46119791666666665 0.5712962962962963 0.05677083333333333 0.12222222222222222
6 0.49453125 0.5287037037037037 0.0078125 0.024074074074074074
8 0.72265625 0.40694444444444444 0.009895833333333333 0.026851851851851852
8 0.559375 0.43796296296296294 0.005208333333333333 0.011111111111111112
4 0.5453125 0.44212962962962965 0.016666666666666666 0.004629629629629629
14 0.50078125 0.4412037037037037 0.0109375 0.01574074074074074
7 0.5109375 0.44583333333333336 0.004166666666666667 0.004629629629629629
7 0.52265625 0.4449074074074074 0.0026041666666666665 0.004629629629629629
7 0.5263020833333333 0.4444444444444444 0.0036458333333333334 0.007407407407407408
7 0.5078125 0.44583333333333336 0.004166666666666667 0.004629629629629629
6 0.359375 0.5212962962962963 0.017708333333333333 0.03148148148148148
4 0.3653645833333333 0.5189814814814815 0.0265625 0.03611111111111111
8 0.35885416666666664 0.5115740740740741 0.010416666666666666 0.032407407407407406
4 0.3919270833333333 0.5157407407407407 0.018229166666666668 0.027777777777777776
4 0.409375 0.5115740740740741 0.0125 0.019444444444444445
3 0.41354166666666664 0.4949074074074074 0.022916666666666665 0.03425925925925926
4 0.4283854166666667 0.5050925925925925 0.0078125 0.012037037037037037
8 0.4348958333333333 0.5138888888888888 0.005208333333333333 0.018518518518518517
8 0.44140625 0.5055555555555555 0.0026041666666666665 0.009259259259259259
14 0.43697916666666664 0.5009259259259259 0.003125 0.007407407407407408
14 0.43307291666666664 0.5009259259259259 0.0036458333333333334 0.007407407407407408
3 0.46119791666666665 0.5013888888888889 0.0171875 0.019444444444444445
4 0.48411458333333335 0.5199074074074074 0.0140625 0.028703703703703703
3 0.4713541666666667 0.5023148148148148 0.004166666666666667 0.01574074074074074
14 0.47708333333333336 0.5064814814814815 0.007291666666666667 0.007407407407407408