3 0.29791666666666666 0.5032407407407408 0.03125 0.058333333333333334
3 0.43046875 0.49537037037037035 0.0140625 0.020370370370370372
4 0.425 0.5106481481481482 0.010416666666666666 0.019444444444444445
13 0.4390625 0.4935185185185185 0.007291666666666667 0.014814814814814815
14 0.44609375 0.49166666666666664 0.008854166666666666 0.012962962962962963
4 0.43333333333333335 0.5111111111111111 0.0125 0.02962962962962963
4 0.4625 0.5055555555555555 0.011458333333333333 0.014814814814814815
4 0.44869791666666664 0.5138888888888888 0.022395833333333334 0.03518518518518519
1 0.4734375 0.5106481481481482 0.010416666666666666 0.025
6 0.42161458333333335 0.5254629629629629 0.0078125 0.01574074074074074
8 0.421875 0.5106481481481482 0.007291666666666667 0.021296296296296296
6 0.41484375 0.5314814814814814 0.008854166666666666 0.020370370370370372
8 0.4166666666666667 0.5115740740740741 0.010416666666666666 0.032407407407407406
6 0.40729166666666666 0.5421296296296296 0.020833333333333332 0.04537037037037037
8 0.4075520833333333 0.5310185185185186 0.015104166666666667 0.05462962962962963
14 0.52578125 0.5148148148148148 0.013020833333333334 0.024074074074074074
4 0.46171875 0.5365740740740741 0.03697916666666667 0.05648148148148148
6 0.43515625 0.5509259259259259 0.019270833333333334 0.04814814814814815
8 0.43645833333333334 0.5351851851851852 0.017708333333333333 0.06296296296296296
4 0.48854166666666665 0.5226851851851851 0.021875 0.03425925925925926
6 0.5138020833333333 0.5333333333333333 0.0109375 0.03333333333333333
13 0.5471354166666667 0.5032407407407408 0.021354166666666667 0.03611111111111111
8 0.51328125 0.5203703703703704 0.011979166666666667 0.03518518518518519
4 0.58125 0.524537037037037 0.021875 0.028703703703703703
3 0.6510416666666666 0.5087962962962963 0.059375 0.06944444444444445
4 0.55546875 0.5416666666666666 0.0484375 0.06481481481481481
3 0.4552083333333333 0.49537037037037035 0.013541666666666667 0.016666666666666666
6 0.2515625 0.6893518518518519 0.10208333333333333 0.23425925925925925
8 0.2552083333333333 0.625 0.07291666666666667 0.21481481481481482
4 0.8619791666666666 0.575462962962963 0.04375 0.05092592592592592
4 0.3580729166666667 0.5032407407407408 0.0078125 0.013888888888888888
8 0.49921875 0.5157407407407407 0.005729166666666666 0.025925925925925925
14 0.6153645833333333 0.5300925925925926 0.03802083333333333 0.04351851851851852
8 0.6283854166666667 0.5097222222222222 0.009895833333333333 0.021296296296296296