13 0.5143229166666666 0.5037037037037037 0.009895833333333333 0.016666666666666666
14 0.50703125 0.500462962962963 0.0067708333333333336 0.032407407407407406
3 0.5794270833333334 0.5152777777777777 0.011979166666666667 0.03611111111111111
3 0.6130208333333333 0.5268518518518519 0.040625 0.05185185185185185
4 0.634375 0.5435185185185185 0.007291666666666667 0.018518518518518517
4 0.7395833333333334 0.5615740740740741 0.041666666666666664 0.05277777777777778
1 0.5096354166666667 0.5162037037037037 0.009895833333333333 0.017592592592592594
4 0.5080729166666667 0.5236111111111111 0.009895833333333333 0.023148148148148147
3 0.5484375 0.5097222222222222 0.05625 0.07685185185185185
8 0.5161458333333333 0.524537037037037 0.009375 0.026851851851851852
6 0.5135416666666667 0.5550925925925926 0.013541666666666667 0.03981481481481482
8 0.5135416666666667 0.5421296296296296 0.013541666666666667 0.04537037037037037
8 0.5388020833333333 0.5143518518518518 0.0036458333333333334 0.006481481481481481
4 0.5473958333333333 0.5402777777777777 0.0375 0.04722222222222222
8 0.5971354166666667 0.5273148148148148 0.008854166666666666 0.01574074074074074
8 0.6075520833333333 0.5268518518518519 0.0078125 0.014814814814814815
8 0.6161458333333333 0.5356481481481481 0.009375 0.028703703703703703
4 0.6830729166666667 0.5731481481481482 0.08385416666666666 0.09444444444444444
3 0.8395833333333333 0.5592592592592592 0.09583333333333334 0.11296296296296296
6 0.5372395833333333 0.5717592592592593 0.022395833333333334 0.05462962962962963
8 0.5388020833333333 0.5546296296296296 0.0203125 0.06851851851851852
8 0.5671875 0.5356481481481481 0.016666666666666666 0.030555555555555555
8 0.5796875 0.5263888888888889 0.008333333333333333 0.017592592592592594
8 0.5880208333333333 0.5277777777777778 0.00625 0.012962962962962963
4 0.5908854166666667 0.5851851851851851 0.0828125 0.1111111111111111
4 0.45546875 0.5143518518518518 0.009895833333333333 0.021296296296296296
3 0.4822916666666667 0.5208333333333334 0.04479166666666667 0.08611111111111111
7 0.40625 0.525 0.007291666666666667 0.03888888888888889
7 0.41770833333333335 0.5199074074074074 0.007291666666666667 0.03796296296296296
14 0.43359375 0.5064814814814815 0.0067708333333333336 0.016666666666666666
7 0.42890625 0.5143518518518518 0.0046875 0.028703703703703703
6 0.44427083333333334 0.5453703703703704 0.008333333333333333 0.022222222222222223
8 0.4440104166666667 0.5296296296296297 0.008854166666666666 0.02962962962962963
6 0.4348958333333333 0.5449074074074074 0.009375 0.030555555555555555
8 0.43463541666666666 0.5347222222222222 0.009895833333333333 0.03981481481481482
7 0.45546875 0.5226851851851851 0.0046875 0.026851851851851852
6 0.45859375 0.5347222222222222 0.0046875 0.019444444444444445
8 0.4588541666666667 0.5268518518518519 0.004166666666666667 0.024074074074074074
7 0.3567708333333333 0.5787037037037037 0.027083333333333334 0.12962962962962962
10 0.5213541666666667 0.41574074074074074 0.11875 0.05
7 0.9893229166666667 0.5782407407407407 0.016145833333333335 0.06574074074074074
7 0.9677083333333333 0.5907407407407408 0.009375 0.05555555555555555
7 0.94453125 0.5828703703703704 0.011979166666666667 0.058333333333333334
7 0.93203125 0.575462962962963 0.011979166666666667 0.062037037037037036
7 0.9200520833333333 0.5745370370370371 0.009895833333333333 0.06018518518518518
7 0.9122395833333333 0.5800925925925926 0.013020833333333334 0.062037037037037036
7 0.9580729166666667 0.587037037037037 0.015104166666666667 0.07407407407407407
7 0.9747395833333333 0.5916666666666667 0.013020833333333334 0.06481481481481481
4 0.9375 0.7939814814814815 0.12395833333333334 0.3527777777777778
10 0.44088541666666664 0.49027777777777776 0.005729166666666666 0.013888888888888888