6 0.2171875 0.7587962962962963 0.10520833333333333 0.2972222222222222
6 0.38671875 0.5527777777777778 0.05572916666666667 0.07777777777777778
6 0.3731770833333333 0.5532407407407407 0.059895833333333336 0.08981481481481482
7 0.38385416666666666 0.5296296296296297 0.0125 0.02962962962962963
13 0.3333333333333333 0.5574074074074075 0.0125 0.10185185185185185
7 0.4700520833333333 0.5060185185185185 0.0067708333333333336 0.013888888888888888
7 0.48385416666666664 0.5083333333333333 0.009375 0.014814814814814815
4 0.5049479166666667 0.5162037037037037 0.008854166666666666 0.023148148148148147
13 0.5200520833333333 0.5217592592592593 0.0140625 0.05092592592592592
13 0.53359375 0.5310185185185186 0.025520833333333333 0.05648148148148148
1 0.4830729166666667 0.5583333333333333 0.04739583333333333 0.1
8 0.5263020833333333 0.5722222222222222 0.009895833333333333 0.06481481481481481
6 0.77109375 0.5939814814814814 0.0453125 0.08425925925925926
6 0.7166666666666667 0.6509259259259259 0.06458333333333334 0.14444444444444443
1 0.6091145833333333 0.6708333333333333 0.16614583333333333 0.3675925925925926
7 0.05260416666666667 0.6268518518518519 0.03854166666666667 0.26851851851851855
7 0.08515625 0.5828703703703704 0.0453125 0.19722222222222222
14 0.5098958333333333 0.5282407407407408 0.010416666666666666 0.021296296296296296
8 0.5104166666666666 0.5203703703703704 0.009375 0.03333333333333333
8 0.7200520833333334 0.5935185185185186 0.0546875 0.15
6 0.6934895833333333 0.5740740740740741 0.019270833333333334 0.046296296296296294