4 0.2265625 0.5662037037037037 0.12916666666666668 0.09537037037037037
4 0.3966145833333333 0.5370370370370371 0.059895833333333336 0.04814814814814815
1 0.4393229166666667 0.5416666666666666 0.0328125 0.06296296296296296
1 0.45989583333333334 0.5523148148148148 0.036458333333333336 0.08425925925925926
6 0.3885416666666667 0.5949074074074074 0.030208333333333334 0.08055555555555556
8 0.38776041666666666 0.5703703703703704 0.027604166666666666 0.08888888888888889
4 0.52734375 0.5513888888888889 0.03802083333333333 0.06388888888888888
1 0.53671875 0.5199074074074074 0.015104166666666667 0.023148148148148147
7 0.5377604166666666 0.5203703703703704 0.0078125 0.025925925925925925
4 0.490625 0.586574074074074 0.08125 0.11944444444444445
6 0.48984375 0.524537037037037 0.0078125 0.010185185185185186
8 0.48984375 0.5185185185185185 0.0078125 0.014814814814814815
6 0.5674479166666667 0.5662037037037037 0.022395833333333334 0.05648148148148148
8 0.5669270833333333 0.55 0.0171875 0.06296296296296296
6 0.6283854166666667 0.600925925925926 0.03802083333333333 0.10555555555555556
8 0.62890625 0.5717592592592593 0.03177083333333333 0.10648148148148148