14 0.8361979166666667 0.3453703703703704 0.0109375 0.012962962962962963
14 0.8458333333333333 0.34444444444444444 0.008333333333333333 0.009259259259259259
14 0.8622395833333333 0.3458333333333333 0.0078125 0.010185185185185186
1 0.81484375 0.35833333333333334 0.0140625 0.018518518518518517
1 0.82890625 0.3574074074074074 0.018229166666666668 0.012962962962962963
1 0.8296875 0.3611111111111111 0.01875 0.005555555555555556
6 0.8106770833333333 0.387037037037037 0.008854166666666666 0.040740740740740744
8 0.8153645833333333 0.37546296296296294 0.0109375 0.028703703703703703
4 0.8744791666666667 0.3611111111111111 0.017708333333333333 0.02962962962962963
6 0.8765625 0.3680555555555556 0.008333333333333333 0.021296296296296296
8 0.8768229166666667 0.3592592592592593 0.008854166666666666 0.025925925925925925
3 0.95703125 0.3537037037037037 0.08489583333333334 0.12037037037037036
4 0.8268229166666666 0.39444444444444443 0.033854166666666664 0.06481481481481481
1 0.9934895833333334 0.3851851851851852 0.011979166666666667 0.07777777777777778
6 0.9088541666666666 0.4027777777777778 0.020833333333333332 0.03518518518518519
8 0.9171875 0.4185185185185185 0.029166666666666667 0.11666666666666667
6 0.9330729166666667 0.4726851851851852 0.0484375 0.15833333333333333
8 0.93125 0.43657407407407406 0.04375 0.16203703703703703
6 0.9690104166666667 0.5314814814814814 0.0609375 0.21666666666666667
8 0.96953125 0.4726851851851852 0.059895833333333336 0.21944444444444444
8 0.9580729166666667 0.475462962962963 0.07760416666666667 0.2101851851851852
7 0.8481770833333333 0.37222222222222223 0.03177083333333333 0.10555555555555556
6 0.8528645833333334 0.6726851851851852 0.1515625 0.38796296296296295
8 0.8544270833333333 0.5606481481481481 0.1171875 0.35462962962962963
0 0.42942708333333335 0.6620370370370371 0.2869791666666667 0.46111111111111114
1 0.9028645833333333 0.4083333333333333 0.058854166666666666 0.12407407407407407