6 0.13872982821447163 0.6342592592592593 0.055700156168662154 0.12962962962962962
8 0.14523685580426862 0.6023148148148149 0.032274856845393024 0.12685185185185185
8 0.13066111400312339 0.6 0.04268610098906819 0.12037037037037036
6 0.19364914107235814 0.6416666666666667 0.06038521603331598 0.14444444444444443
8 0.20041644976574702 0.6138888888888889 0.045809474232170744 0.1685185185185185
1 0.2756376887038001 0.5689814814814815 0.02342529932326913 0.10462962962962963
1 0.23347214992191567 0.5842592592592593 0.07339927121290994 0.13703703703703704
8 0.230609057782405 0.5125 0.006246746486205101 0.008333333333333333
6 0.252212389380531 0.6222222222222222 0.0400832899531494 0.1259259259259259
8 0.2568974492451848 0.5763888888888888 0.02654867256637168 0.1175925925925926
8 0.24960957834461217 0.5851851851851851 0.045288912024986985 0.1259259259259259
13 0.36048932847475273 0.5305555555555556 0.1806350858927642 0.31666666666666665
4 0.444039562727746 0.5569444444444445 0.015616866215512754 0.08611111111111111
4 0.7595002602811036 0.5518518518518518 0.04789172306090578 0.05740740740740741
4 0.7233211868818323 0.5768518518518518 0.05986465382613222 0.1
4 0.678813118167621 0.5833333333333334 0.092660072878709 0.10555555555555556
14 0.5822488287350338 0.5361111111111111 0.03800104112441437 0.08148148148148149
4 0.9672045809474232 0.5518518518518518 0.06350858927641853 0.018518518518518517
4 0.9161894846434149 0.7435185185185185 0.1655387818844352 0.38333333333333336
6 0.026028110359187923 0.5944444444444444 0.052056220718375845 0.09814814814814815
8 0.024986985944820406 0.5717592592592593 0.045809474232170744 0.11203703703703703
8 0.04346694429984383 0.6393518518518518 0.06715252472670484 0.2175925925925926
6 0.03930244664237376 0.6791666666666667 0.07652264445601249 0.175
4 0.032014575741801145 0.8379629629629629 0.06402915148360229 0.2722222222222222