3 0.35234375 0.48935185185185187 0.20677083333333332 0.13425925925925927
6 0.28463541666666664 0.5453703703703704 0.04114583333333333 0.05555555555555555
8 0.3020833333333333 0.5101851851851852 0.014583333333333334 0.044444444444444446
4 0.39166666666666666 0.525 0.11979166666666667 0.04259259259259259
8 0.31744791666666666 0.5777777777777777 0.0609375 0.18333333333333332
6 0.3015625 0.7111111111111111 0.042708333333333334 0.13703703703703704
6 0.035416666666666666 0.5958333333333333 0.07083333333333333 0.1675925925925926
7 0.10494791666666667 0.5782407407407407 0.0484375 0.20833333333333334
10 0.07526041666666666 0.1925925925925926 0.14635416666666667 0.23703703703703705
3 0.5677083333333334 0.45416666666666666 0.234375 0.47129629629629627
1 0.7372395833333333 0.6828703703703703 0.24322916666666666 0.42685185185185187
4 0.4627604166666667 0.7638888888888888 0.3463541666666667 0.46296296296296297
4 0.8666666666666667 0.7541666666666667 0.2635416666666667 0.487962962962963
1 0.2559895833333333 0.5365740740740741 0.018229166666666668 0.06388888888888888
10 0.3151041666666667 0.40879629629629627 0.026041666666666668 0.041666666666666664