4 0.28787090057261844 0.5180555555555556 0.028110359187922956 0.058333333333333334
13 0.3175429463820927 0.5171296296296296 0.031233732431025507 0.075
13 0.471889640812077 0.41944444444444445 0.1618948464341489 0.24444444444444444
1 0.6158250910983862 0.5222222222222223 0.02394586153045289 0.03333333333333333
3 0.7589796980739199 0.5064814814814815 0.10411244143675169 0.1111111111111111
4 0.7269651223321187 0.538425925925926 0.045288912024986985 0.03981481481481482
13 0.6691827173347215 0.5115740740740741 0.08172826652785008 0.11388888888888889
3 0.5736595523165018 0.4949074074074074 0.05830296720458095 0.10462962962962963
8 0.6085372201978136 0.5296296296296297 0.009370119729307652 0.024074074074074074
4 0.6114003123373243 0.5930555555555556 0.06402915148360229 0.11574074074074074
1 0.900832899531494 0.5625 0.00989068193649141 0.06018518518518518
7 0.33550234252993233 0.5601851851851852 0.02342529932326913 0.04259259259259259
7 0.27277459656428943 0.5902777777777778 0.014575741801145237 0.08055555555555556
7 0.25871941697032796 0.5944444444444444 0.031233732431025507 0.2351851851851852
3 0.009109838625715773 0.5041666666666667 0.015096304008328995 0.18055555555555555
7 0.024466423737636647 0.7199074074074074 0.04789172306090578 0.30648148148148147
4 0.7428422696512234 0.7180555555555556 0.3071317022384175 0.47685185185185186
1 0.48802706923477357 0.7569444444444444 0.2576782925559604 0.4824074074074074
3 0.9120249869859448 0.49907407407407406 0.17074440395627277 0.9981481481481481