3 0.5158771473191046 0.5236111111111111 0.010411244143675169 0.03796296296296296
3 0.5393024466423738 0.5273148148148148 0.04060385216033316 0.07685185185185185
6 0.5101509630400833 0.5375 0.006246746486205101 0.017592592592592594
8 0.5093701197293077 0.5328703703703703 0.005726184279021343 0.023148148148148147
4 0.5039042165538782 0.5347222222222222 0.007287870900572618 0.013888888888888888
4 0.5616866215512754 0.5351851851851852 0.011452368558042686 0.018518518518518517
6 0.5632483081728267 0.5453703703703704 0.007287870900572618 0.022222222222222223
8 0.5635085892764186 0.5388888888888889 0.007808433107756377 0.024074074074074074
6 0.5892764185320146 0.5527777777777778 0.01665799062988027 0.027777777777777776
7 0.5983862571577303 0.5388888888888889 0.005726184279021343 0.03518518518518519
7 0.6038521603331598 0.5393518518518519 0.008328995314940135 0.03611111111111111
7 0.6189484643414888 0.5421296296296296 0.008328995314940135 0.041666666666666664
6 0.6345653305570016 0.5680555555555555 0.017699115044247787 0.04351851851851852
8 0.6324830817282665 0.5574074074074075 0.014575741801145237 0.06111111111111111
6 0.665799062988027 0.5574074074074075 0.010411244143675169 0.027777777777777776
6 0.6535658511192087 0.5555555555555556 0.010931806350858927 0.027777777777777776
4 0.48542425819885476 0.5277777777777778 0.02030192608016658 0.027777777777777776
3 0.4724102030192608 0.5157407407407407 0.014055179593961478 0.024074074074074074
13 0.45705361790733995 0.5106481481481482 0.021863612701717855 0.03981481481481482
4 0.4411764705882353 0.5365740740740741 0.013014055179593961 0.026851851851851852
1 0.41983342009370117 0.5226851851851851 0.029672045809474232 0.012037037037037037
4 0.4182717334721499 0.5592592592592592 0.045288912024986985 0.06851851851851852
6 0.37636647579385735 0.5569444444444445 0.018740239458615304 0.041666666666666664
6 0.37038001041124413 0.5833333333333334 0.016137428422696512 0.05555555555555555
8 0.37792816241540866 0.5453703703703704 0.01353461738677772 0.044444444444444446
8 0.370640291514836 0.5597222222222222 0.014575741801145237 0.075
6 0.39484643414888076 0.5879629629629629 0.025507548152004164 0.07037037037037037
8 0.3938053097345133 0.5643518518518519 0.02654867256637168 0.09166666666666666
4 0.4685059864653826 0.538425925925926 0.05830296720458095 0.03611111111111111
1 0.3282144716293597 0.55 0.07964601769911504 0.19444444444444445
4 0.21863612701717855 0.649537037037037 0.1967725143154607 0.2101851851851852
4 0.09968766267568975 0.8138888888888889 0.1993753253513795 0.37037037037037035
4 0.46434148880791254 0.6680555555555555 0.16762103071317022 0.2861111111111111