1 0.9505208333333334 0.6351851851851852 0.096875 0.20555555555555555
1 0.80703125 0.5736111111111111 0.0921875 0.09351851851851851
1 0.7083333333333334 0.600462962962963 0.13020833333333334 0.15462962962962962
6 0.7989583333333333 0.8069444444444445 0.284375 0.3731481481481482
7 0.6080729166666666 0.6111111111111112 0.044270833333333336 0.17037037037037037
1 0.4161458333333333 0.7333333333333333 0.29270833333333335 0.5074074074074074
8 0.7533854166666667 0.737037037037037 0.13072916666666667 0.4537037037037037
8 0.85859375 0.7143518518518519 0.1609375 0.42685185185185187
4 0.20338541666666668 0.6458333333333334 0.15677083333333333 0.24722222222222223
13 0.11927083333333334 0.5671296296296297 0.071875 0.1398148148148148
7 0.07786458333333333 0.5407407407407407 0.0203125 0.07962962962962963
4 0.029427083333333333 0.5087962962962963 0.050520833333333334 0.06759259259259259
1 0.020833333333333332 0.5842592592592593 0.041666666666666664 0.17222222222222222
8 0.22109375 0.5120370370370371 0.013020833333333334 0.027777777777777776
8 0.22604166666666667 0.5148148148148148 0.023958333333333335 0.03518518518518519
14 0.23125 0.4925925925925926 0.009375 0.009259259259259259
4 0.24609375 0.5046296296296297 0.0067708333333333336 0.012962962962962963
4 0.23411458333333332 0.5018518518518519 0.011979166666666667 0.018518518518518517
14 0.1796875 0.4699074074074074 0.008333333333333333 0.010185185185185186
14 0.18776041666666668 0.48055555555555557 0.0067708333333333336 0.012962962962962963
14 0.21666666666666667 0.49583333333333335 0.013541666666666667 0.013888888888888888
14 0.17161458333333332 0.4699074074074074 0.0078125 0.010185185185185186
14 0.16796875 0.475462962962963 0.0067708333333333336 0.012037037037037037
14 0.17604166666666668 0.4824074074074074 0.009375 0.012962962962962963
14 0.17630208333333333 0.49398148148148147 0.009895833333333333 0.01574074074074074
14 0.15520833333333334 0.4861111111111111 0.011458333333333333 0.018518518518518517
14 0.16875 0.48333333333333334 0.004166666666666667 0.011111111111111112
4 0.18151041666666667 0.49907407407407406 0.013020833333333334 0.020370370370370372
6 0.1921875 0.4981481481481482 0.005208333333333333 0.009259259259259259
6 0.18151041666666667 0.5120370370370371 0.0078125 0.018518518518518517
8 0.19296875 0.4935185185185185 0.0036458333333333334 0.011111111111111112
8 0.18125 0.5027777777777778 0.007291666666666667 0.016666666666666666
1 0.16328125 0.5083333333333333 0.016145833333333335 0.03333333333333333
7 0.14479166666666668 0.4912037037037037 0.004166666666666667 0.010185185185185186
7 0.15234375 0.4935185185185185 0.0046875 0.016666666666666666