4 0.06454971369078605 0.7689814814814815 0.1290994273815721 0.3861111111111111
4 0.24414367516918273 0.6342592592592593 0.16449765747006767 0.1925925925925926
4 0.41280583029672047 0.6273148148148148 0.1540864133263925 0.28425925925925927
4 0.8461738677771994 0.7319444444444444 0.3045288912024987 0.3527777777777778
3 0.9297241020301926 0.5273148148148148 0.13638729828214471 0.21944444444444444
7 0.7899531494013534 0.5439814814814815 0.00989068193649141 0.023148148148148147
4 0.7100468505986466 0.5833333333333334 0.0676730869338886 0.0962962962962963
4 0.6467985424258199 0.6273148148148148 0.11608537220197813 0.1638888888888889
3 0.6577303487766788 0.5138888888888888 0.13899010931806352 0.12222222222222222
6 0.5799062988027069 0.6717592592592593 0.07079646017699115 0.19166666666666668
8 0.58172826652785 0.6296296296296297 0.058823529411764705 0.20185185185185187
6 0.3175429463820927 0.5773148148148148 0.01665799062988027 0.03425925925925926
8 0.3180635085892764 0.5476851851851852 0.01978136387298282 0.06388888888888888
8 0.2894325871941697 0.5282407407407408 0.014575741801145237 0.032407407407407406
4 0.5041644976574701 0.5879629629629629 0.055700156168662154 0.1259259259259259
4 0.5851119208745446 0.5703703703703704 0.07600208224882873 0.09074074074074075
4 0.5481520041644976 0.5546296296296296 0.041644976574700676 0.07222222222222222
3 0.5174388339406559 0.5055555555555555 0.03643935450286309 0.03148148148148148
3 0.5882352941176471 0.49444444444444446 0.07183758459135867 0.06481481481481481
3 0.5421655387818844 0.5101851851851852 0.019260801665799063 0.03518518518518519
4 0.5119729307652264 0.5203703703703704 0.02342529932326913 0.016666666666666666
4 0.5249869859448204 0.5462962962962963 0.027589796980739198 0.04259259259259259
1 0.4960957834461218 0.5199074074074074 0.03019260801665799 0.010185185185185186
4 0.7863092139510671 0.5513888888888889 0.10046850598646538 0.09722222222222222