7 0.04583333333333333 0.5222222222222223 0.022916666666666665 0.053703703703703705
4 0.12760416666666666 0.774537037037037 0.2552083333333333 0.44907407407407407
6 0.16822916666666668 0.5615740740740741 0.023958333333333335 0.04722222222222222
6 0.7140625 0.7689814814814815 0.10416666666666667 0.24166666666666667
8 0.703125 0.6638888888888889 0.090625 0.2611111111111111
4 0.4473958333333333 0.7763888888888889 0.29375 0.44166666666666665
4 0.48489583333333336 0.5703703703703704 0.10729166666666666 0.06481481481481481
7 0.20807291666666666 0.49953703703703706 0.011979166666666667 0.017592592592592594
1 0.2518229166666667 0.638425925925926 0.1453125 0.275
6 0.9291666666666667 0.6027777777777777 0.020833333333333332 0.07777777777777778
10 0.89921875 0.39490740740740743 0.021354166666666667 0.058333333333333334
6 0.8794270833333333 0.6083333333333333 0.058854166666666666 0.06851851851851852
6 0.8369791666666667 0.5814814814814815 0.026041666666666668 0.06296296296296296
6 0.79296875 0.5879629629629629 0.015104166666666667 0.05740740740740741
6 0.7783854166666667 0.5856481481481481 0.021354166666666667 0.049074074074074076
1 0.35572916666666665 0.5898148148148148 0.07916666666666666 0.17037037037037037
1 0.40546875 0.5324074074074074 0.04114583333333333 0.05555555555555555
1 0.42630208333333336 0.5342592592592592 0.009895833333333333 0.05185185185185185
4 0.43307291666666664 0.5282407407407408 0.0078125 0.03796296296296296
3 0.43072916666666666 0.4962962962962963 0.020833333333333332 0.025925925925925925
13 0.46901041666666665 0.49166666666666664 0.018229166666666668 0.016666666666666666
4 0.46979166666666666 0.5069444444444444 0.03333333333333333 0.017592592592592594
1 0.50859375 0.524537037037037 0.022395833333333334 0.032407407407407406
8 0.52421875 0.5347222222222222 0.009895833333333333 0.041666666666666664
8 0.5151041666666667 0.5314814814814814 0.011458333333333333 0.03333333333333333
4 0.5369791666666667 0.538425925925926 0.022916666666666665 0.04351851851851852
4 0.5442708333333334 0.5217592592592593 0.015625 0.023148148148148147
6 0.5559895833333334 0.5574074074074075 0.019270833333333334 0.04814814814814815
6 0.5677083333333334 0.5611111111111111 0.01875 0.05555555555555555
8 0.5528645833333333 0.5435185185185185 0.0140625 0.046296296296296294
8 0.56796875 0.5472222222222223 0.015104166666666667 0.05555555555555555
7 0.5932291666666667 0.5462962962962963 0.013541666666666667 0.05185185185185185
7 0.6296875 0.5504629629629629 0.010416666666666666 0.04722222222222222
6 0.6151041666666667 0.5689814814814815 0.023958333333333335 0.028703703703703703
8 0.6161458333333333 0.5513888888888889 0.014583333333333334 0.06388888888888888
6 0.1453125 0.5523148148148148 0.007291666666666667 0.021296296296296296
4 0.44192708333333336 0.5314814814814814 0.0140625 0.040740740740740744
4 0.4713541666666667 0.5314814814814814 0.06041666666666667 0.044444444444444446
4 0.40677083333333336 0.5388888888888889 0.028125 0.037037037037037035