1 0.004166666666666667 0.3592592592592593 0.008333333333333333 0.05925925925925926
6 0.25755208333333335 0.3648148148148148 0.0484375 0.07222222222222222
8 0.2513020833333333 0.3453703703703704 0.021354166666666667 0.08333333333333333
4 0.13802083333333334 0.3763888888888889 0.16458333333333333 0.1361111111111111
10 0.00703125 0.43425925925925923 0.008854166666666666 0.014814814814814815
10 0.06015625 0.4532407407407407 0.013020833333333334 0.01574074074074074
10 0.10208333333333333 0.4162037037037037 0.0375 0.09907407407407408
10 0.35885416666666664 0.5166666666666667 0.014583333333333334 0.025925925925925925
10 0.5263020833333333 0.4810185185185185 0.0578125 0.1712962962962963
6 0.7390625 0.3925925925925926 0.08854166666666667 0.0962962962962963
8 0.7302083333333333 0.36203703703703705 0.036458333333333336 0.11296296296296296
10 0.72890625 0.5726851851851852 0.0203125 0.030555555555555555
4 0.9513020833333333 0.46435185185185185 0.09635416666666667 0.30277777777777776
6 0.953125 0.874537037037037 0.09270833333333334 0.2490740740740741