4 0.45989583333333334 0.538425925925926 0.01875 0.026851851851851852
1 0.42291666666666666 0.5273148148148148 0.0125 0.008333333333333333
4 0.42630208333333336 0.5444444444444444 0.0171875 0.03148148148148148
7 0.45989583333333334 0.5231481481481481 0.004166666666666667 0.007407407407407408
3 0.4934895833333333 0.5212962962962963 0.044270833333333336 0.044444444444444446
1 0.52890625 0.5273148148148148 0.019270833333333334 0.026851851851851852
3 0.52265625 0.5171296296296296 0.019270833333333334 0.032407407407407406
3 0.5591145833333333 0.5175925925925926 0.05572916666666667 0.05925925925925926
8 0.6190104166666667 0.5203703703703704 0.0046875 0.012962962962962963
4 0.6552083333333333 0.5273148148148148 0.040625 0.030555555555555555
6 0.6877604166666667 0.5314814814814814 0.018229166666666668 0.014814814814814815
8 0.68515625 0.5236111111111111 0.0109375 0.025
8 0.79140625 0.5189814814814815 0.018229166666666668 0.04537037037037037
3 0.8606770833333334 0.4976851851851852 0.16302083333333334 0.15648148148148147
6 0.99296875 0.5837962962962963 0.011979166666666667 0.0824074074074074
8 0.9963541666666667 0.5597222222222222 0.00625 0.0824074074074074
6 0.5447916666666667 0.5504629629629629 0.0125 0.032407407407407406
8 0.54453125 0.5416666666666666 0.0078125 0.02962962962962963
8 0.53984375 0.5259259259259259 0.0046875 0.018518518518518517
8 0.5421875 0.5263888888888889 0.004166666666666667 0.017592592592592594
6 0.5434895833333333 0.5328703703703703 0.011979166666666667 0.01574074074074074
4 0.5200520833333333 0.5476851851851852 0.0265625 0.03796296296296296
6 0.4903645833333333 0.5574074074074075 0.011979166666666667 0.03333333333333333
8 0.490625 0.5481481481481482 0.010416666666666666 0.040740740740740744
6 0.5049479166666667 0.5694444444444444 0.016145833333333335 0.04814814814814815
8 0.5049479166666667 0.5546296296296296 0.0171875 0.05555555555555555
1 0.446875 0.5638888888888889 0.0375 0.07407407407407407
7 0.41015625 0.5486111111111112 0.0067708333333333336 0.05092592592592592
7 0.41484375 0.5550925925925926 0.0109375 0.0712962962962963
7 0.4 0.5458333333333333 0.014583333333333334 0.041666666666666664
6 0.40677083333333336 0.5773148148148148 0.021875 0.06388888888888888
6 0.3763020833333333 0.5800925925925926 0.021354166666666667 0.0712962962962963
6 0.3885416666666667 0.5875 0.036458333333333336 0.06388888888888888
7 0.33932291666666664 0.5564814814814815 0.0109375 0.07962962962962963
7 0.31588541666666664 0.5282407407407408 0.0067708333333333336 0.01574074074074074
7 0.20364583333333333 0.5712962962962963 0.015625 0.10555555555555556
1 0.29739583333333336 0.5898148148148148 0.07395833333333333 0.11481481481481481
7 0.321875 0.5912037037037037 0.021875 0.10462962962962963
4 0.8559895833333333 0.6231481481481481 0.18697916666666667 0.23703703703703705
6 0.01328125 0.6453703703703704 0.0265625 0.12037037037037036
7 0.06041666666666667 0.6194444444444445 0.03229166666666667 0.1537037037037037
7 0.10260416666666666 0.6268518518518519 0.03125 0.15