4 0.037760416666666664 0.5578703703703703 0.07552083333333333 0.1361111111111111
1 0.0859375 0.5356481481481481 0.08333333333333333 0.1175925925925926
7 0.196875 0.49166666666666664 0.013541666666666667 0.06296296296296296
7 0.20729166666666668 0.4875 0.0125 0.06018518518518518
1 0.23723958333333334 0.49212962962962964 0.04739583333333333 0.08796296296296297
1 0.2635416666666667 0.5041666666666667 0.05520833333333333 0.11018518518518519
1 0.303125 0.48148148148148145 0.03333333333333333 0.07222222222222222
6 0.31692708333333336 0.4935185185185185 0.019270833333333334 0.05740740740740741
8 0.31875 0.4837962962962963 0.020833333333333332 0.06388888888888888
6 0.35104166666666664 0.5013888888888889 0.03125 0.06574074074074074
8 0.3463541666666667 0.48148148148148145 0.027083333333333334 0.06851851851851852
8 0.346875 0.46620370370370373 0.0125 0.049074074074074076
8 0.3578125 0.4847222222222222 0.010416666666666666 0.06574074074074074
1 0.36432291666666666 0.4675925925925926 0.025520833333333333 0.053703703703703705
4 0.38125 0.4689814814814815 0.017708333333333333 0.03981481481481482
8 0.3888020833333333 0.45694444444444443 0.009895833333333333 0.025
8 0.39505208333333336 0.4675925925925926 0.0203125 0.053703703703703705
6 0.39401041666666664 0.4861111111111111 0.022395833333333334 0.06851851851851852
3 0.4473958333333333 0.43657407407407406 0.07708333333333334 0.12129629629629629
3 0.5765625 0.4287037037037037 0.08541666666666667 0.1574074074074074
3 0.8106770833333333 0.42314814814814816 0.3776041666666667 0.8462962962962963
7 0.48932291666666666 0.4444444444444444 0.008854166666666666 0.014814814814814815
8 0.4986979166666667 0.43842592592592594 0.005729166666666666 0.019444444444444445
6 0.4979166666666667 0.4486111111111111 0.011458333333333333 0.010185185185185186
4 0.53359375 0.5273148148148148 0.11614583333333334 0.22314814814814815
6 0.5096354166666667 0.6782407407407407 0.1046875 0.30648148148148147
8 0.534375 0.5564814814814815 0.09166666666666666 0.2462962962962963
8 0.5151041666666667 0.5958333333333333 0.103125 0.30277777777777776
1 0.6221354166666667 0.4476851851851852 0.0078125 0.05648148148148148