14 0.46147839666840185 0.5259259259259259 0.008849557522123894 0.020370370370370372
4 0.45080687142113485 0.5328703703703703 0.01978136387298282 0.030555555555555555
14 0.4312857886517439 0.5324074074074074 0.018219677251431546 0.02962962962962963
6 0.4271212909942738 0.5462962962962963 0.015096304008328995 0.025925925925925925
7 0.4185320145757418 0.538425925925926 0.008328995314940135 0.04537037037037037
7 0.41046330036439355 0.5388888888888889 0.011972930765226444 0.04259259259259259
4 0.47631441957313897 0.5398148148148149 0.028110359187922956 0.05185185185185185
14 0.4778761061946903 0.5111111111111111 0.01353461738677772 0.011111111111111112
14 0.4940135346173868 0.5254629629629629 0.006246746486205101 0.01574074074074074
4 0.5031233732431025 0.5347222222222222 0.02030192608016658 0.03796296296296296
14 0.5148360229047371 0.5291666666666667 0.008328995314940135 0.017592592592592594
7 0.5697553357626236 0.5560185185185185 0.008849557522123894 0.062037037037037036
7 0.5773034877667881 0.5541666666666667 0.010411244143675169 0.062037037037037036
4 0.622852680895367 0.5560185185185185 0.05778240499739719 0.09722222222222222
4 0.6559083810515357 0.549537037037037 0.010411244143675169 0.04351851851851852
4 0.5877147319104633 0.5578703703703703 0.017699115044247787 0.06388888888888888
6 0.618688183237897 0.6282407407407408 0.052576782925559604 0.1287037037037037
8 0.6160853722019781 0.5893518518518519 0.045288912024986985 0.1287037037037037
4 0.5437272254034358 0.5592592592592592 0.05674128058302967 0.1
6 0.4911504424778761 0.5666666666666667 0.018219677251431546 0.046296296296296294
6 0.469807391983342 0.5550925925925926 0.016137428422696512 0.04537037037037037
8 0.47058823529411764 0.5435185185185185 0.01665799062988027 0.05740740740740741
8 0.4711087975013014 0.5421296296296296 0.01353461738677772 0.049074074074074076
8 0.49193128578865175 0.5504629629629629 0.01665799062988027 0.06388888888888888
8 0.49219156689224364 0.5523148148148148 0.01717855283706403 0.06388888888888888
14 0.44898490369599164 0.5125 0.00989068193649141 0.008333333333333333
1 0.3781884435190005 0.5791666666666667 0.05986465382613222 0.13055555555555556
4 0.3185840707964602 0.5782407407407407 0.06871421134825612 0.10277777777777777
6 0.14836022904737117 0.6782407407407407 0.1665799062988027 0.1675925925925926
8 0.17490890161374284 0.6902777777777778 0.09057782404997397 0.3101851851851852
6 0.16996356064549714 0.7333333333333333 0.10671525247267048 0.2574074074074074
6 0.9372722540343571 0.7060185185185185 0.08693388859968766 0.1398148148148148
7 0.9286829776158251 0.7481481481481481 0.09057782404997397 0.5018518518518519