10 0.22994791666666667 0.3138888888888889 0.0296875 0.08888888888888889
10 0.22421875 0.37592592592592594 0.033854166666666664 0.03888888888888889
7 0.23854166666666668 0.5296296296296297 0.019791666666666666 0.07037037037037037
7 0.22291666666666668 0.5185185185185185 0.017708333333333333 0.09814814814814815
7 0.31197916666666664 0.5375 0.013541666666666667 0.09537037037037037
7 0.2989583333333333 0.5393518518518519 0.017708333333333333 0.10648148148148148
7 0.29583333333333334 0.5990740740740741 0.028125 0.07592592592592592
6 0.2125 0.7898148148148149 0.18854166666666666 0.3851851851851852
8 0.20234375 0.649537037037037 0.07760416666666667 0.21944444444444444
7 0.275 0.7875 0.11354166666666667 0.42314814814814816
7 0.31927083333333334 0.538425925925926 0.009375 0.032407407407407406
7 0.32578125 0.5416666666666666 0.013020833333333334 0.03518518518518519
7 0.3341145833333333 0.5305555555555556 0.0234375 0.0962962962962963
7 0.34479166666666666 0.5412037037037037 0.019791666666666666 0.0787037037037037
7 0.37421875 0.5601851851851852 0.015104166666666667 0.03148148148148148
7 0.3546875 0.5615740740740741 0.0125 0.030555555555555555
7 0.4078125 0.5120370370370371 0.008333333333333333 0.03333333333333333
7 0.4036458333333333 0.5606481481481481 0.014583333333333334 0.10277777777777777
7 0.41901041666666666 0.5574074074074075 0.021354166666666667 0.1
7 0.3885416666666667 0.5819444444444445 0.023958333333333335 0.1287037037037037
7 0.43697916666666664 0.6416666666666667 0.059375 0.3037037037037037
7 0.44973958333333336 0.525 0.0078125 0.02962962962962963
7 0.4557291666666667 0.5189814814814815 0.008333333333333333 0.028703703703703703
6 0.46197916666666666 0.5337962962962963 0.011458333333333333 0.028703703703703703
8 0.46197916666666666 0.5259259259259259 0.0125 0.037037037037037035
7 0.46901041666666665 0.5282407407407408 0.0067708333333333336 0.041666666666666664
7 0.4734375 0.5254629629629629 0.007291666666666667 0.03981481481481482
7 0.4786458333333333 0.5254629629629629 0.008333333333333333 0.041666666666666664
6 0.48802083333333335 0.5291666666666667 0.009375 0.028703703703703703
8 0.48723958333333334 0.5236111111111111 0.008854166666666666 0.030555555555555555
7 0.4856770833333333 0.5138888888888888 0.0036458333333333334 0.022222222222222223
1 0.4934895833333333 0.5138888888888888 0.0109375 0.025925925925925925
6 0.50625 0.5356481481481481 0.011458333333333333 0.032407407407407406
8 0.50546875 0.5268518518518519 0.011979166666666667 0.03333333333333333
14 0.49713541666666666 0.5078703703703704 0.0140625 0.03425925925925926
13 0.5140625 0.5092592592592593 0.026041666666666668 0.06666666666666667
3 0.54453125 0.5143518518518518 0.049479166666666664 0.09351851851851851
4 0.5700520833333333 0.5472222222222223 0.04739583333333333 0.06666666666666667
3 0.6296875 0.5189814814814815 0.030208333333333334 0.075
1 0.7294270833333333 0.5453703703703704 0.024479166666666666 0.04814814814814815
6 0.7153645833333333 0.5541666666666667 0.0140625 0.03611111111111111
8 0.7125 0.5453703703703704 0.016666666666666666 0.046296296296296294
7 0.7026041666666667 0.5226851851851851 0.004166666666666667 0.010185185185185186
7 0.7083333333333334 0.5203703703703704 0.004166666666666667 0.009259259259259259
7 0.7692708333333333 0.55 0.010416666666666666 0.046296296296296294
6 0.7838541666666666 0.5550925925925926 0.021875 0.03611111111111111
8 0.7846354166666667 0.5444444444444444 0.0140625 0.03888888888888889
6 0.7989583333333333 0.5597222222222222 0.021875 0.03425925925925926
6 0.8052083333333333 0.5564814814814815 0.025 0.04259259259259259
7 0.8231770833333333 0.5439814814814815 0.011979166666666667 0.04537037037037037
7 0.8692708333333333 0.5518518518518518 0.010416666666666666 0.05925925925925926
14 0.90546875 0.5912037037037037 0.06614583333333333 0.10833333333333334
7 0.8872395833333333 0.5717592592592593 0.0171875 0.075
7 0.8947916666666667 0.537962962962963 0.008333333333333333 0.02962962962962963
7 0.91484375 0.5643518518518519 0.018229166666666668 0.06388888888888888
7 0.9028645833333333 0.5407407407407407 0.0109375 0.018518518518518517
7 0.07994791666666666 0.6865740740740741 0.06510416666666667 0.10833333333333334
7 0.25807291666666665 0.5569444444444445 0.016145833333333335 0.03611111111111111
4 0.49895833333333334 0.5138888888888888 0.005208333333333333 0.018518518518518517