7 0.53515625 0.55 0.0109375 0.044444444444444446
8 0.5630208333333333 0.5532407407407407 0.019791666666666666 0.06018518518518518
6 0.5653645833333333 0.5643518518518519 0.021354166666666667 0.05462962962962963
8 0.5440104166666667 0.5546296296296296 0.0171875 0.05925925925925926
6 0.54453125 0.5703703703703704 0.021354166666666667 0.05
4 0.67578125 0.55 0.05572916666666667 0.05925925925925926
4 0.8078125 0.55 0.08541666666666667 0.1
2 0.8736979166666666 0.5819444444444445 0.05364583333333333 0.08611111111111111
2 0.884375 0.587037037037037 0.051041666666666666 0.07592592592592592
2 0.9059895833333333 0.586574074074074 0.07760416666666667 0.08425925925925926
7 0.8140625 0.5722222222222222 0.020833333333333332 0.05185185185185185
2 0.8197916666666667 0.6074074074074074 0.05625 0.08518518518518518
14 0.70625 0.5810185185185185 0.029166666666666667 0.07685185185185185
6 0.7223958333333333 0.5953703703703703 0.03229166666666667 0.07407407407407407
8 0.72421875 0.5731481481481482 0.0296875 0.09814814814814815
6 0.76015625 0.6462962962962963 0.0890625 0.15925925925925927
8 0.7606770833333333 0.6 0.0640625 0.1814814814814815
4 0.6315104166666666 0.5634259259259259 0.0515625 0.06018518518518518
14 0.37005208333333334 0.5643518518518519 0.0390625 0.08611111111111111
14 0.3302083333333333 0.5851851851851851 0.057291666666666664 0.14814814814814814
7 0.2921875 0.5578703703703703 0.028125 0.058333333333333334
14 0.29635416666666664 0.6185185185185185 0.08020833333333334 0.17592592592592593
7 0.24583333333333332 0.6222222222222222 0.0375 0.16111111111111112
14 0.14739583333333334 0.6884259259259259 0.18854166666666666 0.33240740740740743
1 0.02890625 0.774537037037037 0.0578125 0.44722222222222224
1 0.46484375 0.6925925925925925 0.17447916666666666 0.3851851851851852