7 0.38515625 0.6620370370370371 0.0359375 0.07037037037037037
7 0.39947916666666666 0.6171296296296296 0.021875 0.075
7 0.43411458333333336 0.6134259259259259 0.0265625 0.11388888888888889
7 0.465625 0.6092592592592593 0.03229166666666667 0.12222222222222222
7 0.4901041666666667 0.575462962962963 0.015625 0.05462962962962963
6 0.43515625 0.6185185185185185 0.03802083333333333 0.06481481481481481
6 0.4864583333333333 0.5972222222222222 0.026041666666666668 0.06666666666666667
6 0.4828125 0.6129629629629629 0.017708333333333333 0.05925925925925926
4 0.47369791666666666 0.5550925925925926 0.0265625 0.04722222222222222
2 0.5080729166666667 0.5981481481481481 0.022395833333333334 0.05185185185185185
8 0.5072916666666667 0.5851851851851851 0.013541666666666667 0.07777777777777778
4 0.5145833333333333 0.5685185185185185 0.010416666666666666 0.02962962962962963
4 0.5270833333333333 0.5680555555555555 0.023958333333333335 0.03796296296296296
6 0.5763020833333333 0.575462962962963 0.011979166666666667 0.019444444444444445
6 0.5630208333333333 0.5893518518518519 0.01875 0.04722222222222222
8 0.5619791666666667 0.5773148148148148 0.020833333333333332 0.06018518518518518
3 0.5427083333333333 0.5717592592592593 0.011458333333333333 0.023148148148148147
7 0.5838541666666667 0.5689814814814815 0.008333333333333333 0.03611111111111111
7 0.5901041666666667 0.5731481481481482 0.00625 0.03148148148148148
4 0.6260416666666667 0.5824074074074074 0.07291666666666667 0.06851851851851852
7 0.66796875 0.5842592592592593 0.008854166666666666 0.04814814814814815
6 0.6674479166666667 0.5791666666666667 0.025520833333333333 0.03425925925925926
7 0.68203125 0.5745370370370371 0.005729166666666666 0.041666666666666664
7 0.6864583333333333 0.575462962962963 0.011458333333333333 0.041666666666666664
4 0.7236979166666667 0.6023148148148149 0.0703125 0.09351851851851851
6 0.8640625 0.6685185185185185 0.08229166666666667 0.1
2 0.9684895833333333 0.6625 0.06197916666666667 0.11388888888888889
6 0.6138020833333333 0.6083333333333333 0.028645833333333332 0.07777777777777778
8 0.6140625 0.5875 0.025 0.08425925925925926