3 0.3932291666666667 0.3574074074074074 0.20416666666666666 0.05
9 0.3828125 0.32314814814814813 0.011458333333333333 0.016666666666666666
10 0.33229166666666665 0.2671296296296296 0.020833333333333332 0.032407407407407406
9 0.2864583333333333 0.2657407407407407 0.009375 0.018518518518518517
8 0.13020833333333334 0.39537037037037037 0.0125 0.027777777777777776
13 0.03802083333333333 0.3726851851851852 0.03854166666666667 0.021296296296296296
8 0.06588541666666667 0.39166666666666666 0.0171875 0.04259259259259259
8 0.058333333333333334 0.38657407407407407 0.013541666666666667 0.023148148148148147
8 0.08072916666666667 0.42962962962962964 0.03125 0.10555555555555556
8 0.13802083333333334 0.40185185185185185 0.01875 0.03148148148148148
6 0.08125 0.5208333333333334 0.028125 0.11018518518518519
6 0.10859375 0.5277777777777778 0.0484375 0.1925925925925926
8 0.10677083333333333 0.5 0.05 0.22407407407407406
1 0.046875 0.5787037037037037 0.09375 0.40370370370370373
1 0.34739583333333335 0.6814814814814815 0.4739583333333333 0.6351851851851852
4 0.68984375 0.6912037037037037 0.2640625 0.5435185185185185
1 0.7997395833333333 0.7300925925925926 0.39947916666666666 0.537962962962963
9 0.0026041666666666665 0.30972222222222223 0.005208333333333333 0.04537037037037037