13 0.04140625 0.37175925925925923 0.0328125 0.049074074074074076
1 0.059375 0.3814814814814815 0.019791666666666666 0.024074074074074074
4 0.09401041666666667 0.38564814814814813 0.011979166666666667 0.010185185185185186
4 0.07317708333333334 0.41388888888888886 0.0640625 0.05185185185185185
1 0.021875 0.42962962962962964 0.04375 0.11666666666666667
4 0.175 0.3921296296296296 0.18020833333333333 0.10462962962962963
4 0.8903645833333333 0.5712962962962963 0.18697916666666667 0.1648148148148148
13 0.47604166666666664 0.4587962962962963 0.46875 0.8231481481481482
4 0.20598958333333334 0.7134259259259259 0.4119791666666667 0.5712962962962963
6 0.8747395833333333 0.7898148148148149 0.24947916666666667 0.4185185185185185
8 0.9552083333333333 0.725462962962963 0.08854166666666667 0.5472222222222223