1 0.46197916666666666 0.4791666666666667 0.013541666666666667 0.013888888888888888
13 0.47239583333333335 0.4777777777777778 0.013541666666666667 0.025925925925925925
13 0.48776041666666664 0.4824074074074074 0.022395833333333334 0.04259259259259259
7 0.4546875 0.4824074074074074 0.008333333333333333 0.012962962962962963
7 0.46197916666666666 0.4861111111111111 0.00625 0.009259259259259259
7 0.4661458333333333 0.48518518518518516 0.005208333333333333 0.005555555555555556
1 0.45651041666666664 0.5055555555555555 0.0171875 0.04259259259259259
1 0.47552083333333334 0.5259259259259259 0.03125 0.07592592592592592
7 0.49453125 0.5087962962962963 0.015104166666666667 0.03611111111111111
7 0.5013020833333334 0.5087962962962963 0.0067708333333333336 0.041666666666666664
6 0.5098958333333333 0.5074074074074074 0.021875 0.027777777777777776
7 0.51328125 0.5430555555555555 0.011979166666666667 0.08425925925925926
7 0.5216145833333333 0.5462962962962963 0.018229166666666668 0.1111111111111111
6 0.4979166666666667 0.5601851851851852 0.021875 0.07777777777777778
8 0.49635416666666665 0.5416666666666666 0.026041666666666668 0.08333333333333333
6 0.4557291666666667 0.5578703703703703 0.029166666666666667 0.075
8 0.45546875 0.5287037037037037 0.0234375 0.05740740740740741
8 0.4421875 0.4861111111111111 0.005208333333333333 0.014814814814814815
4 0.42239583333333336 0.5203703703703704 0.042708333333333334 0.08703703703703704
7 0.42473958333333334 0.5597222222222222 0.0234375 0.13240740740740742
7 0.39557291666666666 0.5597222222222222 0.025520833333333333 0.13240740740740742
7 0.39869791666666665 0.513425925925926 0.018229166666666668 0.05648148148148148
7 0.38333333333333336 0.5324074074074074 0.014583333333333334 0.09259259259259259
7 0.371875 0.5504629629629629 0.025 0.11388888888888889
6 0.36015625 0.5731481481481482 0.028645833333333332 0.1111111111111111
7 0.34453125 0.5611111111111111 0.034895833333333334 0.14074074074074075
14 0.33619791666666665 0.5592592592592592 0.06614583333333333 0.08148148148148149
14 0.2950520833333333 0.6023148148148149 0.07447916666666667 0.09166666666666666
14 0.22161458333333334 0.625 0.09635416666666667 0.1
7 0.296875 0.5189814814814815 0.021875 0.06574074074074074
7 0.26276041666666666 0.5796296296296296 0.0328125 0.14814814814814814
7 0.1828125 0.5638888888888889 0.026041666666666668 0.1648148148148148
7 0.16197916666666667 0.5810185185185185 0.030208333333333334 0.12129629629629629
7 0.11640625 0.5319444444444444 0.0203125 0.14722222222222223
7 0.10338541666666666 0.5407407407407407 0.03177083333333333 0.1425925925925926
6 0.14791666666666667 0.6402777777777777 0.10208333333333333 0.1527777777777778
14 0.09322916666666667 0.6773148148148148 0.15625 0.1787037037037037
1 0.021875 0.7537037037037037 0.04375 0.4777777777777778
6 0.53359375 0.5328703703703703 0.011979166666666667 0.06018518518518518
6 0.53515625 0.5361111111111111 0.013020833333333334 0.05925925925925926
6 0.5424479166666667 0.5421296296296296 0.0234375 0.06388888888888888
6 0.54453125 0.5518518518518518 0.009895833333333333 0.09074074074074075
6 0.5544270833333333 0.5541666666666667 0.0234375 0.09166666666666666
6 0.5677083333333334 0.5652777777777778 0.027083333333333334 0.11574074074074074
13 0.5736979166666667 0.5 0.0484375 0.09444444444444444
13 0.5997395833333333 0.5125 0.03697916666666667 0.06018518518518518
13 0.6111979166666667 0.4648148148148148 0.034895833333333334 0.04259259259259259
13 0.6395833333333333 0.5148148148148148 0.075 0.10740740740740741
13 0.6846354166666667 0.5287037037037037 0.0640625 0.11666666666666667
6 0.6002604166666666 0.5796296296296296 0.09322916666666667 0.07962962962962963
6 0.6111979166666667 0.5861111111111111 0.0796875 0.10740740740740741
6 0.62109375 0.5939814814814814 0.0734375 0.125
6 0.6348958333333333 0.6055555555555555 0.058333333333333334 0.14629629629629629
6 0.6447916666666667 0.6370370370370371 0.034375 0.13333333333333333
14 0.6911458333333333 0.6203703703703703 0.10104166666666667 0.17592592592592593
14 0.6755208333333333 0.4615740740740741 0.07916666666666666 0.032407407407407406
4 0.7072916666666667 0.5259259259259259 0.07395833333333333 0.08888888888888889
4 0.7408854166666666 0.5421296296296296 0.0921875 0.075
4 0.7697916666666667 0.562037037037037 0.07395833333333333 0.09444444444444444
4 0.825 0.575925925925926 0.13229166666666667 0.20925925925925926
1 0.91875 0.5888888888888889 0.12395833333333334 0.18888888888888888
6 0.721875 0.6504629629629629 0.11770833333333333 0.1712962962962963
7 0.6729166666666667 0.6518518518518519 0.06041666666666667 0.29814814814814816
14 0.9380208333333333 0.6370370370370371 0.12083333333333333 0.10185185185185185
14 0.90546875 0.7944444444444444 0.1734375 0.2759259259259259
10 0.73515625 0.36157407407407405 0.0109375 0.075
7 0.45078125 0.48657407407407405 0.0046875 0.008333333333333333
8 0.44557291666666665 0.4976851851851852 0.0067708333333333336 0.021296296296296296
6 0.44557291666666665 0.5064814814814815 0.0046875 0.014814814814814815
13 0.54375 0.47685185185185186 0.023958333333333335 0.05925925925925926