10 0.49114583333333334 0.4962962962962963 0.026041666666666668 0.03888888888888889
10 0.5234375 0.5166666666666667 0.013541666666666667 0.022222222222222223
13 0.6057291666666667 0.5310185185185186 0.014583333333333334 0.028703703703703703
4 0.5799479166666667 0.5319444444444444 0.0046875 0.006481481481481481
4 0.5747395833333333 0.5324074074074074 0.005729166666666666 0.007407407407407408
6 0.5494791666666666 0.5333333333333333 0.0020833333333333333 0.005555555555555556
8 0.5497395833333333 0.5314814814814814 0.0015625 0.007407407407407408
6 0.5239583333333333 0.537962962962963 0.003125 0.011111111111111112
8 0.5236979166666667 0.5351851851851852 0.0036458333333333334 0.012962962962962963
4 0.55546875 0.5314814814814814 0.0036458333333333334 0.005555555555555556
6 0.84375 0.5791666666666667 0.023958333333333335 0.03981481481481482