3 0.4583333333333333 0.4222222222222222 0.015625 0.025925925925925925
13 0.47578125 0.41944444444444445 0.008854166666666666 0.009259259259259259
4 0.47421875 0.43194444444444446 0.015104166666666667 0.021296296296296296
6 0.4947916666666667 0.43657407407407406 0.005208333333333333 0.013888888888888888
8 0.4947916666666667 0.43148148148148147 0.005208333333333333 0.014814814814814815
6 0.5072916666666667 0.44074074074074077 0.00625 0.018518518518518517
8 0.5072916666666667 0.43425925925925923 0.00625 0.022222222222222223
1 0.5174479166666667 0.4388888888888889 0.019270833333333334 0.040740740740740744
6 0.55 0.44722222222222224 0.007291666666666667 0.024074074074074074
8 0.5502604166666667 0.43194444444444446 0.0067708333333333336 0.013888888888888888
1 0.5388020833333333 0.44074074074074077 0.018229166666666668 0.037037037037037035
6 0.9052083333333333 0.5601851851851852 0.075 0.13518518518518519
8 0.9002604166666667 0.5268518518518519 0.0359375 0.14814814814814814
6 0.9809895833333333 0.5532407407407407 0.03697916666666667 0.09907407407407408
8 0.9872395833333333 0.5208333333333334 0.0234375 0.14166666666666666
3 0.42109375 0.4199074074074074 0.04739583333333333 0.10092592592592593
6 0.45078125 0.46435185185185185 0.016145833333333335 0.049074074074074076
8 0.44895833333333335 0.4513888888888889 0.015625 0.05092592592592592
8 0.44817708333333334 0.45416666666666666 0.0140625 0.05092592592592592
10 0.46536458333333336 0.44074074074074077 0.0015625 0.003703703703703704
10 0.47291666666666665 0.4425925925925926 0.0020833333333333333 0.003703703703703704
10 0.4828125 0.44814814814814813 0.0020833333333333333 0.003703703703703704
10 0.4861979166666667 0.45185185185185184 0.0026041666666666665 0.003703703703703704
10 0.59296875 0.5023148148148148 0.0046875 0.008333333333333333
10 0.27630208333333334 0.34629629629629627 0.022395833333333334 0.03518518518518519
10 0.27630208333333334 0.37777777777777777 0.0203125 0.016666666666666666
6 0.46015625 0.4305555555555556 0.0046875 0.012962962962962963
8 0.4596354166666667 0.4273148148148148 0.0046875 0.01574074074074074