3 0.52578125 0.3680555555555556 0.04010416666666667 0.05277777777777778
3 0.46458333333333335 0.38657407407407407 0.03229166666666667 0.05648148148148148
4 0.5098958333333333 0.41388888888888886 0.03854166666666667 0.05555555555555555
1 0.5950520833333334 0.3907407407407407 0.0359375 0.07777777777777778
8 0.5497395833333333 0.3837962962962963 0.009895833333333333 0.012037037037037037
8 0.56328125 0.3837962962962963 0.0067708333333333336 0.010185185185185186
1 0.5583333333333333 0.38055555555555554 0.015625 0.012962962962962963
4 0.5572916666666666 0.4513888888888889 0.0875 0.13240740740740742
6 0.6080729166666666 0.4324074074074074 0.0203125 0.06296296296296296
8 0.6083333333333333 0.41574074074074074 0.019791666666666666 0.07037037037037037
6 0.8364583333333333 0.49583333333333335 0.06770833333333333 0.14537037037037037
8 0.8114583333333333 0.4203703703703704 0.017708333333333333 0.03888888888888889
8 0.8223958333333333 0.4666666666666667 0.026041666666666668 0.14814814814814814
6 0.79296875 0.5115740740740741 0.06927083333333334 0.1638888888888889
8 0.7971354166666667 0.47129629629629627 0.058854166666666666 0.17777777777777778
4 0.4265625 0.5444444444444444 0.16041666666666668 0.26666666666666666
1 0.3065104166666667 0.4351851851851852 0.04635416666666667 0.08888888888888889
7 0.28072916666666664 0.42407407407407405 0.010416666666666666 0.046296296296296294
7 0.25677083333333334 0.42592592592592593 0.010416666666666666 0.05185185185185185
6 0.04973958333333333 0.49907407407407406 0.021354166666666667 0.03148148148148148
8 0.05546875 0.46944444444444444 0.019270833333333334 0.05740740740740741
7 0.4395833333333333 0.3888888888888889 0.005208333333333333 0.020370370370370372
8 0.575 0.38101851851851853 0.005208333333333333 0.013888888888888888