6 0.022916666666666665 0.788425925925926 0.04583333333333333 0.2601851851851852
13 0.06953125 0.5287037037037037 0.1390625 0.3037037037037037
13 0.17552083333333332 0.5726851851851852 0.08958333333333333 0.16018518518518518
6 0.28098958333333335 0.5958333333333333 0.06510416666666667 0.06944444444444445
6 0.2794270833333333 0.6101851851851852 0.03177083333333333 0.06851851851851852
7 0.32734375 0.5740740740740741 0.021354166666666667 0.08703703703703704
1 0.33645833333333336 0.5509259259259259 0.027083333333333334 0.09259259259259259
13 0.35963541666666665 0.55 0.0359375 0.09074074074074075
8 0.37005208333333334 0.5217592592592593 0.008854166666666666 0.028703703703703703
8 0.3489583333333333 0.5277777777777778 0.017708333333333333 0.027777777777777776
13 0.44114583333333335 0.5361111111111111 0.13854166666666667 0.15925925925925927
3 0.521875 0.5189814814814815 0.0375 0.09537037037037037
4 0.5419270833333333 0.5402777777777777 0.03697916666666667 0.049074074074074076
6 0.5533854166666666 0.5810185185185185 0.0140625 0.04722222222222222
8 0.5515625 0.5513888888888889 0.013541666666666667 0.05277777777777778
6 0.5111979166666667 0.5648148148148148 0.0078125 0.03148148148148148
8 0.51640625 0.5407407407407407 0.0078125 0.03888888888888889
8 0.5114583333333333 0.5523148148148148 0.010416666666666666 0.062037037037037036
8 0.5533854166666666 0.5361111111111111 0.0026041666666666665 0.007407407407407408
8 0.5479166666666667 0.5587962962962963 0.013541666666666667 0.05462962962962963
8 0.53828125 0.5425925925925926 0.011979166666666667 0.027777777777777776
6 0.5268229166666667 0.6351851851851852 0.043229166666666666 0.10925925925925926
8 0.5309895833333333 0.5939814814814814 0.04114583333333333 0.125
8 0.5182291666666666 0.5930555555555556 0.040625 0.125
13 0.5872395833333334 0.5009259259259259 0.04739583333333333 0.06111111111111111
13 0.6205729166666667 0.612037037037037 0.11927083333333334 0.22037037037037038
13 0.6578125 0.5291666666666667 0.0625 0.0787037037037037
8 0.6364583333333333 0.49675925925925923 0.009375 0.021296296296296296
13 0.7059895833333333 0.5291666666666667 0.033854166666666664 0.06018518518518518
13 0.7315104166666667 0.5361111111111111 0.05677083333333333 0.07222222222222222
7 0.7234375 0.5291666666666667 0.008333333333333333 0.01574074074074074
7 0.7317708333333334 0.5305555555555556 0.010416666666666666 0.024074074074074074
8 0.7408854166666666 0.5328703703703703 0.011979166666666667 0.028703703703703703
8 0.7455729166666667 0.5671296296296297 0.0078125 0.05277777777777778
6 0.746875 0.5768518518518518 0.0125 0.040740740740740744
6 0.7317708333333334 0.5902777777777778 0.03229166666666667 0.05092592592592592
8 0.7302083333333333 0.5634259259259259 0.020833333333333332 0.0787037037037037
1 0.8091145833333333 0.5893518518518519 0.12760416666666666 0.18425925925925926
1 0.8494791666666667 0.5560185185185185 0.051041666666666666 0.1175925925925926
1 0.8963541666666667 0.5680555555555555 0.04895833333333333 0.11388888888888889
1 0.9565104166666667 0.5782407407407407 0.08385416666666666 0.14166666666666666
13 0.9419270833333333 0.49398148148148147 0.10989583333333333 0.05648148148148148
13 0.8432291666666667 0.48564814814814816 0.09270833333333334 0.04351851851851852
6 0.46119791666666665 0.6055555555555555 0.027604166666666666 0.05925925925925926
8 0.46380208333333334 0.5740740740740741 0.024479166666666666 0.09814814814814815