6 0.5013020833333334 0.5356481481481481 0.0046875 0.013888888888888888
8 0.5015625 0.524074074074074 0.005208333333333333 0.014814814814814815
3 0.52109375 0.5092592592592593 0.04010416666666667 0.08333333333333333
1 0.5502604166666667 0.525 0.0109375 0.025925925925925925
13 0.5557291666666667 0.513425925925926 0.017708333333333333 0.04722222222222222
13 0.57734375 0.5143518518518518 0.030729166666666665 0.058333333333333334
4 0.5390625 0.5342592592592592 0.030208333333333334 0.03148148148148148
8 0.5109375 0.5458333333333333 0.011458333333333333 0.049074074074074076
8 0.5309895833333333 0.5444444444444444 0.0109375 0.03148148148148148
6 0.5296875 0.5680555555555555 0.011458333333333333 0.028703703703703703
6 0.515625 0.587037037037037 0.020833333333333332 0.046296296296296294
8 0.5174479166666667 0.5476851851851852 0.022395833333333334 0.041666666666666664
8 0.5122395833333333 0.5662037037037037 0.021354166666666667 0.06759259259259259
14 0.596875 0.5185185185185185 0.020833333333333332 0.03148148148148148
8 0.5953125 0.49907407407407406 0.007291666666666667 0.018518518518518517
1 0.615625 0.5898148148148148 0.07291666666666667 0.18703703703703703
6 0.5481770833333334 0.6643518518518519 0.0484375 0.1398148148148148
8 0.5466145833333333 0.6166666666666667 0.05364583333333333 0.1537037037037037
8 0.53984375 0.6236111111111111 0.04739583333333333 0.1675925925925926
13 0.78515625 0.5 0.1203125 0.06481481481481481
13 0.8013020833333333 0.5328703703703703 0.07552083333333333 0.0712962962962963
14 0.8869791666666667 0.5120370370370371 0.05416666666666667 0.040740740740740744
13 0.953125 0.524074074074074 0.042708333333333334 0.07222222222222222
1 0.915625 0.5398148148148149 0.07708333333333334 0.04814814814814815
4 0.9020833333333333 0.6731481481481482 0.19375 0.26666666666666666
8 0.9783854166666667 0.5393518518518519 0.0171875 0.03425925925925926
8 0.9809895833333333 0.5546296296296296 0.019270833333333334 0.05185185185185185
8 0.9703125 0.5634259259259259 0.03125 0.06574074074074074
6 0.9890625 0.6041666666666666 0.01875 0.025
6 0.9927083333333333 0.5726851851851852 0.009375 0.030555555555555555
13 0.45026041666666666 0.5365740740740741 0.09947916666666666 0.10833333333333334
7 0.4453125 0.6476851851851851 0.03333333333333333 0.24166666666666667
7 0.4786458333333333 0.6444444444444445 0.041666666666666664 0.25
6 0.3859375 0.5634259259259259 0.03333333333333333 0.04537037037037037
6 0.3924479166666667 0.5675925925925925 0.015104166666666667 0.037037037037037035
13 0.29661458333333335 0.512962962962963 0.0640625 0.11296296296296296
13 0.3484375 0.5467592592592593 0.04583333333333333 0.09166666666666666
1 0.29010416666666666 0.5787037037037037 0.07083333333333333 0.1259259259259259
8 0.2546875 0.512962962962963 0.029166666666666667 0.10555555555555556
13 0.13385416666666666 0.5439814814814815 0.265625 0.2564814814814815
7 0.23645833333333333 0.6166666666666667 0.04375 0.1537037037037037
6 0.3455729166666667 0.7287037037037037 0.08177083333333333 0.25555555555555554
8 0.353125 0.6138888888888889 0.057291666666666664 0.12037037037037036
8 0.34401041666666665 0.6532407407407408 0.07760416666666667 0.27314814814814814
14 0.0609375 0.6662037037037037 0.11979166666666667 0.24537037037037038
1 0.7578125 0.7055555555555556 0.26979166666666665 0.42592592592592593
14 0.37838541666666664 0.5370370370370371 0.025520833333333333 0.05185185185185185
8 0.3875 0.5222222222222223 0.007291666666666667 0.024074074074074074