7 0.3377604166666667 0.33287037037037037 0.0359375 0.05092592592592592
6 0.3953125 0.35 0.04375 0.04814814814814815
8 0.39869791666666665 0.3199074074074074 0.0171875 0.05277777777777778
7 0.6893229166666667 0.35509259259259257 0.019270833333333334 0.09537037037037037
10 0.7747395833333334 0.22453703703703703 0.013020833333333334 0.026851851851851852
9 0.8596354166666667 0.1259259259259259 0.018229166666666668 0.08148148148148149
9 0.8276041666666667 0.21712962962962962 0.014583333333333334 0.05648148148148148
6 0.84140625 0.399537037037037 0.058854166666666666 0.0787037037037037
8 0.8427083333333333 0.3712962962962963 0.053125 0.09814814814814815
9 0.8505208333333333 0.23981481481481481 0.013541666666666667 0.02962962962962963
6 0.83984375 0.5046296296296297 0.06302083333333333 0.1648148148148148
8 0.8432291666666667 0.4425925925925926 0.05520833333333333 0.2037037037037037
6 0.7817708333333333 0.5550925925925926 0.084375 0.24351851851851852
8 0.78984375 0.47453703703703703 0.0828125 0.25833333333333336
13 0.9388020833333334 0.41388888888888886 0.12135416666666667 0.4777777777777778
6 0.9333333333333333 0.6824074074074075 0.13229166666666667 0.4222222222222222
8 0.9763020833333333 0.4351851851851852 0.0453125 0.11481481481481481
8 0.9315104166666667 0.6185185185185185 0.1359375 0.48148148148148145
10 0.39010416666666664 0.20833333333333334 0.04375 0.08518518518518518
10 0.4315104166666667 0.05277777777777778 0.0765625 0.10555555555555556