4 0.4895833333333333 0.47685185185185186 0.003125 0.005555555555555556
4 0.4859375 0.4773148148148148 0.004166666666666667 0.004629629629629629
4 0.4903645833333333 0.48333333333333334 0.005729166666666666 0.007407407407407408
4 0.4934895833333333 0.4925925925925926 0.008854166666666666 0.014814814814814815
4 0.49895833333333334 0.5064814814814815 0.011458333333333333 0.012962962962962963
6 0.5065104166666666 0.5060185185185185 0.0046875 0.010185185185185186
8 0.50625 0.5023148148148148 0.005208333333333333 0.013888888888888888
4 0.5130208333333334 0.5018518518518519 0.010416666666666666 0.014814814814814815
1 0.48203125 0.48703703703703705 0.0046875 0.011111111111111112
4 0.4783854166666667 0.4925925925925926 0.005729166666666666 0.009259259259259259
1 0.4752604166666667 0.5032407407407408 0.0078125 0.01574074074074074
4 0.4864583333333333 0.500462962962963 0.007291666666666667 0.010185185185185186
4 0.48125 0.5009259259259259 0.005208333333333333 0.009259259259259259
6 0.48671875 0.5078703703703704 0.0036458333333333334 0.006481481481481481
8 0.48671875 0.5023148148148148 0.0036458333333333334 0.012037037037037037
1 0.4895833333333333 0.49953703703703706 0.009375 0.017592592592592594
6 0.4822916666666667 0.5092592592592593 0.005208333333333333 0.009259259259259259
8 0.4817708333333333 0.5046296296296297 0.004166666666666667 0.014814814814814815
6 0.47682291666666665 0.5120370370370371 0.0046875 0.011111111111111112
8 0.4765625 0.5078703703703704 0.004166666666666667 0.013888888888888888
6 0.47317708333333336 0.5074074074074074 0.0036458333333333334 0.009259259259259259
8 0.47291666666666665 0.5037037037037037 0.003125 0.014814814814814815
1 0.4901041666666667 0.5388888888888889 0.03229166666666667 0.06481481481481481
4 0.5651041666666666 0.4930555555555556 0.008333333333333333 0.008333333333333333
4 0.5721354166666667 0.4912037037037037 0.0067708333333333336 0.012037037037037037
8 0.5653645833333333 0.49444444444444446 0.0026041666666666665 0.011111111111111112
4 0.5716145833333334 0.5106481481481482 0.0203125 0.01574074074074074
4 0.5799479166666667 0.5064814814814815 0.0140625 0.018518518518518517
4 0.6609375 0.5712962962962963 0.084375 0.1111111111111111
1 0.8541666666666666 0.5356481481481481 0.03958333333333333 0.058333333333333334
4 0.8796875 0.5101851851851852 0.0375 0.046296296296296294
4 0.8330729166666667 0.5453703703703704 0.0390625 0.05925925925925926
6 0.9143229166666667 0.5569444444444445 0.030729166666666665 0.041666666666666664
8 0.91484375 0.5430555555555555 0.015104166666666667 0.058333333333333334
6 0.9682291666666667 0.5583333333333333 0.0375 0.05
8 0.9721354166666667 0.5481481481481482 0.0265625 0.06851851851851852
8 0.9609375 0.5476851851851852 0.0125 0.06944444444444445
4 0.9919270833333333 0.549074074074074 0.015104166666666667 0.046296296296296294
7 0.46432291666666664 0.49953703703703706 0.0026041666666666665 0.010185185185185186
7 0.46640625 0.5083333333333333 0.0036458333333333334 0.018518518518518517
7 0.46328125 0.5138888888888888 0.0036458333333333334 0.020370370370370372
7 0.459375 0.5236111111111111 0.004166666666666667 0.023148148148148147
1 0.45416666666666666 0.5018518518518519 0.009375 0.014814814814814815
1 0.4484375 0.5157407407407407 0.013541666666666667 0.024074074074074074
6 0.41484375 0.5569444444444445 0.0234375 0.03611111111111111
7 0.4127604166666667 0.5444444444444444 0.0109375 0.05740740740740741
7 0.4036458333333333 0.5472222222222223 0.0125 0.06111111111111111
6 0.2734375 0.6134259259259259 0.07604166666666666 0.10277777777777777
7 0.03515625 0.6199074074074075 0.0703125 0.1175925925925926
14 0.328125 0.5833333333333334 0.04895833333333333 0.05925925925925926