7 0.6708333333333333 0.5027777777777778 0.008333333333333333 0.014814814814814815
13 0.6296875 0.5097222222222222 0.053125 0.026851851851851852
7 0.5203125 0.5083333333333333 0.015625 0.044444444444444446
8 0.6765625 0.5023148148148148 0.00625 0.01574074074074074
7 0.6916666666666667 0.5032407407407408 0.007291666666666667 0.017592592592592594
7 0.71484375 0.5092592592592593 0.0067708333333333336 0.018518518518518517
7 0.68671875 0.5060185185185185 0.0078125 0.017592592592592594
7 0.7075520833333333 0.513425925925926 0.0203125 0.03425925925925926
7 0.7341145833333333 0.5125 0.0078125 0.019444444444444445
7 0.7765625 0.5032407407407408 0.011458333333333333 0.017592592592592594
14 0.7239583333333334 0.5282407407407408 0.015625 0.028703703703703703
7 0.7411458333333333 0.512962962962963 0.017708333333333333 0.046296296296296294
7 0.7385416666666667 0.5550925925925926 0.020833333333333332 0.06388888888888888
7 0.6497395833333334 0.5097222222222222 0.018229166666666668 0.026851851851851852
13 0.8411458333333334 0.5189814814814815 0.13958333333333334 0.23981481481481481
1 0.78984375 0.5990740740740741 0.08489583333333334 0.17777777777777778
6 0.796875 0.6398148148148148 0.016666666666666666 0.1037037037037037
8 0.7984375 0.5462962962962963 0.025 0.06296296296296296
8 0.7927083333333333 0.5814814814814815 0.029166666666666667 0.13333333333333333
7 0.8744791666666667 0.5925925925925926 0.029166666666666667 0.15185185185185185
7 0.78828125 0.5962962962962963 0.0953125 0.16111111111111112
7 0.83359375 0.6574074074074074 0.06197916666666667 0.31666666666666665
7 0.7786458333333334 0.6462962962962963 0.051041666666666666 0.24814814814814815
7 0.8846354166666667 0.5949074074074074 0.0515625 0.18796296296296297
4 0.47109375 0.575925925925926 0.1265625 0.18333333333333332
6 0.5057291666666667 0.625462962962963 0.04375 0.12314814814814815
7 0.56484375 0.5166666666666667 0.0140625 0.025925925925925925
7 0.38697916666666665 0.6189814814814815 0.029166666666666667 0.16018518518518518
7 0.36796875 0.5962962962962963 0.034895833333333334 0.1685185185185185
7 0.35520833333333335 0.5652777777777778 0.025 0.0712962962962963
7 0.33697916666666666 0.6060185185185185 0.03958333333333333 0.14166666666666666
6 0.43854166666666666 0.6916666666666667 0.08020833333333334 0.18333333333333332
8 0.4122395833333333 0.5995370370370371 0.044270833333333336 0.12314814814814815
7 0.4356770833333333 0.7657407407407407 0.08072916666666667 0.45555555555555555
7 0.3653645833333333 0.7930555555555555 0.11197916666666667 0.4046296296296296
7 0.12526041666666668 0.6166666666666667 0.08177083333333333 0.2759259259259259
7 0.07005208333333333 0.5898148148148148 0.04739583333333333 0.19444444444444445
7 0.1796875 0.6884259259259259 0.07708333333333334 0.25092592592592594
6 0.2203125 0.8722222222222222 0.140625 0.25
7 0.0546875 0.6486111111111111 0.0625 0.18611111111111112
8 0.15625 0.7976851851851852 0.21875 0.4009259259259259
8 0.05703125 0.8041666666666667 0.11302083333333333 0.38796296296296295
8 0.047135416666666666 0.9152777777777777 0.09322916666666667 0.1638888888888889
8 0.9135416666666667 0.48518518518518516 0.027083333333333334 0.04259259259259259
7 0.9895833333333334 0.5291666666666667 0.017708333333333333 0.075
7 0.9440104166666666 0.6574074074074074 0.09635416666666667 0.6129629629629629
7 0.9158854166666667 0.7472222222222222 0.1640625 0.5
4 0.6546875 0.7569444444444444 0.35208333333333336 0.4824074074074074
8 0.63203125 0.5152777777777777 0.0067708333333333336 0.006481481481481481