3 0.023177083333333334 0.37037037037037035 0.04635416666666667 0.05925925925925926
13 0.10807291666666667 0.37916666666666665 0.13177083333333334 0.17314814814814813
3 0.23307291666666666 0.3662037037037037 0.0953125 0.05092592592592592
8 0.4083333333333333 0.45925925925925926 0.014583333333333334 0.046296296296296294
8 0.3963541666666667 0.4689814814814815 0.013541666666666667 0.0712962962962963
4 0.4552083333333333 0.4986111111111111 0.121875 0.11018518518518519
4 0.5747395833333333 0.4550925925925926 0.09427083333333333 0.03611111111111111
4 0.6203125 0.6305555555555555 0.4510416666666667 0.3537037037037037
6 0.9067708333333333 0.5615740740740741 0.03854166666666667 0.09722222222222222
4 0.8278645833333333 0.8763888888888889 0.3296875 0.24166666666666667
4 0.20104166666666667 0.41944444444444445 0.22291666666666668 0.10740740740740741
4 0.022916666666666665 0.39166666666666666 0.04583333333333333 0.024074074074074074
4 0.0515625 0.5106481481481482 0.10104166666666667 0.22685185185185186
4 0.221875 0.6995370370370371 0.4322916666666667 0.5824074074074074