3 0.9427083333333334 0.3384259259259259 0.021875 0.04722222222222222
7 0.9151041666666667 0.34305555555555556 0.00625 0.028703703703703703
7 0.91953125 0.34120370370370373 0.0067708333333333336 0.028703703703703703
4 0.94609375 0.36574074074074076 0.024479166666666666 0.05555555555555555
13 0.9739583333333334 0.3453703703703704 0.051041666666666666 0.23333333333333334
6 0.9234375 0.3921296296296296 0.027083333333333334 0.07685185185185185
8 0.9234375 0.3726851851851852 0.025 0.075
8 0.9208333333333333 0.3773148148148148 0.021875 0.0787037037037037
7 0.7619791666666667 0.35 0.017708333333333333 0.07222222222222222
6 0.8364583333333333 0.39537037037037037 0.03125 0.04259259259259259
8 0.8356770833333333 0.37962962962962965 0.030729166666666665 0.09259259259259259
1 0.7200520833333334 0.3578703703703704 0.09010416666666667 0.058333333333333334
8 0.6625 0.3726851851851852 0.026041666666666668 0.04722222222222222
4 0.965625 0.5578703703703703 0.06770833333333333 0.3194444444444444
4 0.7098958333333333 0.6 0.3645833333333333 0.6018518518518519