4 0.15104166666666666 0.7870370370370371 0.3020833333333333 0.4111111111111111
6 0.26171875 0.7421296296296296 0.1140625 0.16018518518518518
6 0.4322916666666667 0.6152777777777778 0.09791666666666667 0.12129629629629629
6 0.459375 0.611574074074074 0.071875 0.10462962962962963
6 0.4765625 0.6111111111111112 0.06979166666666667 0.10925925925925926
7 0.534375 0.5467592592592593 0.017708333333333333 0.06574074074074074
4 0.5755208333333334 0.5972222222222222 0.09375 0.13333333333333333
1 0.5890625 0.5416666666666666 0.052083333333333336 0.06481481481481481
13 0.8791666666666667 0.6833333333333333 0.240625 0.6277777777777778
7 0.7385416666666667 0.6111111111111112 0.028125 0.14814814814814814
6 0.6231770833333333 0.5449074074074074 0.018229166666666668 0.028703703703703703
6 0.63984375 0.575 0.016145833333333335 0.04259259259259259
8 0.63984375 0.5537037037037037 0.0203125 0.06666666666666667
8 0.6385416666666667 0.5527777777777778 0.022916666666666665 0.06851851851851852
7 0.65390625 0.538425925925926 0.008854166666666666 0.04351851851851852
6 0.6614583333333334 0.5398148148148149 0.011458333333333333 0.025925925925925925
6 0.6723958333333333 0.5328703703703703 0.0125 0.023148148148148147
8 0.6723958333333333 0.5236111111111111 0.011458333333333333 0.03611111111111111
8 0.6588541666666666 0.5300925925925926 0.008333333333333333 0.03425925925925926
7 0.6817708333333333 0.5171296296296296 0.007291666666666667 0.025
6 0.6921875 0.5217592592592593 0.007291666666666667 0.01574074074074074
1 0.70625 0.5212962962962963 0.016666666666666666 0.037037037037037035
6 0.7018229166666666 0.5504629629629629 0.016145833333333335 0.04537037037037037
8 0.7028645833333333 0.5361111111111111 0.016145833333333335 0.05925925925925926
4 0.7442708333333333 0.5180555555555556 0.017708333333333333 0.03981481481481482
1 0.7315104166666667 0.5263888888888889 0.0328125 0.0787037037037037
7 0.5536458333333333 0.5157407407407407 0.009375 0.03333333333333333
7 0.628125 0.5194444444444445 0.004166666666666667 0.018518518518518517
7 0.63671875 0.5180555555555556 0.0046875 0.019444444444444445
7 0.6315104166666666 0.5152777777777777 0.005729166666666666 0.023148148148148147