7 0.5989583333333334 0.41064814814814815 0.021875 0.09166666666666666
7 0.62578125 0.4203703703703704 0.027604166666666666 0.14074074074074075
1 0.49375 0.3851851851851852 0.05625 0.018518518518518517
1 0.309375 0.5726851851851852 0.075 0.35833333333333334
8 0.20755208333333333 0.48564814814814816 0.0390625 0.12314814814814815
6 0.22942708333333334 0.6 0.028645833333333332 0.12222222222222222
6 0.1734375 0.7175925925925926 0.11666666666666667 0.2796296296296296
8 0.18645833333333334 0.624537037037037 0.115625 0.4046296296296296
8 0.024739583333333332 0.5606481481481481 0.04635416666666667 0.17314814814814813
6 0.05625 0.6314814814814815 0.020833333333333332 0.04259259259259259
14 0.09817708333333333 0.8074074074074075 0.19427083333333334 0.37962962962962965
8 0.59375 0.5717592592592593 0.07291666666666667 0.3175925925925926
6 0.6669270833333333 0.7152777777777778 0.1390625 0.4101851851851852
6 0.590625 0.6087962962962963 0.0625 0.22870370370370371
1 0.4390625 0.6925925925925925 0.2552083333333333 0.6129629629629629
6 0.840625 0.8550925925925926 0.3072916666666667 0.287962962962963
8 0.8309895833333333 0.7384259259259259 0.2890625 0.5212962962962963
8 0.6674479166666667 0.6504629629629629 0.12239583333333333 0.47685185185185186