6 0.03463541666666667 0.6569444444444444 0.06927083333333334 0.10092592592592593
7 0.07109375 0.6421296296296296 0.0390625 0.1675925925925926
6 0.1140625 0.6546296296296297 0.06041666666666667 0.11666666666666667
7 0.10182291666666667 0.5791666666666667 0.028645833333333332 0.06388888888888888
7 0.15078125 0.6240740740740741 0.03177083333333333 0.13333333333333333
7 0.19244791666666666 0.638425925925926 0.0359375 0.14722222222222223
7 0.17083333333333334 0.6078703703703704 0.026041666666666668 0.125
6 0.29270833333333335 0.6268518518518519 0.05625 0.0962962962962963
7 0.3796875 0.6069444444444444 0.03229166666666667 0.13796296296296295
1 0.46380208333333334 0.6611111111111111 0.10989583333333333 0.24444444444444444
1 0.4981770833333333 0.5861111111111111 0.043229166666666666 0.12037037037037036
1 0.45989583333333334 0.5402777777777777 0.04895833333333333 0.01574074074074074
6 0.5291666666666667 0.5648148148148148 0.011458333333333333 0.014814814814814815
8 0.5260416666666666 0.5583333333333333 0.010416666666666666 0.022222222222222223
6 0.5645833333333333 0.6050925925925926 0.03125 0.0712962962962963
8 0.5625 0.5773148148148148 0.025 0.09907407407407408
1 0.5828125 0.5708333333333333 0.046875 0.0824074074074074
1 0.6473958333333333 0.5625 0.05416666666666667 0.075
1 0.6973958333333333 0.5412037037037037 0.025 0.05277777777777778
1 0.7513020833333334 0.5583333333333333 0.04114583333333333 0.06481481481481481
1 0.7200520833333334 0.5550925925925926 0.0515625 0.06944444444444445
6 0.7614583333333333 0.575462962962963 0.026041666666666668 0.032407407407407406
6 0.8046875 0.5638888888888889 0.015625 0.04259259259259259
8 0.7598958333333333 0.5453703703703704 0.010416666666666666 0.03333333333333333
8 0.7489583333333333 0.5467592592592593 0.011458333333333333 0.03611111111111111
8 0.73828125 0.5574074074074075 0.011979166666666667 0.06111111111111111
8 0.7591145833333334 0.5638888888888889 0.0296875 0.053703703703703705
8 0.80390625 0.55 0.016145833333333335 0.04259259259259259
1 0.878125 0.5671296296296297 0.08333333333333333 0.11018518518518519
4 0.7356770833333334 0.7949074074074074 0.5276041666666667 0.4083333333333333
7 0.6739583333333333 0.5439814814814815 0.015625 0.06018518518518518
7 0.7776041666666667 0.5560185185185185 0.015625 0.06574074074074074
6 0.6388020833333333 0.5902777777777778 0.018229166666666668 0.028703703703703703
8 0.6356770833333333 0.5736111111111111 0.0234375 0.06018518518518518
8 0.6203125 0.5782407407407407 0.028125 0.08611111111111111