7 0.37526041666666665 0.5277777777777778 0.008854166666666666 0.037037037037037035
7 0.3828125 0.5268518518518519 0.008333333333333333 0.04259259259259259
3 0.46432291666666664 0.5328703703703703 0.1671875 0.29907407407407405
3 0.5731770833333333 0.4962962962962963 0.0578125 0.06851851851851852
4 0.5619791666666667 0.5504629629629629 0.040625 0.08055555555555556
8 0.5901041666666667 0.524074074074074 0.014583333333333334 0.024074074074074074
6 0.5890625 0.5342592592592592 0.019791666666666666 0.027777777777777776
6 0.5854166666666667 0.5643518518518519 0.03333333333333333 0.025
8 0.5841145833333333 0.5439814814814815 0.028645833333333332 0.05092592592592592
6 0.5864583333333333 0.6939814814814815 0.075 0.20277777777777778
8 0.5872395833333334 0.6342592592592593 0.06302083333333333 0.2074074074074074
14 0.6122395833333333 0.5083333333333333 0.008854166666666666 0.020370370370370372
4 0.6296875 0.5361111111111111 0.042708333333333334 0.05925925925925926
7 0.659375 0.5013888888888889 0.007291666666666667 0.021296296296296296
1 0.6622395833333333 0.5472222222222223 0.025520833333333333 0.08888888888888889
1 0.6489583333333333 0.5435185185185185 0.011458333333333333 0.07222222222222222
1 0.6890625 0.5398148148148149 0.06041666666666667 0.07407407407407407
1 0.7578125 0.5847222222222223 0.125 0.15648148148148147
1 0.85703125 0.5166666666666667 0.08697916666666666 0.03518518518518519
1 0.9510416666666667 0.5745370370370371 0.096875 0.13055555555555556
1 0.8919270833333334 0.6995370370370371 0.20052083333333334 0.38055555555555554
6 0.7893229166666667 0.8606481481481482 0.15572916666666667 0.27685185185185185
8 0.7723958333333333 0.7652777777777777 0.18020833333333333 0.4675925925925926
8 0.6690104166666667 0.6259259259259259 0.028645833333333332 0.19074074074074074
8 0.6911458333333333 0.6393518518518518 0.06041666666666667 0.19722222222222222
6 0.6908854166666667 0.7027777777777777 0.07552083333333333 0.18888888888888888
6 0.5895833333333333 0.5370370370370371 0.020833333333333332 0.02962962962962963
4 0.3453125 0.7509259259259259 0.29270833333333335 0.49074074074074076
7 0.340625 0.538425925925926 0.005208333333333333 0.041666666666666664
7 0.3463541666666667 0.5361111111111111 0.010416666666666666 0.04814814814814815
7 0.32786458333333335 0.5425925925925926 0.013020833333333334 0.044444444444444446
7 0.2986979166666667 0.5416666666666666 0.008854166666666666 0.04259259259259259
7 0.309375 0.5375 0.010416666666666666 0.04537037037037037
8 0.3177083333333333 0.5537037037037037 0.017708333333333333 0.046296296296296294
6 0.31666666666666665 0.5662037037037037 0.025 0.03611111111111111
4 0.24557291666666667 0.5787037037037037 0.05677083333333333 0.07777777777777778
1 0.15260416666666668 0.5990740740740741 0.06145833333333333 0.11296296296296296
10 0.1515625 0.6444444444444445 0.014583333333333334 0.022222222222222223
7 0.10651041666666666 0.6050925925925926 0.027604166666666666 0.09537037037037037
10 0.031510416666666666 0.4722222222222222 0.0234375 0.06111111111111111
7 0.011197916666666667 0.6134259259259259 0.022395833333333334 0.12314814814814815
8 0.07109375 0.7509259259259259 0.1296875 0.362962962962963
6 0.07083333333333333 0.8319444444444445 0.14166666666666666 0.33425925925925926
7 0.7369791666666666 0.49907407407407406 0.011458333333333333 0.016666666666666666
7 0.7463541666666667 0.5037037037037037 0.007291666666666667 0.007407407407407408