6 0.0067708333333333336 0.6523148148148148 0.013541666666666667 0.08055555555555556
6 0.08072916666666667 0.6430555555555556 0.08958333333333333 0.09537037037037037
6 0.13880208333333333 0.6361111111111111 0.07864583333333333 0.11296296296296296
7 0.16223958333333333 0.6300925925925925 0.034895833333333334 0.14722222222222223
7 0.1796875 0.6134259259259259 0.022916666666666665 0.1287037037037037
7 0.20026041666666666 0.5953703703703703 0.024479166666666666 0.12962962962962962
7 0.27395833333333336 0.6134259259259259 0.028125 0.1287037037037037
6 0.3111979166666667 0.6134259259259259 0.04739583333333333 0.08611111111111111
7 0.36875 0.5967592592592592 0.029166666666666667 0.13796296296296295
1 0.46197916666666666 0.6648148148148149 0.134375 0.2574074074074074
1 0.5052083333333334 0.5773148148148148 0.04583333333333333 0.11203703703703703
1 0.4515625 0.5300925925925926 0.029166666666666667 0.01574074074074074
1 0.54609375 0.5449074074074074 0.0421875 0.03796296296296296
1 0.5953125 0.5615740740740741 0.04895833333333333 0.0787037037037037
6 0.5557291666666667 0.6342592592592593 0.053125 0.12407407407407407
8 0.56328125 0.6023148148148149 0.028645833333333332 0.13425925925925927
8 0.5486979166666667 0.6041666666666666 0.03802083333333333 0.13055555555555556
1 0.6552083333333333 0.5615740740740741 0.06666666666666667 0.08981481481481482
2 0.6997395833333333 0.5800925925925926 0.0265625 0.04351851851851852
6 0.6372395833333333 0.6421296296296296 0.0546875 0.12685185185185185
8 0.6453125 0.6171296296296296 0.03854166666666667 0.14722222222222223
6 0.68125 0.5925925925925926 0.03229166666666667 0.06111111111111111
8 0.6877604166666667 0.5657407407407408 0.013020833333333334 0.08148148148148149
8 0.6833333333333333 0.5717592592592593 0.016666666666666666 0.09351851851851851
8 0.67578125 0.5648148148148148 0.0234375 0.08148148148148149
1 0.69453125 0.537962962962963 0.024479166666666666 0.05185185185185185
10 0.728125 0.6064814814814815 0.008333333333333333 0.014814814814814815
1 0.74609375 0.562962962962963 0.0296875 0.0962962962962963
1 0.79921875 0.5537037037037037 0.08802083333333334 0.1
6 0.9598958333333333 0.5550925925925926 0.019791666666666666 0.04351851851851852
4 0.7721354166666666 0.7842592592592592 0.4546875 0.42592592592592593