3 0.76640625 0.48564814814814816 0.24739583333333334 0.31203703703703706
9 0.04140625 0.32314814814814813 0.005729166666666666 0.025925925925925925
8 0.045572916666666664 0.36712962962962964 0.008854166666666666 0.01574074074074074
4 0.029166666666666667 0.39861111111111114 0.058333333333333334 0.05092592592592592
4 0.12734375 0.38101851851851853 0.17552083333333332 0.10648148148148148
6 0.8481770833333333 0.7875 0.2994791666666667 0.42314814814814816
8 0.9229166666666667 0.7171296296296297 0.14791666666666667 0.5638888888888889
13 0.42942708333333335 0.44351851851851853 0.45677083333333335 0.8185185185185185
4 0.17317708333333334 0.7078703703703704 0.3463541666666667 0.575
6 0.2791666666666667 0.8527777777777777 0.21979166666666666 0.28888888888888886
8 0.37890625 0.700925925925926 0.3098958333333333 0.5962962962962963