3 0.4984375 0.5222222222222223 0.014583333333333334 0.025925925925925925
13 0.5208333333333334 0.5342592592592592 0.034375 0.07222222222222222
1 0.5 0.5541666666666667 0.019791666666666666 0.04351851851851852
1 0.48359375 0.5370370370370371 0.015104166666666667 0.009259259259259259
4 0.5533854166666666 0.5736111111111111 0.0484375 0.0824074074074074
4 0.4671875 0.5458333333333333 0.016666666666666666 0.021296296296296296
6 0.4640625 0.5537037037037037 0.008333333333333333 0.020370370370370372
4 0.48515625 0.5657407407407408 0.0359375 0.05185185185185185
13 0.43125 0.524074074074074 0.0375 0.06296296296296296
1 0.44895833333333335 0.5527777777777778 0.026041666666666668 0.05555555555555555
13 0.3888020833333333 0.5175925925925926 0.04739583333333333 0.07037037037037037
1 0.41067708333333336 0.5587962962962963 0.03177083333333333 0.06018518518518518
6 0.43125 0.5884259259259259 0.022916666666666665 0.06018518518518518
8 0.42942708333333335 0.5708333333333333 0.018229166666666668 0.062037037037037036
8 0.4265625 0.5837962962962963 0.029166666666666667 0.09166666666666666
1 0.3734375 0.5430555555555555 0.022916666666666665 0.023148148148148147
8 0.3885416666666667 0.562037037037037 0.014583333333333334 0.05185185185185185
6 0.38515625 0.5680555555555555 0.0140625 0.041666666666666664
1 0.3380208333333333 0.5467592592592593 0.019791666666666666 0.025
4 0.35390625 0.5537037037037037 0.04114583333333333 0.03148148148148148
1 0.3143229166666667 0.5472222222222223 0.0265625 0.03333333333333333
7 0.3575520833333333 0.612037037037037 0.024479166666666666 0.11851851851851852
7 0.3421875 0.625 0.029166666666666667 0.14074074074074075
1 0.054427083333333334 0.5509259259259259 0.0328125 0.02962962962962963
7 0.08072916666666667 0.5412037037037037 0.005208333333333333 0.026851851851851852
1 0.11223958333333334 0.5486111111111112 0.03177083333333333 0.026851851851851852
4 0.11510416666666666 0.5935185185185186 0.04895833333333333 0.07592592592592592
4 0.04192708333333333 0.6060185185185185 0.08385416666666666 0.12685185185185185
8 0.09583333333333334 0.662962962962963 0.07395833333333333 0.18518518518518517
6 0.07473958333333333 0.8037037037037037 0.10677083333333333 0.21851851851851853
13 0.5716145833333334 0.524537037037037 0.015104166666666667 0.03796296296296296
4 0.62109375 0.5481481481481482 0.015104166666666667 0.020370370370370372
1 0.6364583333333333 0.5486111111111112 0.01875 0.028703703703703703
4 0.6625 0.5541666666666667 0.021875 0.019444444444444445
3 0.93515625 0.5504629629629629 0.09427083333333333 0.06388888888888888
3 0.9901041666666667 0.5481481481481482 0.01875 0.10925925925925926
1 0.9541666666666667 0.562037037037037 0.025 0.044444444444444446
8 0.9752604166666666 0.5763888888888888 0.0140625 0.049074074074074076
6 0.98125 0.6092592592592593 0.022916666666666665 0.05
7 0.9888020833333333 0.5986111111111111 0.021354166666666667 0.08611111111111111
4 0.925 0.5833333333333334 0.10104166666666667 0.10740740740740741
1 0.8513020833333333 0.5875 0.058854166666666666 0.09537037037037037
6 0.853125 0.6023148148148149 0.03333333333333333 0.0712962962962963
8 0.909375 0.5898148148148148 0.014583333333333334 0.07407407407407407
8 0.9140625 0.5962962962962963 0.036458333333333336 0.0962962962962963
6 0.91640625 0.6092592592592593 0.027604166666666666 0.07777777777777778
8 0.8513020833333333 0.5916666666666667 0.024479166666666666 0.09814814814814815
13 0.78984375 0.5657407407407408 0.08072916666666667 0.12777777777777777
7 0.6973958333333333 0.5583333333333333 0.011458333333333333 0.044444444444444446
7 0.6916666666666667 0.5773148148148148 0.017708333333333333 0.0712962962962963
6 0.7044270833333334 0.6092592592592593 0.05364583333333333 0.07962962962962963
8 0.71171875 0.5907407407407408 0.0328125 0.08703703703703704
7 0.7286458333333333 0.5958333333333333 0.027083333333333334 0.10277777777777777
7 0.6041666666666666 0.5703703703703704 0.009375 0.07777777777777778
7 0.6104166666666667 0.5717592592592593 0.011458333333333333 0.0787037037037037
6 0.5942708333333333 0.5939814814814814 0.020833333333333332 0.058333333333333334
8 0.5940104166666667 0.575462962962963 0.019270833333333334 0.0712962962962963
8 0.596875 0.5736111111111111 0.017708333333333333 0.06388888888888888
6 0.5309895833333333 0.663425925925926 0.0390625 0.11018518518518519
8 0.5359375 0.6240740740740741 0.03958333333333333 0.13518518518518519
6 0.7622395833333333 0.8273148148148148 0.1328125 0.2916666666666667
8 0.7330729166666666 0.7092592592592593 0.1015625 0.3351851851851852
8 0.7635416666666667 0.7078703703703704 0.14375 0.35648148148148145
1 0.23151041666666666 0.7490740740740741 0.23489583333333333 0.43703703703703706