6 0.40651041666666665 0.39166666666666666 0.0046875 0.011111111111111112
8 0.40625 0.38657407407407407 0.005208333333333333 0.013888888888888888
4 0.4278645833333333 0.38796296296296295 0.008854166666666666 0.016666666666666666
4 0.42213541666666665 0.38981481481481484 0.013020833333333334 0.020370370370370372
6 0.47369791666666666 0.42592592592592593 0.008854166666666666 0.03333333333333333
8 0.4739583333333333 0.41944444444444445 0.010416666666666666 0.03333333333333333
6 0.39947916666666666 0.39305555555555555 0.004166666666666667 0.006481481481481481
8 0.3997395833333333 0.3875 0.0026041666666666665 0.008333333333333333
7 0.4083333333333333 0.4 0.004166666666666667 0.022222222222222223
6 0.41848958333333336 0.4324074074074074 0.009895833333333333 0.027777777777777776
8 0.4192708333333333 0.42268518518518516 0.009375 0.03425925925925926
6 0.36953125 0.4273148148148148 0.0140625 0.041666666666666664
7 0.32578125 0.42314814814814816 0.013020833333333334 0.025925925925925925
4 0.34296875 0.47685185185185186 0.0484375 0.08703703703703704
7 0.3463541666666667 0.5125 0.03229166666666667 0.14537037037037037
1 0.30078125 0.5046296296296297 0.0609375 0.15925925925925927
6 0.18177083333333333 0.4875 0.015625 0.04537037037037037
1 0.23359375 0.5296296296296297 0.1078125 0.20925925925925926
6 0.5140625 0.399537037037037 0.009375 0.012037037037037037
8 0.51328125 0.39537037037037037 0.005729166666666666 0.018518518518518517
4 0.5528645833333333 0.41203703703703703 0.021354166666666667 0.024074074074074074
6 0.5807291666666666 0.4162037037037037 0.015625 0.021296296296296296
6 0.7395833333333334 0.4398148148148148 0.011458333333333333 0.025925925925925925
4 0.7153645833333333 0.46574074074074073 0.0515625 0.05925925925925926
6 0.8106770833333333 0.4685185185185185 0.0203125 0.03888888888888889
7 0.8203125 0.4615740740740741 0.008333333333333333 0.0712962962962963
7 0.8114583333333333 0.46574074074074073 0.013541666666666667 0.06851851851851852
4 0.8653645833333333 0.46111111111111114 0.05260416666666667 0.05185185185185185
7 0.9046875 0.49675925925925923 0.01875 0.08796296296296297
10 0.32526041666666666 0.3486111111111111 0.013020833333333334 0.032407407407407406
7 0.5893229166666667 0.3888888888888889 0.005729166666666666 0.012962962962962963
10 0.32421875 0.37037037037037035 0.0109375 0.005555555555555556
10 0.40130208333333334 0.36944444444444446 0.0036458333333333334 0.012962962962962963
6 0.6419270833333334 0.4217592592592593 0.0140625 0.01574074074074074
6 0.6486979166666667 0.4203703703703704 0.015104166666666667 0.018518518518518517
6 0.6731770833333334 0.4217592592592593 0.018229166666666668 0.021296296296296296
7 0.7166666666666667 0.4236111111111111 0.011458333333333333 0.023148148148148147
7 0.16354166666666667 0.48333333333333334 0.014583333333333334 0.025925925925925925
6 0.5916666666666667 0.4134259259259259 0.007291666666666667 0.01574074074074074
8 0.18854166666666666 0.46296296296296297 0.013541666666666667 0.07037037037037037
7 0.3984375 0.4023148148148148 0.005208333333333333 0.017592592592592594
7 0.9510416666666667 0.5185185185185185 0.009375 0.08703703703703704