14 0.16927083333333334 0.6092592592592593 0.09895833333333333 0.09259259259259259
7 0.23541666666666666 0.5472222222222223 0.015625 0.03518518518518519
7 0.28567708333333336 0.5546296296296296 0.011979166666666667 0.07222222222222222
6 0.2716145833333333 0.6078703703703704 0.059895833333333336 0.08425925925925926
1 0.4109375 0.562962962962963 0.030208333333333334 0.06666666666666667
6 0.47942708333333334 0.5583333333333333 0.015104166666666667 0.025925925925925925
6 0.48541666666666666 0.5564814814814815 0.010416666666666666 0.025925925925925925
6 0.5049479166666667 0.5680555555555555 0.013020833333333334 0.032407407407407406
8 0.5057291666666667 0.5574074074074075 0.0125 0.04259259259259259
7 0.47682291666666665 0.549537037037037 0.008854166666666666 0.04722222222222222
7 0.4953125 0.5407407407407407 0.005208333333333333 0.024074074074074074
7 0.49895833333333334 0.5407407407407407 0.004166666666666667 0.022222222222222223
1 0.5276041666666667 0.5560185185185185 0.025 0.05277777777777778
4 0.54921875 0.5472222222222223 0.016145833333333335 0.022222222222222223
7 0.5161458333333333 0.5282407407407408 0.0020833333333333333 0.013888888888888888
1 0.5385416666666667 0.5324074074074074 0.007291666666666667 0.018518518518518517
8 0.5463541666666667 0.5300925925925926 0.004166666666666667 0.012037037037037037
1 0.5234375 0.5171296296296296 0.005208333333333333 0.008333333333333333
1 0.521875 0.5180555555555556 0.005208333333333333 0.004629629629629629
14 0.521875 0.5287037037037037 0.011458333333333333 0.018518518518518517
1 0.528125 0.5305555555555556 0.007291666666666667 0.011111111111111112
6 0.5247395833333334 0.5111111111111111 0.0026041666666666665 0.003703703703703704
8 0.525 0.5092592592592593 0.0020833333333333333 0.007407407407407408
7 0.5166666666666667 0.5166666666666667 0.003125 0.007407407407407408
1 0.5033854166666667 0.524537037037037 0.008854166666666666 0.013888888888888888
13 0.8307291666666666 0.6226851851851852 0.33541666666666664 0.287962962962963
4 0.8645833333333334 0.5578703703703703 0.011458333333333333 0.010185185185185186
10 0.6255208333333333 0.5847222222222223 0.010416666666666666 0.026851851851851852
7 0.2328125 0.6032407407407407 0.021875 0.07685185185185185
4 0.8203125 0.5625 0.014583333333333334 0.01574074074074074