4 0.8453125 0.549074074074074 0.17604166666666668 0.16296296296296298
4 0.7244791666666667 0.5314814814814814 0.18020833333333333 0.16666666666666666
13 0.03333333333333333 0.34305555555555556 0.053125 0.062037037037037036
4 0.03359375 0.3962962962962963 0.0671875 0.06111111111111111
4 0.13098958333333333 0.3773148148148148 0.18802083333333333 0.10833333333333334
13 0.4200520833333333 0.42407407407407405 0.4588541666666667 0.7870370370370371
4 0.17578125 0.7046296296296296 0.3515625 0.587037037037037
6 0.30911458333333336 0.8541666666666666 0.2078125 0.2861111111111111
8 0.44609375 0.6726851851851852 0.2609375 0.6435185185185185
6 0.8434895833333333 0.7805555555555556 0.3098958333333333 0.43333333333333335
8 0.9239583333333333 0.7129629629629629 0.14895833333333333 0.5666666666666667