7 0.3815104166666667 0.5365740740740741 0.005729166666666666 0.030555555555555555
7 0.38515625 0.5435185185185185 0.009895833333333333 0.03888888888888889
8 0.40078125 0.5583333333333333 0.016145833333333335 0.06666666666666667
8 0.39088541666666665 0.5634259259259259 0.0171875 0.062037037037037036
8 0.3893229166666667 0.562962962962963 0.022395833333333334 0.05740740740740741
6 0.39505208333333336 0.5745370370370371 0.018229166666666668 0.05277777777777778
14 0.4127604166666667 0.5296296296296297 0.027604166666666666 0.03148148148148148
1 0.4401041666666667 0.5638888888888889 0.06145833333333333 0.08703703703703704
7 0.471875 0.5347222222222222 0.005208333333333333 0.03611111111111111
7 0.48802083333333335 0.5319444444444444 0.009375 0.03425925925925926
7 0.475 0.5342592592592592 0.011458333333333333 0.03518518518518519
7 0.48072916666666665 0.538425925925926 0.008333333333333333 0.030555555555555555
7 0.48515625 0.5402777777777777 0.0109375 0.025
7 0.49270833333333336 0.5430555555555555 0.017708333333333333 0.025
6 0.54765625 0.575462962962963 0.024479166666666666 0.058333333333333334
7 0.39921875 0.6069444444444444 0.016145833333333335 0.06944444444444445
4 0.47630208333333335 0.6912037037037037 0.17760416666666667 0.30648148148148147
7 0.5622395833333333 0.5703703703703704 0.0109375 0.08148148148148149
7 0.5723958333333333 0.5564814814814815 0.017708333333333333 0.08148148148148149
6 0.5802083333333333 0.6166666666666667 0.040625 0.10555555555555556
6 0.6083333333333333 0.5967592592592592 0.03125 0.09351851851851851
6 0.628125 0.5921296296296297 0.021875 0.09166666666666666
7 0.6565104166666667 0.5907407407407408 0.0234375 0.1574074074074074
7 0.6419270833333334 0.6370370370370371 0.033854166666666664 0.21666666666666667
7 0.6705729166666666 0.6032407407407407 0.0203125 0.15092592592592594
7 0.6809895833333334 0.6013888888888889 0.0484375 0.18425925925925926
7 0.7088541666666667 0.5638888888888889 0.04479166666666667 0.15185185185185185
7 0.73828125 0.5569444444444445 0.07135416666666666 0.16203703703703703
7 0.7807291666666667 0.6476851851851851 0.036458333333333336 0.23425925925925925
7 0.79296875 0.6203703703703703 0.025520833333333333 0.1
7 0.8158854166666667 0.6981481481481482 0.06302083333333333 0.31296296296296294
7 0.8611979166666667 0.6092592592592593 0.03697916666666667 0.14814814814814814
7 0.85234375 0.6861111111111111 0.058854166666666666 0.09814814814814815
6 0.7580729166666667 0.8305555555555556 0.16822916666666668 0.3351851851851852
8 0.70859375 0.7513888888888889 0.06822916666666666 0.39351851851851855
8 0.7552083333333334 0.7648148148148148 0.1625 0.4666666666666667
7 0.940625 0.4527777777777778 0.025 0.06851851851851852
7 0.9244791666666666 0.562037037037037 0.021875 0.03888888888888889
7 0.9424479166666667 0.5731481481481482 0.034895833333333334 0.08888888888888889
7 0.9770833333333333 0.5574074074074075 0.017708333333333333 0.05185185185185185
7 0.9684895833333333 0.5740740740740741 0.024479166666666666 0.09259259259259259
6 0.90625 0.7444444444444445 0.153125 0.16111111111111112
7 0.9794270833333333 0.6435185185185185 0.03802083333333333 0.2111111111111111
6 0.9067708333333333 0.8134259259259259 0.18125 0.2861111111111111
8 0.921875 0.6620370370370371 0.15208333333333332 0.19444444444444445
6 0.9763020833333333 0.9439814814814815 0.0453125 0.10277777777777777
8 0.9953125 0.8736111111111111 0.00625 0.0824074074074074
7 0.5158854166666667 0.7425925925925926 0.1671875 0.512962962962963
6 0.37395833333333334 0.562962962962963 0.0125 0.044444444444444446
7 0.3299479166666667 0.5439814814814815 0.013020833333333334 0.09166666666666666
6 0.35963541666666665 0.575 0.0109375 0.05
7 0.33958333333333335 0.5226851851851851 0.010416666666666666 0.023148148148148147
6 0.34348958333333335 0.5958333333333333 0.0703125 0.041666666666666664
7 0.2677083333333333 0.5208333333333334 0.013541666666666667 0.0787037037037037
7 0.21822916666666667 0.4898148148148148 0.027083333333333334 0.12962962962962962
7 0.2591145833333333 0.5944444444444444 0.030729166666666665 0.2574074074074074
7 0.22005208333333334 0.5662037037037037 0.027604166666666666 0.09351851851851851
7 0.23489583333333333 0.6194444444444445 0.04583333333333333 0.25
7 0.18697916666666667 0.5018518518518519 0.013541666666666667 0.046296296296296294
7 0.171875 0.5268518518518519 0.035416666666666666 0.13333333333333333
7 0.11796875 0.649074074074074 0.07239583333333334 0.2740740740740741
7 0.023958333333333335 0.6976851851851852 0.046875 0.5601851851851852
7 0.06041666666666667 0.7712962962962963 0.06770833333333333 0.45555555555555555
7 0.16901041666666666 0.7847222222222222 0.22135416666666666 0.4287037037037037
7 0.21276041666666667 0.6476851851851851 0.08489583333333334 0.24351851851851852
7 0.27838541666666666 0.6046296296296296 0.0265625 0.11666666666666667
7 0.29739583333333336 0.6907407407407408 0.03854166666666667 0.3148148148148148
7 0.3333333333333333 0.7601851851851852 0.096875 0.4740740740740741