14 0.5669270833333333 0.6541666666666667 0.019270833333333334 0.03425925925925926
4 0.5096354166666667 0.6712962962962963 0.09947916666666666 0.18703703703703703
6 0.4158854166666667 0.7685185185185185 0.0953125 0.2759259259259259
8 0.4114583333333333 0.6861111111111111 0.07916666666666666 0.2518518518518518
6 0.7919270833333333 0.7194444444444444 0.0828125 0.18518518518518517
8 0.7697916666666667 0.6768518518518518 0.020833333333333332 0.17777777777777778
8 0.7955729166666666 0.6703703703703704 0.058854166666666666 0.18888888888888888
6 0.9497395833333333 0.7703703703703704 0.09739583333333333 0.23148148148148148
8 0.9348958333333334 0.6574074074074074 0.042708333333333334 0.18703703703703703
8 0.959375 0.7439814814814815 0.07083333333333333 0.30833333333333335
6 0.9763020833333333 0.9050925925925926 0.044270833333333336 0.18611111111111112
8 0.9841145833333333 0.9351851851851852 0.0234375 0.08333333333333333