6 0.9151041666666667 0.5893518518518519 0.03854166666666667 0.08611111111111111
8 0.9247395833333333 0.5481481481481482 0.018229166666666668 0.03888888888888889
9 0.04348958333333333 0.3236111111111111 0.0078125 0.023148148148148147
4 0.004427083333333333 0.3768518518518518 0.0078125 0.020370370370370372
1 0.01953125 0.36574074074074076 0.0234375 0.020370370370370372
8 0.048177083333333336 0.3680555555555556 0.0078125 0.012037037037037037
8 0.041666666666666664 0.3685185185185185 0.010416666666666666 0.012962962962962963
4 0.029427083333333333 0.3962962962962963 0.058854166666666666 0.053703703703703705
4 0.12864583333333332 0.37824074074074077 0.18125 0.10092592592592593
6 0.8440104166666667 0.7828703703703703 0.3109375 0.4324074074074074
13 0.42135416666666664 0.44166666666666665 0.45208333333333334 0.8092592592592592
4 0.17369791666666667 0.7064814814814815 0.34739583333333335 0.5851851851851851
8 0.9229166666666667 0.7101851851851851 0.15 0.5777777777777777