7 0.00703125 0.3435185185185185 0.013020833333333334 0.046296296296296294
7 0.018489583333333334 0.3402777777777778 0.015104166666666667 0.03796296296296296
1 0.04140625 0.3263888888888889 0.024479166666666666 0.0787037037037037
1 0.08098958333333334 0.34305555555555556 0.0828125 0.12314814814814815
1 0.14557291666666666 0.32222222222222224 0.049479166666666664 0.08888888888888889
1 0.19557291666666668 0.32037037037037036 0.059895833333333336 0.09259259259259259
13 0.32473958333333336 0.2759259259259259 0.13697916666666668 0.1648148148148148
6 0.3494791666666667 0.3509259259259259 0.046875 0.1
8 0.33984375 0.33564814814814814 0.044270833333333336 0.09722222222222222
6 0.32916666666666666 0.4027777777777778 0.046875 0.1259259259259259
7 0.37786458333333334 0.3486111111111111 0.0234375 0.125
6 0.3763020833333333 0.33194444444444443 0.0265625 0.06018518518518518
8 0.37265625 0.3194444444444444 0.0203125 0.08888888888888889
7 0.40130208333333334 0.34444444444444444 0.021354166666666667 0.12962962962962962
7 0.40598958333333335 0.3194444444444444 0.0140625 0.08888888888888889
6 0.42734375 0.3282407407407407 0.0453125 0.062037037037037036
6 0.4765625 0.3375 0.04375 0.05648148148148148
8 0.41640625 0.2902777777777778 0.0140625 0.03611111111111111
8 0.42682291666666666 0.3212962962962963 0.019270833333333334 0.08703703703703704
8 0.49192708333333335 0.30648148148148147 0.008854166666666666 0.040740740740740744
8 0.4778645833333333 0.30277777777777776 0.009895833333333333 0.03518518518518519
7 0.4666666666666667 0.3773148148148148 0.04895833333333333 0.2175925925925926
14 0.46640625 0.2574074074074074 0.06197916666666667 0.10925925925925926