13 0.2677083333333333 0.39305555555555555 0.07708333333333334 0.05648148148148148
4 0.22864583333333333 0.4375 0.04895833333333333 0.05462962962962963
8 0.32395833333333335 0.4023148148148148 0.010416666666666666 0.01574074074074074
4 0.275 0.5074074074074074 0.18333333333333332 0.2796296296296296
4 0.37265625 0.42592592592592593 0.028645833333333332 0.046296296296296294
4 0.4856770833333333 0.6652777777777777 0.49635416666666665 0.6675925925925926
4 0.6786458333333333 0.5046296296296297 0.109375 0.22777777777777777
7 0.6549479166666666 0.387037037037037 0.008854166666666666 0.020370370370370372
7 0.64453125 0.38425925925925924 0.005729166666666666 0.012962962962962963
7 0.9630208333333333 0.42916666666666664 0.0375 0.2101851851851852
7 0.9861979166666667 0.4337962962962963 0.0265625 0.19907407407407407
6 0.7572916666666667 0.6226851851851852 0.10833333333333334 0.3287037037037037
8 0.75625 0.524074074074074 0.10104166666666667 0.3055555555555556
8 0.7541666666666667 0.5648148148148148 0.09583333333333334 0.362962962962963
6 0.940625 0.6625 0.11770833333333333 0.35833333333333334
8 0.9359375 0.6041666666666666 0.12708333333333333 0.4527777777777778
6 0.9536458333333333 0.8064814814814815 0.09166666666666666 0.3851851851851852
8 0.9817708333333334 0.7444444444444445 0.035416666666666666 0.5092592592592593
4 0.12369791666666667 0.7407407407407407 0.24739583333333334 0.5166666666666667