14 0.41822916666666665 0.5416666666666666 0.00625 0.020370370370370372
1 0.4127604166666667 0.5444444444444444 0.0078125 0.016666666666666666
14 0.4395833333333333 0.5486111111111112 0.013541666666666667 0.030555555555555555
1 0.42526041666666664 0.549537037037037 0.015104166666666667 0.030555555555555555
14 0.40130208333333334 0.5398148148148149 0.011979166666666667 0.009259259259259259
14 0.39114583333333336 0.5486111111111112 0.010416666666666666 0.021296296296296296
8 0.4088541666666667 0.5449074074074074 0.005208333333333333 0.01574074074074074
6 0.43385416666666665 0.5606481481481481 0.008333333333333333 0.021296296296296296
8 0.43359375 0.5527777777777778 0.008854166666666666 0.03518518518518519
6 0.409375 0.5527777777777778 0.003125 0.011111111111111112
1 0.37916666666666665 0.5615740740740741 0.022916666666666665 0.05092592592592592
6 0.39427083333333335 0.5736111111111111 0.011458333333333333 0.032407407407407406
8 0.3953125 0.5587962962962963 0.009375 0.04537037037037037
6 0.40208333333333335 0.5787037037037037 0.015625 0.04259259259259259
8 0.40234375 0.5652777777777778 0.016145833333333335 0.05092592592592592
6 0.45208333333333334 0.5597222222222222 0.00625 0.021296296296296296
7 0.4434895833333333 0.5537037037037037 0.005729166666666666 0.03333333333333333
6 0.49895833333333334 0.5925925925925926 0.01875 0.06481481481481481
7 0.4479166666666667 0.5546296296296296 0.007291666666666667 0.03888888888888889
7 0.46119791666666665 0.5662037037037037 0.013020833333333334 0.05277777777777778
2 0.47109375 0.611574074074074 0.0390625 0.0787037037037037
7 0.47109375 0.5615740740740741 0.009895833333333333 0.04351851851851852
8 0.48046875 0.5921296296296297 0.0328125 0.11944444444444445
2 0.52578125 0.6421296296296296 0.028645833333333332 0.09907407407407408
7 0.5309895833333333 0.5652777777777778 0.011979166666666667 0.08055555555555556
8 0.5229166666666667 0.6055555555555555 0.029166666666666667 0.12777777777777777
6 0.6296875 0.6416666666666667 0.08541666666666667 0.1685185185185185
6 0.6947916666666667 0.6625 0.08645833333333333 0.2175925925925926
6 0.33645833333333336 0.5791666666666667 0.03229166666666667 0.041666666666666664
7 0.36223958333333334 0.5972222222222222 0.022395833333333334 0.12037037037037036
7 0.31927083333333334 0.5805555555555556 0.015625 0.05555555555555555
7 0.2421875 0.5583333333333333 0.017708333333333333 0.05740740740740741
2 0.23619791666666667 0.6300925925925925 0.06197916666666667 0.09351851851851851
6 0.23619791666666667 0.649537037037037 0.058854166666666666 0.08425925925925926
6 0.22578125 0.6541666666666667 0.0421875 0.08796296296296297
1 0.11171875 0.7189814814814814 0.2234375 0.4027777777777778
7 0.23958333333333334 0.8180555555555555 0.07604166666666666 0.36203703703703705
7 0.0375 0.825 0.075 0.34444444444444444
6 0.6565104166666667 0.5694444444444444 0.03697916666666667 0.06851851851851852