13 0.4544270833333333 0.524074074074074 0.018229166666666668 0.03518518518518519
7 0.4510416666666667 0.5310185185185186 0.005208333333333333 0.025
6 0.484375 0.5361111111111111 0.007291666666666667 0.020370370370370372
8 0.48463541666666665 0.5300925925925926 0.0067708333333333336 0.021296296296296296
8 0.48333333333333334 0.5300925925925926 0.009375 0.021296296296296296
6 0.4942708333333333 0.5305555555555556 0.005208333333333333 0.009259259259259259
8 0.4940104166666667 0.5236111111111111 0.005729166666666666 0.01574074074074074
6 0.49765625 0.5226851851851851 0.0026041666666666665 0.006481481481481481
8 0.49765625 0.5171296296296296 0.0036458333333333334 0.012037037037037037
13 0.4942708333333333 0.5092592592592593 0.010416666666666666 0.022222222222222223
6 0.48880208333333336 0.5180555555555556 0.0046875 0.008333333333333333
6 0.50546875 0.5175925925925926 0.0036458333333333334 0.007407407407407408
8 0.50546875 0.512962962962963 0.0036458333333333334 0.009259259259259259
4 0.5127604166666667 0.513425925925926 0.0067708333333333336 0.012037037037037037
4 0.5205729166666667 0.5157407407407407 0.0078125 0.014814814814814815
4 0.5171875 0.524537037037037 0.0125 0.017592592592592594
4 0.5427083333333333 0.5152777777777777 0.005208333333333333 0.010185185185185186
4 0.5473958333333333 0.5152777777777777 0.005208333333333333 0.008333333333333333
6 0.5596354166666667 0.5208333333333334 0.0036458333333333334 0.008333333333333333
8 0.5596354166666667 0.5171296296296296 0.0036458333333333334 0.012037037037037037
7 0.6283854166666667 0.5310185185185186 0.0036458333333333334 0.01574074074074074
4 0.6513020833333333 0.5472222222222223 0.043229166666666666 0.05185185185185185
4 0.41640625 0.5305555555555556 0.0171875 0.020370370370370372
6 0.42630208333333336 0.5402777777777777 0.011979166666666667 0.023148148148148147
6 0.41875 0.5449074074074074 0.015625 0.023148148148148147
6 0.40546875 0.5472222222222223 0.008854166666666666 0.024074074074074074