7 0.40989583333333335 0.5574074074074075 0.010416666666666666 0.05185185185185185
13 0.5286458333333334 0.5425925925925926 0.019791666666666666 0.044444444444444446
4 0.49505208333333334 0.5527777777777778 0.0328125 0.05740740740740741
13 0.5567708333333333 0.5435185185185185 0.03333333333333333 0.06666666666666667
6 0.4192708333333333 0.5680555555555555 0.009375 0.026851851851851852
8 0.42630208333333336 0.5467592592592593 0.0109375 0.030555555555555555
8 0.43645833333333334 0.55 0.010416666666666666 0.020370370370370372
8 0.42526041666666664 0.5912037037037037 0.025520833333333333 0.10277777777777777
4 0.4708333333333333 0.6263888888888889 0.10416666666666667 0.16203703703703703
6 0.9140625 0.638425925925926 0.04479166666666667 0.09907407407407408
8 0.9208333333333333 0.6046296296296296 0.025 0.11666666666666667
8 0.90625 0.6027777777777777 0.034375 0.1037037037037037