3 0.13697916666666668 0.32407407407407407 0.2708333333333333 0.47962962962962963
6 0.303125 0.47638888888888886 0.09583333333333334 0.15833333333333333
8 0.29010416666666666 0.44814814814814813 0.04479166666666667 0.18518518518518517
7 0.41875 0.43842592592592594 0.04791666666666667 0.20833333333333334
7 0.5078125 0.42916666666666664 0.03854166666666667 0.14351851851851852
6 0.5083333333333333 0.575925925925926 0.13333333333333333 0.24074074074074073
8 0.49114583333333334 0.5046296296296297 0.052083333333333336 0.22777777777777777
7 0.6684895833333333 0.512962962962963 0.0296875 0.24814814814814815
7 0.6317708333333333 0.5337962962962963 0.078125 0.2898148148148148
7 0.7778645833333333 0.5560185185185185 0.0609375 0.3101851851851852
10 0.8880208333333334 0.3296296296296296 0.1125 0.18703703703703703
14 0.9005208333333333 0.6259259259259259 0.19791666666666666 0.25