7 0.5083333333333333 0.5504629629629629 0.007291666666666667 0.032407407407407406
7 0.50546875 0.5513888888888889 0.009895833333333333 0.032407407407407406
7 0.49270833333333336 0.5486111111111112 0.00625 0.030555555555555555
7 0.48776041666666664 0.5504629629629629 0.0078125 0.026851851851851852
7 0.4822916666666667 0.549537037037037 0.007291666666666667 0.019444444444444445
7 0.434375 0.500462962962963 0.017708333333333333 0.04537037037037037
7 0.459375 0.5287037037037037 0.011458333333333333 0.04814814814814815
7 0.45 0.524537037037037 0.0125 0.05648148148148148
7 0.48802083333333335 0.5689814814814815 0.013541666666666667 0.049074074074074076
7 0.49895833333333334 0.562037037037037 0.014583333333333334 0.044444444444444446
7 0.43385416666666665 0.5310185185185186 0.015625 0.041666666666666664
7 0.43776041666666665 0.5421296296296296 0.0203125 0.0824074074074074
7 0.4125 0.549537037037037 0.026041666666666668 0.10833333333333334
7 0.42942708333333335 0.6101851851851852 0.0234375 0.12037037037037036
6 0.48854166666666665 0.5712962962962963 0.011458333333333333 0.022222222222222223
6 0.4739583333333333 0.6125 0.040625 0.0712962962962963
8 0.4739583333333333 0.5884259259259259 0.03229166666666667 0.10462962962962963
8 0.4479166666666667 0.6194444444444445 0.03229166666666667 0.14629629629629629
6 0.4075520833333333 0.7597222222222222 0.08802083333333334 0.2638888888888889
6 0.46197916666666666 0.6939814814814815 0.03958333333333333 0.15092592592592594
7 0.21119791666666668 0.7231481481481481 0.033854166666666664 0.16111111111111112
7 0.23385416666666667 0.7842592592592592 0.071875 0.3814814814814815
7 0.2838541666666667 0.8726851851851852 0.06458333333333334 0.23981481481481481
14 0.525 0.5481481481481482 0.027083333333333334 0.04814814814814815
7 0.51875 0.5601851851851852 0.013541666666666667 0.037037037037037035
7 0.5223958333333333 0.5662037037037037 0.011458333333333333 0.025
1 0.5692708333333333 0.5486111111111112 0.0875 0.049074074074074076
8 0.6171875 0.5537037037037037 0.014583333333333334 0.025925925925925925
7 0.6390625 0.5583333333333333 0.021875 0.03518518518518519
7 0.6721354166666667 0.5555555555555556 0.03802083333333333 0.08148148148148149
7 0.7231770833333333 0.5694444444444444 0.027604166666666666 0.13518518518518519
7 0.7299479166666667 0.5805555555555556 0.0328125 0.1425925925925926
8 0.6729166666666667 0.5773148148148148 0.030208333333333334 0.06759259259259259
8 0.6768229166666667 0.6032407407407407 0.028645833333333332 0.11018518518518519
6 0.6838541666666667 0.6361111111111111 0.020833333333333332 0.06851851851851852
8 0.6958333333333333 0.6143518518518518 0.03333333333333333 0.14722222222222223
8 0.7182291666666667 0.662962962962963 0.06354166666666666 0.24074074074074073
6 0.7177083333333333 0.7407407407407407 0.07395833333333333 0.22037037037037038
7 0.7427083333333333 0.586574074074074 0.011458333333333333 0.04722222222222222
7 0.75078125 0.5875 0.0140625 0.05277777777777778
7 0.7658854166666667 0.5847222222222223 0.018229166666666668 0.06018518518518518
7 0.7536458333333333 0.6689814814814815 0.025 0.15833333333333333
7 0.78046875 0.5888888888888889 0.018229166666666668 0.06296296296296296
7 0.7669270833333334 0.6032407407407407 0.013020833333333334 0.04537037037037037
7 0.7723958333333333 0.6916666666666667 0.04895833333333333 0.1574074074074074
7 0.7817708333333333 0.6134259259259259 0.017708333333333333 0.05277777777777778
7 0.7921875 0.5828703703703704 0.022916666666666665 0.08055555555555556
7 0.8682291666666667 0.5879629629629629 0.011458333333333333 0.07777777777777778
8 0.809375 0.7300925925925926 0.04479166666666667 0.38425925925925924
8 0.8184895833333333 0.7291666666666666 0.059895833333333336 0.3712962962962963
8 0.8260416666666667 0.7699074074074074 0.08541666666666667 0.4527777777777778
7 0.8723958333333334 0.4912037037037037 0.013541666666666667 0.03981481481481482
7 0.890625 0.49953703703703706 0.013541666666666667 0.03611111111111111
7 0.9338541666666667 0.5745370370370371 0.04479166666666667 0.17685185185185184
7 0.9450520833333333 0.5828703703703704 0.0296875 0.1398148148148148
7 0.9375 0.6273148148148148 0.03854166666666667 0.10277777777777777
7 0.875 0.6027777777777777 0.03125 0.08888888888888889
7 0.8705729166666667 0.7449074074074075 0.15989583333333332 0.5083333333333333
7 0.9666666666666667 0.7490740740740741 0.065625 0.5
4 0.5786458333333333 0.7648148148148148 0.309375 0.4666666666666667