1 0.63046875 0.5569444444444445 0.0140625 0.026851851851851852
14 0.64296875 0.5537037037037037 0.022395833333333334 0.05185185185185185
4 0.6184895833333334 0.5615740740740741 0.015104166666666667 0.04351851851851852
1 0.6044270833333333 0.5574074074074075 0.028645833333333332 0.05925925925925926
14 0.5869791666666667 0.5578703703703703 0.016666666666666666 0.025
13 0.5700520833333333 0.5527777777777778 0.0203125 0.03518518518518519
3 0.5375 0.5398148148148149 0.04895833333333333 0.08888888888888889
6 0.5625 0.5731481481481482 0.017708333333333333 0.04814814814814815
8 0.5640625 0.5601851851851852 0.014583333333333334 0.05925925925925926
6 0.46328125 0.5745370370370371 0.015104166666666667 0.04537037037037037
8 0.4640625 0.5662037037037037 0.015625 0.05092592592592592
4 0.45546875 0.5643518518518519 0.0265625 0.03981481481481482
4 0.41822916666666665 0.5671296296296297 0.035416666666666666 0.049074074074074076
7 0.4 0.5560185185185185 0.008333333333333333 0.04537037037037037
7 0.41484375 0.5680555555555555 0.018229166666666668 0.06944444444444445
7 0.42864583333333334 0.562962962962963 0.011458333333333333 0.05555555555555555
6 0.3265625 0.5805555555555556 0.015625 0.02962962962962963
6 0.30859375 0.6 0.0453125 0.05925925925925926
6 0.2875 0.6157407407407407 0.022916666666666665 0.06666666666666667
6 0.27760416666666665 0.624537037037037 0.019791666666666666 0.0712962962962963
1 0.36692708333333335 0.6041666666666666 0.08177083333333333 0.16203703703703703
6 0.4395833333333333 0.663425925925926 0.05625 0.1527777777777778
8 0.44036458333333334 0.6125 0.050520833333333334 0.14722222222222223
8 0.4393229166666667 0.625 0.06197916666666667 0.1574074074074074
1 0.5122395833333333 0.5944444444444444 0.0609375 0.14444444444444443
1 0.14921875 0.7518518518518519 0.2984375 0.49444444444444446
1 0.6763020833333333 0.5574074074074075 0.0234375 0.04814814814814815
6 0.66171875 0.5736111111111111 0.0171875 0.04722222222222222
8 0.6572916666666667 0.5578703703703703 0.009375 0.05462962962962963
8 0.6630208333333333 0.5597222222222222 0.017708333333333333 0.06018518518518518
1 0.734375 0.5648148148148148 0.041666666666666664 0.07407407407407407
8 0.7799479166666666 0.6018518518518519 0.0265625 0.1388888888888889
8 0.7796875 0.6018518518518519 0.017708333333333333 0.11666666666666667
8 0.7971354166666667 0.5930555555555556 0.0453125 0.13240740740740742
6 0.7979166666666667 0.6337962962962963 0.05520833333333333 0.12129629629629629
6 0.9760416666666667 0.625462962962963 0.046875 0.10648148148148148
8 0.9859375 0.5912037037037037 0.026041666666666668 0.11944444444444445
8 0.9708333333333333 0.600462962962963 0.04791666666666667 0.13796296296296295
6 0.4744791666666667 0.5675925925925925 0.009375 0.018518518518518517
8 0.53828125 0.5611111111111111 0.0067708333333333336 0.040740740740740744
6 0.5848958333333333 0.562962962962963 0.015625 0.018518518518518517
8 0.5838541666666667 0.5569444444444445 0.009375 0.028703703703703703
14 0.63203125 0.5356481481481481 0.0078125 0.012037037037037037