6 0.2552083333333333 0.6310185185185185 0.10625 0.1398148148148148
7 0.07552083333333333 0.7625 0.15104166666666666 0.4675925925925926
6 0.39609375 0.7152777777777778 0.06614583333333333 0.1935185185185185
8 0.3921875 0.6453703703703704 0.07395833333333333 0.20925925925925926
8 0.43333333333333335 0.5541666666666667 0.0125 0.03611111111111111
6 0.45390625 0.6125 0.0328125 0.08611111111111111
8 0.4557291666666667 0.5555555555555556 0.026041666666666668 0.05925925925925926
8 0.4515625 0.5828703703703704 0.036458333333333336 0.10462962962962963
1 0.46796875 0.5601851851851852 0.034895833333333334 0.08518518518518518
14 0.48984375 0.5333333333333333 0.016145833333333335 0.027777777777777776
13 0.5234375 0.5356481481481481 0.051041666666666666 0.0824074074074074
8 0.5348958333333333 0.5087962962962963 0.015625 0.05462962962962963
8 0.52109375 0.5064814814814815 0.021354166666666667 0.05555555555555555
4 0.5497395833333333 0.5287037037037037 0.008854166666666666 0.022222222222222223
1 0.5604166666666667 0.5458333333333333 0.022916666666666665 0.06018518518518518
1 0.5791666666666667 0.5541666666666667 0.030208333333333334 0.07685185185185185
1 0.6057291666666667 0.5615740740740741 0.041666666666666664 0.08611111111111111
7 0.6411458333333333 0.5518518518518518 0.0125 0.03518518518518519
6 0.6286458333333333 0.5861111111111111 0.036458333333333336 0.06111111111111111
8 0.6330729166666667 0.5587962962962963 0.015104166666666667 0.07685185185185185
8 0.6213541666666667 0.5694444444444444 0.027083333333333334 0.09444444444444444
7 0.65703125 0.5722222222222222 0.016145833333333335 0.08148148148148149
7 0.6833333333333333 0.5768518518518518 0.020833333333333332 0.1
2 0.7013020833333333 0.5921296296296297 0.0265625 0.06574074074074074
6 0.7268229166666667 0.5893518518518519 0.030729166666666665 0.0824074074074074
6 0.76015625 0.6074074074074074 0.05364583333333333 0.07592592592592592
7 0.7380208333333333 0.5800925925925926 0.027083333333333334 0.10648148148148148
6 0.8080729166666667 0.600462962962963 0.0578125 0.08981481481481482
4 0.90546875 0.5791666666666667 0.09427083333333333 0.10277777777777777
4 0.9640625 0.6013888888888889 0.07083333333333333 0.125
6 0.896875 0.6125 0.0625 0.09351851851851851
6 0.8721354166666667 0.7236111111111111 0.10989583333333333 0.23425925925925925
8 0.8390625 0.6199074074074075 0.041666666666666664 0.1527777777777778
8 0.8671875 0.6592592592592592 0.078125 0.23703703703703705
8 0.4825520833333333 0.5421296296296296 0.022395833333333334 0.04537037037037037
8 0.47994791666666664 0.5680555555555555 0.0140625 0.06759259259259259
6 0.4796875 0.5842592592592593 0.019791666666666666 0.05
6 0.49895833333333334 0.6203703703703703 0.03958333333333333 0.10555555555555556
8 0.49557291666666664 0.5902777777777778 0.030729166666666665 0.1361111111111111
8 0.5166666666666667 0.5643518518518519 0.022916666666666665 0.0824074074074074
6 0.5361979166666667 0.6555555555555556 0.05572916666666667 0.16296296296296298
8 0.5377604166666666 0.6166666666666667 0.0609375 0.18518518518518517
7 0.440625 0.5194444444444445 0.00625 0.022222222222222223