1 0.4627604166666667 0.5342592592592592 0.008854166666666666 0.016666666666666666
1 0.46901041666666665 0.5337962962962963 0.0078125 0.01574074074074074
4 0.48463541666666665 0.5375 0.011979166666666667 0.01574074074074074
4 0.45364583333333336 0.5347222222222222 0.007291666666666667 0.012037037037037037
6 0.46119791666666665 0.5412037037037037 0.0046875 0.012037037037037037
8 0.4622395833333333 0.5370370370370371 0.005729166666666666 0.016666666666666666
6 0.4744791666666667 0.538425925925926 0.003125 0.008333333333333333
8 0.4747395833333333 0.5347222222222222 0.0036458333333333334 0.012037037037037037
8 0.44869791666666664 0.5430555555555555 0.0078125 0.023148148148148147
6 0.4544270833333333 0.5763888888888888 0.0203125 0.05648148148148148
6 0.440625 0.5648148148148148 0.010416666666666666 0.03888888888888889
8 0.45416666666666666 0.5652777777777778 0.01875 0.05648148148148148
8 0.43046875 0.5439814814814815 0.0067708333333333336 0.019444444444444445
6 0.42630208333333336 0.5763888888888888 0.016145833333333335 0.04722222222222222
8 0.440625 0.5550925925925926 0.009375 0.04351851851851852
8 0.4270833333333333 0.5662037037037037 0.015625 0.05277777777777778
7 0.4036458333333333 0.55 0.007291666666666667 0.03888888888888889
1 0.38828125 0.5462962962962963 0.024479166666666666 0.053703703703703705
7 0.3984375 0.5574074074074075 0.010416666666666666 0.046296296296296294
7 0.32864583333333336 0.5796296296296296 0.015625 0.07037037037037037
6 0.2638020833333333 0.6523148148148148 0.05260416666666667 0.13240740740740742
8 0.26484375 0.6152777777777778 0.04114583333333333 0.1398148148148148
14 0.21145833333333333 0.5685185185185185 0.03125 0.0962962962962963
4 0.5903645833333333 0.5550925925925926 0.030729166666666665 0.04722222222222222
7 0.6643229166666667 0.5569444444444445 0.0067708333333333336 0.03611111111111111
7 0.659375 0.5560185185185185 0.008333333333333333 0.03611111111111111
6 0.6565104166666667 0.562037037037037 0.008854166666666666 0.027777777777777776
8 0.6734375 0.5518518518518518 0.011458333333333333 0.03333333333333333
4 0.7377604166666667 0.5453703703703704 0.0265625 0.020370370370370372
4 0.7533854166666667 0.5592592592592592 0.033854166666666664 0.04259259259259259
4 0.91171875 0.5699074074074074 0.07239583333333334 0.07314814814814814
4 0.8481770833333333 0.5791666666666667 0.058854166666666666 0.06944444444444445
6 0.8192708333333333 0.5972222222222222 0.030208333333333334 0.05740740740740741
8 0.8127604166666667 0.5745370370370371 0.016145833333333335 0.06944444444444445
8 0.8197916666666667 0.5777777777777777 0.022916666666666665 0.07407407407407407
6 0.9552083333333333 0.6291666666666667 0.057291666666666664 0.09907407407407408
8 0.9518229166666666 0.5976851851851852 0.027604166666666666 0.12314814814814815
6 0.9791666666666666 0.6851851851851852 0.040625 0.13148148148148148
8 0.9859375 0.6134259259259259 0.026041666666666668 0.17314814814814813
4 0.7140625 0.5925925925925926 0.09583333333333334 0.1111111111111111
1 0.4200520833333333 0.5425925925925926 0.0109375 0.025925925925925925
13 0.43854166666666666 0.5402777777777777 0.0125 0.025
7 0.5434895833333333 0.538425925925926 0.0036458333333333334 0.013888888888888888