7 0.13463541666666667 0.6777777777777778 0.07760416666666667 0.24814814814814815
7 0.20338541666666668 0.6722222222222223 0.0703125 0.25925925925925924
7 0.31484375 0.7856481481481481 0.2484375 0.425
7 0.25703125 0.513425925925926 0.025520833333333333 0.14722222222222223
7 0.28984375 0.48842592592592593 0.0296875 0.19722222222222222
7 0.3067708333333333 0.49537037037037035 0.027083333333333334 0.18518518518518517
7 0.41171875 0.5425925925925926 0.008854166666666666 0.09259259259259259
7 0.4088541666666667 0.5314814814814814 0.022916666666666665 0.1
7 0.3971354166666667 0.5046296296296297 0.009895833333333333 0.06296296296296296
7 0.4002604166666667 0.5648148148148148 0.025520833333333333 0.09259259259259259
7 0.4348958333333333 0.5476851851851852 0.013541666666666667 0.03425925925925926
7 0.4986979166666667 0.5337962962962963 0.008854166666666666 0.019444444444444445
7 0.49609375 0.6481481481481481 0.05677083333333333 0.2796296296296296
7 0.43802083333333336 0.6638888888888889 0.04375 0.2740740740740741
7 0.4630208333333333 0.6967592592592593 0.058333333333333334 0.33611111111111114
7 0.5041666666666667 0.5356481481481481 0.009375 0.012037037037037037
7 0.50859375 0.5319444444444444 0.008854166666666666 0.01574074074074074
7 0.5471354166666667 0.6912037037037037 0.0609375 0.30092592592592593
7 0.6020833333333333 0.5300925925925926 0.007291666666666667 0.017592592592592594
7 0.5859375 0.5625 0.009375 0.06574074074074074
7 0.5786458333333333 0.575 0.017708333333333333 0.08518518518518518
7 0.5658854166666667 0.5578703703703703 0.009895833333333333 0.062037037037037036
7 0.5885416666666666 0.5615740740740741 0.011458333333333333 0.06759259259259259
7 0.6067708333333334 0.5462962962962963 0.010416666666666666 0.05
7 0.6184895833333334 0.5893518518518519 0.027604166666666666 0.14166666666666666
7 0.74609375 0.5648148148148148 0.021354166666666667 0.07592592592592592
7 0.7083333333333334 0.65 0.03958333333333333 0.1962962962962963
7 0.6799479166666667 0.6453703703703704 0.06197916666666667 0.24444444444444444
7 0.7661458333333333 0.5592592592592592 0.029166666666666667 0.09074074074074075
7 0.8044270833333333 0.5847222222222223 0.027604166666666666 0.07685185185185185
7 0.775 0.6893518518518519 0.058333333333333334 0.28055555555555556
6 0.146875 0.8444444444444444 0.24270833333333333 0.3074074074074074
6 0.4114583333333333 0.6310185185185185 0.03854166666666667 0.1398148148148148
6 0.4205729166666667 0.5745370370370371 0.0140625 0.023148148148148147
6 0.59453125 0.5611111111111111 0.021354166666666667 0.05185185185185185
6 0.63515625 0.5731481481481482 0.0203125 0.053703703703703705
6 0.7247395833333333 0.6541666666666667 0.06927083333333334 0.1824074074074074
6 0.9013020833333333 0.6476851851851851 0.0359375 0.17685185185185184
6 0.86015625 0.6513888888888889 0.07239583333333334 0.2101851851851852
6 0.8377604166666667 0.7231481481481481 0.09010416666666667 0.22407407407407406
8 0.5984375 0.5546296296296296 0.009375 0.05740740740740741
14 0.5716145833333334 0.5259259259259259 0.015104166666666667 0.009259259259259259
4 0.5776041666666667 0.5564814814814815 0.034375 0.05925925925925926
14 0.5114583333333333 0.5226851851851851 0.01875 0.013888888888888888
1 0.5388020833333333 0.5476851851851852 0.0515625 0.058333333333333334
4 0.5174479166666667 0.6259259259259259 0.08385416666666666 0.17592592592592593
7 0.49375 0.5282407407407408 0.008333333333333333 0.03425925925925926
1 0.64140625 0.5375 0.024479166666666666 0.06759259259259259
1 0.94921875 0.7342592592592593 0.10052083333333334 0.5296296296296297
7 0.09114583333333333 0.4638888888888889 0.06770833333333333 0.22777777777777777
6 0.6046875 0.5763888888888888 0.009375 0.03425925925925926