4 0.01171875 0.5481481481481482 0.009895833333333333 0.014814814814814815
6 0.016666666666666666 0.5657407407407408 0.00625 0.011111111111111112
8 0.01640625 0.5592592592592592 0.0036458333333333334 0.011111111111111112
4 0.028385416666666666 0.562962962962963 0.019270833333333334 0.025925925925925925
6 0.03359375 0.5782407407407407 0.015104166666666667 0.032407407407407406
8 0.0328125 0.5652777777777778 0.013541666666666667 0.03981481481481482
6 0.050520833333333334 0.6129629629629629 0.027083333333333334 0.08333333333333333
8 0.051041666666666666 0.5893518518518519 0.022916666666666665 0.08055555555555556
6 0.40572916666666664 0.8837962962962963 0.21875 0.23055555555555557
6 0.6309895833333333 0.8643518518518518 0.25364583333333335 0.2675925925925926
8 0.41640625 0.8074074074074075 0.15364583333333334 0.38333333333333336