3 0.26848958333333334 0.39351851851851855 0.09427083333333333 0.09074074074074075
4 0.27291666666666664 0.5083333333333333 0.184375 0.2796296296296296
4 0.37135416666666665 0.42685185185185187 0.028125 0.04814814814814815
13 0.5416666666666666 0.32546296296296295 0.06041666666666667 0.058333333333333334
4 0.4864583333333333 0.6638888888888889 0.49270833333333336 0.6703703703703704
1 0.6216145833333333 0.38564814814814813 0.018229166666666668 0.025
1 0.6838541666666667 0.39351851851851855 0.0625 0.046296296296296294
4 0.6729166666666667 0.500462962962963 0.1 0.2212962962962963
6 0.7557291666666667 0.6203703703703703 0.10625 0.31666666666666665
8 0.7572916666666667 0.5472222222222223 0.10104166666666667 0.3592592592592593
8 0.7559895833333333 0.5851851851851851 0.09114583333333333 0.3907407407407407
6 0.8205729166666667 0.5324074074074074 0.0546875 0.17592592592592593
8 0.8286458333333333 0.5027777777777778 0.04791666666666667 0.2574074074074074
7 0.8591145833333333 0.3638888888888889 0.021354166666666667 0.08518518518518518
7 0.8791666666666667 0.3972222222222222 0.026041666666666668 0.10185185185185185
6 0.86875 0.5879629629629629 0.084375 0.2759259259259259
8 0.8619791666666666 0.5300925925925926 0.071875 0.3138888888888889
6 0.9322916666666666 0.6472222222222223 0.10729166666666666 0.34814814814814815
8 0.9276041666666667 0.600925925925926 0.10208333333333333 0.45555555555555555
6 0.9502604166666667 0.8958333333333334 0.07760416666666667 0.20092592592592592
8 0.9799479166666667 0.750462962962963 0.0390625 0.49722222222222223
4 0.12421875 0.7351851851851852 0.2484375 0.5018518518518519
14 0.21770833333333334 0.43703703703703706 0.019791666666666666 0.05