14 0.44557291666666665 0.5143518518518518 0.0203125 0.017592592592592594
3 0.4630208333333333 0.5055555555555555 0.025 0.03333333333333333
3 0.47604166666666664 0.5111111111111111 0.014583333333333334 0.03518518518518519
3 0.4921875 0.5101851851851852 0.029166666666666667 0.05
3 0.5411458333333333 0.4930555555555556 0.07916666666666666 0.11574074074074074
7 0.49192708333333335 0.5217592592592593 0.009895833333333333 0.026851851851851852
8 0.49765625 0.5254629629629629 0.0140625 0.023148148148148147
4 0.57109375 0.5726851851851852 0.043229166666666666 0.09722222222222222
7 0.46145833333333336 0.5435185185185185 0.014583333333333334 0.07407407407407407
4 0.52109375 0.6199074074074075 0.10885416666666667 0.1824074074074074
4 0.71328125 0.7736111111111111 0.3546875 0.44722222222222224
7 0.007291666666666667 0.5611111111111111 0.014583333333333334 0.18888888888888888