9 0.68828125 0.350462962962963 0.008854166666666666 0.075
1 0.5177083333333333 0.5481481481481482 0.007291666666666667 0.011111111111111112
4 0.5013020833333334 0.5550925925925926 0.013020833333333334 0.019444444444444445
4 0.5067708333333333 0.5601851851851852 0.023958333333333335 0.027777777777777776
4 0.53203125 0.5532407407407407 0.0359375 0.03425925925925926
3 0.75703125 0.5486111111111112 0.050520833333333334 0.041666666666666664
13 0.71953125 0.5615740740740741 0.0296875 0.05092592592592592
7 0.7268229166666667 0.5708333333333333 0.009895833333333333 0.03796296296296296
1 0.86640625 0.5731481481481482 0.018229166666666668 0.040740740740740744
13 0.8361979166666667 0.5592592592592592 0.04114583333333333 0.06111111111111111
8 0.88046875 0.5773148148148148 0.011979166666666667 0.03425925925925926
6 0.8807291666666667 0.5819444444444445 0.0125 0.030555555555555555
6 0.8911458333333333 0.5819444444444445 0.013541666666666667 0.021296296296296296
7 0.89296875 0.5523148148148148 0.0067708333333333336 0.019444444444444445
8 0.89453125 0.5736111111111111 0.008854166666666666 0.030555555555555555
7 0.996875 0.5606481481481481 0.004166666666666667 0.01574074074074074
7 0.9966145833333333 0.5777777777777777 0.0046875 0.02962962962962963
7 0.9916666666666667 0.5800925925925926 0.00625 0.032407407407407406
7 0.9625 0.575462962962963 0.00625 0.03981481481481482
7 0.9578125 0.5777777777777777 0.00625 0.03518518518518519
7 0.9515625 0.5805555555555556 0.009375 0.04259259259259259
7 0.93828125 0.575925925925926 0.0078125 0.040740740740740744
7 0.9317708333333333 0.5777777777777777 0.011458333333333333 0.044444444444444446
7 0.90078125 0.5856481481481481 0.028645833333333332 0.10648148148148148
1 0.7796875 0.6203703703703703 0.09895833333333333 0.17407407407407408
6 0.48984375 0.5648148148148148 0.0036458333333333334 0.011111111111111112
8 0.490625 0.5564814814814815 0.004166666666666667 0.020370370370370372
6 0.4875 0.5662037037037037 0.004166666666666667 0.017592592592592594
8 0.4875 0.5555555555555556 0.00625 0.018518518518518517
13 0.6296875 0.5342592592592592 0.159375 0.20185185185185187
4 0.5908854166666667 0.5592592592592592 0.10989583333333333 0.046296296296296294
3 0.44609375 0.5375 0.09427083333333333 0.1787037037037037
14 0.34010416666666665 0.5564814814814815 0.01875 0.024074074074074074
6 0.3377604166666667 0.5796296296296296 0.0109375 0.018518518518518517
8 0.34036458333333336 0.5717592592592593 0.0109375 0.041666666666666664
1 0.3690104166666667 0.5689814814814815 0.04010416666666667 0.08055555555555556
13 0.24713541666666666 0.5342592592592592 0.09635416666666667 0.07407407407407407
7 0.27447916666666666 0.5550925925925926 0.009375 0.017592592592592594
7 0.26328125 0.5555555555555556 0.0078125 0.014814814814814815
3 0.10052083333333334 0.5425925925925926 0.20104166666666667 0.362962962962963
4 0.2552083333333333 0.6768518518518518 0.209375 0.22962962962962963
6 0.39114583333333336 0.7263888888888889 0.07916666666666666 0.2064814814814815
8 0.40130208333333334 0.6657407407407407 0.04635416666666667 0.21851851851851853
8 0.3854166666666667 0.6675925925925926 0.06354166666666666 0.22407407407407406
6 0.80703125 0.7773148148148148 0.12552083333333333 0.30092592592592593
8 0.7981770833333334 0.7018518518518518 0.08072916666666667 0.2962962962962963
8 0.8192708333333333 0.6875 0.11770833333333333 0.2935185185185185
6 0.07552083333333333 0.6671296296296296 0.053125 0.09351851851851851
8 0.065625 0.6046296296296296 0.058333333333333334 0.1259259259259259
8 0.0078125 0.6027777777777777 0.015625 0.09814814814814815
4 0.58125 0.7810185185185186 0.35520833333333335 0.4361111111111111
6 0.0765625 0.8592592592592593 0.153125 0.2796296296296296
8 0.07265625 0.7652777777777777 0.14427083333333332 0.4638888888888889
7 0.9833333333333333 0.5578703703703703 0.00625 0.017592592592592594
7 0.9841145833333333 0.5810185185185185 0.005729166666666666 0.03425925925925926
7 0.9755208333333333 0.5810185185185185 0.023958333333333335 0.0712962962962963
7 0.9515625 0.5787037037037037 0.010416666666666666 0.040740740740740744
7 0.9190104166666667 0.5648148148148148 0.005729166666666666 0.03518518518518519