7 0.8315104166666667 0.35138888888888886 0.0109375 0.08981481481481482
7 0.8981770833333333 0.3736111111111111 0.0140625 0.09537037037037037
4 0.9380208333333333 0.3736111111111111 0.011458333333333333 0.08611111111111111
4 0.92734375 0.35555555555555557 0.019270833333333334 0.06666666666666667
7 0.90625 0.37407407407407406 0.016666666666666666 0.1
6 0.9895833333333334 0.3851851851851852 0.009375 0.025925925925925925
7 0.97734375 0.40925925925925927 0.0265625 0.13333333333333333
6 0.9583333333333334 0.4097222222222222 0.03125 0.10092592592592593
6 0.9385416666666667 0.42314814814814816 0.040625 0.10185185185185185
6 0.915625 0.4300925925925926 0.042708333333333334 0.09907407407407408
7 0.4361979166666667 0.6907407407407408 0.1703125 0.6092592592592593
7 0.9927083333333333 0.4111111111111111 0.0125 0.12037037037037036