7 0.35651041666666666 0.5912037037037037 0.005729166666666666 0.01574074074074074
7 0.35182291666666665 0.5935185185185186 0.009895833333333333 0.014814814814814815
1 0.315625 0.6092592592592593 0.04375 0.03148148148148148
7 0.29244791666666664 0.5967592592592592 0.008854166666666666 0.028703703703703703
8 0.3046875 0.6060185185185185 0.007291666666666667 0.013888888888888888
7 0.28125 0.6092592592592593 0.007291666666666667 0.016666666666666666
7 0.26848958333333334 0.625462962962963 0.0109375 0.05277777777777778
7 0.2552083333333333 0.6194444444444445 0.010416666666666666 0.037037037037037035
7 0.24973958333333332 0.5861111111111111 0.009895833333333333 0.046296296296296294
4 0.35182291666666665 0.6222222222222222 0.019270833333333334 0.046296296296296294
4 0.3145833333333333 0.674074074074074 0.08854166666666667 0.13703703703703704
10 0.23984375 0.5333333333333333 0.009895833333333333 0.02962962962962963
1 0.359375 0.6402777777777777 0.014583333333333334 0.09166666666666666
1 0.40338541666666666 0.6851851851851852 0.10052083333333334 0.2388888888888889
7 0.4549479166666667 0.6106481481481482 0.0109375 0.04351851851851852
7 0.45234375 0.6314814814814815 0.013020833333333334 0.05555555555555555
7 0.4947916666666667 0.6013888888888889 0.009375 0.03796296296296296
7 0.52421875 0.5611111111111111 0.0109375 0.03888888888888889
6 0.47708333333333336 0.7615740740740741 0.08020833333333334 0.23981481481481481
8 0.47994791666666664 0.6671296296296296 0.0671875 0.19907407407407407
7 0.7580729166666667 0.6398148148148148 0.034895833333333334 0.16666666666666666
4 0.15546875 0.7870370370370371 0.3109375 0.42407407407407405