6 0.18697916666666667 0.737037037037037 0.165625 0.27037037037037037
6 0.2872395833333333 0.6657407407407407 0.08802083333333334 0.16296296296296298
7 0.303125 0.5810185185185185 0.026041666666666668 0.13796296296296295
6 0.3421875 0.6231481481481481 0.034375 0.09814814814814815
7 0.36276041666666664 0.5930555555555556 0.025520833333333333 0.1638888888888889
6 0.3875 0.6324074074074074 0.03854166666666667 0.10740740740740741
7 0.3888020833333333 0.6018518518518519 0.0421875 0.13148148148148148
7 0.32916666666666666 0.5976851851851852 0.030208333333333334 0.14351851851851852
6 0.8442708333333333 0.8828703703703704 0.2520833333333333 0.22870370370370371
8 0.8572916666666667 0.7694444444444445 0.1875 0.45
1 0.7747395833333334 0.6449074074074074 0.1609375 0.24537037037037038
6 0.66171875 0.6125 0.04635416666666667 0.08796296296296297
7 0.6140625 0.5861111111111111 0.017708333333333333 0.0962962962962963
6 0.60078125 0.5703703703703704 0.0546875 0.05925925925925926
6 0.5536458333333333 0.5888888888888889 0.026041666666666668 0.08148148148148149
6 0.4359375 0.5717592592592593 0.019791666666666666 0.03981481481481482
4 0.45807291666666666 0.5472222222222223 0.0265625 0.04814814814814815
6 0.47630208333333335 0.5546296296296296 0.008854166666666666 0.018518518518518517
8 0.48125 0.5481481481481482 0.00625 0.022222222222222223
7 0.47291666666666665 0.549074074074074 0.004166666666666667 0.027777777777777776
2 0.48151041666666666 0.5555555555555556 0.0067708333333333336 0.011111111111111112
1 0.48671875 0.5486111111111112 0.008854166666666666 0.019444444444444445
6 0.49557291666666664 0.5481481481481482 0.009895833333333333 0.024074074074074074
6 0.5106770833333333 0.5527777777777778 0.0067708333333333336 0.012962962962962963
8 0.4940104166666667 0.5435185185185185 0.0067708333333333336 0.025925925925925925
8 0.5104166666666666 0.5476851851851852 0.007291666666666667 0.019444444444444445
2 0.5283854166666667 0.5546296296296296 0.008854166666666666 0.027777777777777776
8 0.5294270833333333 0.5476851851851852 0.008854166666666666 0.03981481481481482
6 0.5393229166666667 0.549537037037037 0.0067708333333333336 0.019444444444444445
1 0.5453125 0.5407407407407407 0.008333333333333333 0.014814814814814815
6 0.5697916666666667 0.5643518518518519 0.014583333333333334 0.03796296296296296
8 0.5622395833333333 0.5412037037037037 0.011979166666666667 0.032407407407407406
8 0.5520833333333334 0.5675925925925925 0.021875 0.08703703703703704