8 0.8520833333333333 0.5731481481481482 0.00625 0.016666666666666666
6 0.8520833333333333 0.5953703703703703 0.009375 0.05
1 0.83515625 0.5796296296296296 0.03802083333333333 0.08148148148148149
8 0.8682291666666667 0.5763888888888888 0.014583333333333334 0.06388888888888888
1 0.9192708333333334 0.5703703703703704 0.040625 0.044444444444444446
8 0.90078125 0.5675925925925925 0.011979166666666667 0.02962962962962963
8 0.8963541666666667 0.5763888888888888 0.014583333333333334 0.04722222222222222
6 0.8872395833333333 0.6087962962962963 0.0546875 0.06018518518518518
8 0.890625 0.5828703703703704 0.04791666666666667 0.10648148148148148
6 0.9221354166666667 0.6023148148148149 0.0265625 0.04722222222222222
8 0.9223958333333333 0.5819444444444445 0.022916666666666665 0.06574074074074074
7 0.9502604166666667 0.5541666666666667 0.0078125 0.019444444444444445
7 0.9557291666666666 0.5560185185185185 0.009375 0.013888888888888888
8 0.9684895833333333 0.5546296296296296 0.009895833333333333 0.012962962962962963
4 0.959375 0.6097222222222223 0.08020833333333334 0.09722222222222222
6 0.7046875 0.7444444444444445 0.09583333333333334 0.20185185185185187
8 0.69609375 0.6560185185185186 0.07552083333333333 0.2490740740740741
7 0.5846354166666666 0.5412037037037037 0.0067708333333333336 0.03611111111111111
7 0.5869791666666667 0.5444444444444444 0.008333333333333333 0.02962962962962963
13 0.5372395833333333 0.5106481481481482 0.03802083333333333 0.032407407407407406
13 0.5260416666666666 0.5555555555555556 0.022916666666666665 0.06111111111111111
13 0.559375 0.5569444444444445 0.04583333333333333 0.08425925925925926
4 0.58203125 0.6537037037037037 0.11822916666666666 0.18703703703703703
6 0.484375 0.712037037037037 0.06875 0.20555555555555555
8 0.4825520833333333 0.6458333333333334 0.0609375 0.19537037037037036
4 0.42604166666666665 0.6351851851851852 0.09479166666666666 0.15555555555555556
4 0.4635416666666667 0.5675925925925925 0.04583333333333333 0.044444444444444446
4 0.4635416666666667 0.5421296296296296 0.0375 0.013888888888888888
4 0.49322916666666666 0.562037037037037 0.022916666666666665 0.053703703703703705
6 0.5059895833333333 0.5810185185185185 0.0203125 0.05092592592592592
8 0.5057291666666667 0.5703703703703704 0.01875 0.06296296296296296
6 0.5158854166666667 0.5722222222222222 0.009895833333333333 0.04814814814814815
8 0.5151041666666667 0.5648148148148148 0.014583333333333334 0.053703703703703705
4 0.43854166666666666 0.5513888888888889 0.0125 0.01574074074074074
1 0.41953125 0.5486111111111112 0.033854166666666664 0.028703703703703703
14 0.38619791666666664 0.5564814814814815 0.019270833333333334 0.027777777777777776
7 0.4 0.5532407407407407 0.005208333333333333 0.028703703703703703
7 0.3971354166666667 0.5532407407407407 0.005729166666666666 0.028703703703703703
7 0.35963541666666665 0.5421296296296296 0.005729166666666666 0.010185185185185186
7 0.35442708333333334 0.5430555555555555 0.005729166666666666 0.008333333333333333
7 0.34609375 0.5449074074074074 0.0026041666666666665 0.008333333333333333
7 0.34010416666666665 0.562962962962963 0.008333333333333333 0.04814814814814815
7 0.3268229166666667 0.5467592592592593 0.0078125 0.025
7 0.3346354166666667 0.5657407407407408 0.008854166666666666 0.053703703703703705
7 0.346875 0.5560185185185185 0.010416666666666666 0.030555555555555555
4 0.36875 0.5787037037037037 0.05416666666666667 0.06666666666666667
6 0.38255208333333335 0.5893518518518519 0.0265625 0.058333333333333334
8 0.3859375 0.5643518518518519 0.01875 0.041666666666666664
8 0.37395833333333334 0.5763888888888888 0.01875 0.062037037037037036
1 0.2734375 0.55 0.058333333333333334 0.022222222222222223
7 0.24166666666666667 0.5518518518518518 0.011458333333333333 0.022222222222222223
8 0.415625 0.5518518518518518 0.00625 0.014814814814814815
8 0.42526041666666664 0.55 0.013020833333333334 0.016666666666666666
8 0.4119791666666667 0.5560185185185185 0.009375 0.013888888888888888
4 0.1953125 0.575 0.040625 0.1259259259259259
4 0.27708333333333335 0.638425925925926 0.13958333333333334 0.1675925925925926
6 0.32734375 0.6828703703703703 0.0671875 0.16944444444444445
8 0.32864583333333336 0.6412037037037037 0.04895833333333333 0.175
3 0.0921875 0.5300925925925926 0.184375 0.6157407407407407
6 0.031510416666666666 0.9277777777777778 0.06302083333333333 0.1425925925925926
8 0.03046875 0.9833333333333333 0.0609375 0.03148148148148148
9 0.34036458333333336 0.4861111111111111 0.005729166666666666 0.04259259259259259
9 0.34010416666666665 0.4597222222222222 0.011458333333333333 0.010185185185185186
9 0.37395833333333334 0.42685185185185187 0.022916666666666665 0.009259259259259259
9 0.5471354166666667 0.4356481481481482 0.028645833333333332 0.012037037037037037
1 0.3171875 0.5458333333333333 0.03125 0.019444444444444445