7 0.04114583333333333 0.5212962962962963 0.05625 0.2833333333333333
7 0.06276041666666667 0.5125 0.06302083333333333 0.2972222222222222
7 0.26145833333333335 0.34305555555555556 0.013541666666666667 0.04351851851851852
7 0.26223958333333336 0.3453703703703704 0.008854166666666666 0.02962962962962963
7 0.2981770833333333 0.33611111111111114 0.016145833333333335 0.027777777777777776
7 0.32473958333333336 0.3388888888888889 0.016145833333333335 0.014814814814814815
7 0.3875 0.3314814814814815 0.013541666666666667 0.007407407407407408
7 0.54140625 0.37916666666666665 0.021354166666666667 0.08055555555555556
7 0.5619791666666667 0.37546296296296294 0.022916666666666665 0.10833333333333334
1 0.4434895833333333 0.3402777777777778 0.1609375 0.01574074074074074
1 0.021354166666666667 0.8282407407407407 0.042708333333333334 0.21388888888888888
6 0.14375 0.624537037037037 0.16354166666666667 0.4064814814814815
8 0.16354166666666667 0.5657407407407408 0.11354166666666667 0.3851851851851852
1 0.38333333333333336 0.6185185185185185 0.34270833333333334 0.5481481481481482
1 0.6424479166666667 0.4671296296296296 0.17135416666666667 0.27685185185185185
1 0.7122395833333334 0.41944444444444445 0.059895833333333336 0.17592592592592593
1 0.7875 0.45694444444444443 0.13541666666666666 0.24351851851851852
1 0.8395833333333333 0.36944444444444446 0.046875 0.07037037037037037
1 0.8755208333333333 0.4148148148148148 0.058333333333333334 0.15185185185185185
1 0.9109375 0.375 0.026041666666666668 0.06296296296296296
1 0.93203125 0.35648148148148145 0.019270833333333334 0.02962962962962963
1 0.9703125 0.4083333333333333 0.058333333333333334 0.14074074074074075
6 0.8424479166666666 0.7518518518518519 0.1953125 0.45555555555555555
8 0.85 0.6138888888888889 0.1375 0.42407407407407405
7 0.5453125 0.4078703703703704 0.016666666666666666 0.13425925925925927
7 0.7541666666666667 0.3300925925925926 0.0125 0.010185185185185186
7 0.7609375 0.32314814814814813 0.009375 0.018518518518518517
6 0.9294270833333333 0.5060185185185185 0.07135416666666666 0.1824074074074074
8 0.9276041666666667 0.4537037037037037 0.06145833333333333 0.19074074074074074
8 0.9421875 0.37175925925925923 0.0125 0.06018518518518518
8 0.9309895833333334 0.35694444444444445 0.008854166666666666 0.012037037037037037