3 0.4270833333333333 0.48842592592592593 0.023958333333333335 0.023148148148148147
1 0.4200520833333333 0.5097222222222222 0.015104166666666667 0.032407407407407406
14 0.49609375 0.4888888888888889 0.0140625 0.009259259259259259
13 0.5114583333333333 0.48703703703703705 0.017708333333333333 0.009259259259259259
14 0.58359375 0.5023148148148148 0.03177083333333333 0.028703703703703703
4 0.59140625 0.5365740740740741 0.03802083333333333 0.058333333333333334
4 0.5911458333333334 0.5625 0.034375 0.08796296296296297
4 0.5848958333333333 0.5763888888888888 0.025 0.11574074074074074
1 0.63515625 0.5537037037037037 0.05260416666666667 0.08333333333333333
1 0.67421875 0.5342592592592592 0.028645833333333332 0.04814814814814815
1 0.6932291666666667 0.5574074074074075 0.059375 0.09074074074074075
7 0.6221354166666667 0.5550925925925926 0.019270833333333334 0.09351851851851851
7 0.7263020833333333 0.5310185185185186 0.016145833333333335 0.03796296296296296
8 0.72578125 0.5375 0.015104166666666667 0.025
8 0.73828125 0.537962962962963 0.015104166666666667 0.022222222222222223
1 0.8377604166666667 0.55 0.0984375 0.05185185185185185
8 0.8033854166666666 0.5435185185185185 0.015104166666666667 0.012962962962962963
8 0.8200520833333333 0.5370370370370371 0.015104166666666667 0.03333333333333333
1 0.94140625 0.625 0.10989583333333333 0.19074074074074074
4 0.8364583333333333 0.7606481481481482 0.325 0.42685185185185187
14 0.40859375 0.5037037037037037 0.008854166666666666 0.020370370370370372
4 0.4005208333333333 0.525 0.027083333333333334 0.05925925925925926
14 0.3796875 0.5097222222222222 0.020833333333333332 0.03611111111111111
7 0.3921875 0.5138888888888888 0.008333333333333333 0.02962962962962963
7 0.38385416666666666 0.5254629629629629 0.010416666666666666 0.04722222222222222
8 0.36744791666666665 0.5361111111111111 0.021354166666666667 0.06296296296296296
6 0.3611979166666667 0.5657407407407408 0.025520833333333333 0.044444444444444446
7 0.3893229166666667 0.625462962962963 0.0328125 0.2101851851851852
8 0.4127604166666667 0.5893518518518519 0.034895833333333334 0.10833333333333334
6 0.40572916666666664 0.7037037037037037 0.027083333333333334 0.1388888888888889
7 0.30130208333333336 0.5125 0.016145833333333335 0.049074074074074076
7 0.29270833333333335 0.5143518518518518 0.016666666666666666 0.03981481481481482
7 0.27057291666666666 0.5138888888888888 0.013020833333333334 0.03518518518518519
8 0.2872395833333333 0.5175925925925926 0.015104166666666667 0.027777777777777776
7 0.246875 0.5162037037037037 0.010416666666666666 0.049074074074074076
7 0.23125 0.549074074074074 0.023958333333333335 0.08888888888888889
7 0.10703125 0.525 0.018229166666666668 0.06481481481481481
7 0.196875 0.5703703703703704 0.01875 0.06296296296296296
7 0.10442708333333334 0.6337962962962963 0.0203125 0.05277777777777778
7 0.10729166666666666 0.6884259259259259 0.06354166666666666 0.12685185185185185
4 0.2786458333333333 0.6069444444444444 0.10416666666666667 0.15092592592592594
1 0.49921875 0.6925925925925925 0.17760416666666667 0.4074074074074074
8 0.6505208333333333 0.7490740740740741 0.17291666666666666 0.4425925925925926
6 0.6354166666666666 0.8351851851851851 0.10104166666666667 0.32407407407407407
8 0.35052083333333334 0.6856481481481481 0.096875 0.3509259259259259
6 0.35078125 0.7490740740740741 0.1046875 0.2814814814814815
6 0.21354166666666666 0.725925925925926 0.19791666666666666 0.21666666666666667
8 0.22630208333333332 0.6773148148148148 0.08802083333333334 0.33240740740740743
8 0.15885416666666666 0.6162037037037037 0.052083333333333336 0.18055555555555555
1 0.02578125 0.6106481481481482 0.0515625 0.24537037037037038
7 0.013020833333333334 0.7166666666666667 0.026041666666666668 0.30185185185185187
14 0.4596354166666667 0.48564814814814816 0.011979166666666667 0.010185185185185186