6 0.47682291666666665 0.45601851851851855 0.0109375 0.025
8 0.47630208333333335 0.43796296296296294 0.0109375 0.022222222222222223
1 0.5109375 0.4486111111111111 0.019791666666666666 0.03981481481481482
4 0.5255208333333333 0.462037037037037 0.03958333333333333 0.05185185185185185
8 0.5653645833333333 0.44074074074074077 0.005729166666666666 0.007407407407407408
4 0.5739583333333333 0.4861111111111111 0.065625 0.08703703703703704
3 0.7997395833333333 0.4912037037037037 0.39947916666666666 0.549074074074074
4 0.3765625 0.42685185185185187 0.011458333333333333 0.009259259259259259
3 0.36328125 0.41944444444444445 0.018229166666666668 0.027777777777777776
8 0.37916666666666665 0.42916666666666664 0.004166666666666667 0.010185185185185186
14 0.37447916666666664 0.42685185185185187 0.00625 0.011111111111111112
4 0.36770833333333336 0.449537037037037 0.027083333333333334 0.04351851851851852
7 0.34765625 0.42962962962962964 0.005729166666666666 0.024074074074074074
7 0.34270833333333334 0.4305555555555556 0.004166666666666667 0.022222222222222223
6 0.35130208333333335 0.48842592592592593 0.028645833333333332 0.0712962962962963
8 0.35208333333333336 0.4708333333333333 0.023958333333333335 0.0787037037037037
8 0.34869791666666666 0.47129629629629627 0.0203125 0.07037037037037037
13 0.42213541666666665 0.4444444444444444 0.0984375 0.21481481481481482
4 0.45286458333333335 0.5842592592592593 0.13489583333333333 0.22592592592592592
8 0.23854166666666668 0.4305555555555556 0.011458333333333333 0.037037037037037035
1 0.2552083333333333 0.4513888888888889 0.04375 0.05462962962962963
6 0.28046875 0.4671296296296296 0.028645833333333332 0.021296296296296296
8 0.2794270833333333 0.45416666666666666 0.027604166666666666 0.04722222222222222
8 0.17786458333333333 0.46296296296296297 0.0234375 0.03333333333333333
4 0.21770833333333334 0.6648148148148149 0.2760416666666667 0.3925925925925926
4 0.0359375 0.6060185185185185 0.071875 0.21203703703703702