1 0.41953125 0.33425925925925926 0.034895833333333334 0.05740740740740741
6 0.50703125 0.3449074074074074 0.0078125 0.01574074074074074
8 0.51328125 0.33055555555555555 0.009895833333333333 0.020370370370370372
7 0.521875 0.3592592592592593 0.013541666666666667 0.06111111111111111
6 0.40130208333333334 0.3523148148148148 0.015104166666666667 0.03981481481481482
8 0.40208333333333335 0.3421296296296296 0.014583333333333334 0.05092592592592592
6 0.41770833333333335 0.36712962962962964 0.016666666666666666 0.03796296296296296
8 0.4171875 0.35509259259259257 0.016666666666666666 0.05277777777777778
7 0.3854166666666667 0.3814814814814815 0.013541666666666667 0.07777777777777778
7 0.30520833333333336 0.4842592592592593 0.046875 0.16111111111111112
4 0.45364583333333336 0.5717592592592593 0.21666666666666667 0.3787037037037037