4 0.14635416666666667 0.7555555555555555 0.29270833333333335 0.3648148148148148
6 0.3614583333333333 0.6310185185185185 0.0625 0.06944444444444445
6 0.3533854166666667 0.6226851851851852 0.09114583333333333 0.09537037037037037
6 0.37890625 0.611574074074074 0.0703125 0.08425925925925926
4 0.46536458333333336 0.6055555555555555 0.0765625 0.10555555555555556
1 0.4778645833333333 0.5518518518518518 0.04114583333333333 0.040740740740740744
1 0.5013020833333334 0.5652777777777778 0.019270833333333334 0.06759259259259259
13 0.6427083333333333 0.612037037037037 0.134375 0.2796296296296296
7 0.5677083333333334 0.6185185185185185 0.017708333333333333 0.10925925925925926
6 0.96953125 0.6689814814814815 0.059895833333333336 0.21203703703703702
6 0.7419270833333333 0.6 0.03697916666666667 0.09074074074074075
6 0.5166666666666667 0.562037037037037 0.01875 0.027777777777777776
6 0.53203125 0.5884259259259259 0.018229166666666668 0.04722222222222222
8 0.5330729166666667 0.575 0.019270833333333334 0.06111111111111111
6 0.5513020833333333 0.5611111111111111 0.008854166666666666 0.027777777777777776
8 0.54921875 0.5523148148148148 0.0067708333333333336 0.032407407407407406
8 0.5518229166666667 0.549537037037037 0.011979166666666667 0.032407407407407406
6 0.56484375 0.5546296296296296 0.0109375 0.024074074074074074
8 0.5645833333333333 0.5476851851851852 0.011458333333333333 0.03796296296296296
6 0.55703125 0.5458333333333333 0.0078125 0.013888888888888888
8 0.5557291666666667 0.5388888888888889 0.00625 0.018518518518518517
14 0.7260416666666667 0.5574074074074075 0.052083333333333336 0.12777777777777777
7 0.5700520833333333 0.5361111111111111 0.0036458333333333334 0.020370370370370372
7 0.5434895833333333 0.5476851851851852 0.005729166666666666 0.028703703703703703
7 0.5247395833333334 0.5444444444444444 0.0046875 0.024074074074074074
7 0.528125 0.5375 0.005208333333333333 0.013888888888888888
7 0.53125 0.5356481481481481 0.004166666666666667 0.010185185185185186