14 0.5666666666666667 0.5351851851851852 0.009375 0.018518518518518517
13 0.5140625 0.524537037037037 0.04479166666666667 0.09166666666666666
13 0.46119791666666665 0.5412037037037037 0.09322916666666667 0.09166666666666666
6 0.35208333333333336 0.562962962962963 0.04479166666666667 0.04814814814814815
8 0.35494791666666664 0.5421296296296296 0.024479166666666666 0.06759259259259259
6 0.17291666666666666 0.5319444444444444 0.046875 0.058333333333333334
6 0.08333333333333333 0.4986111111111111 0.01875 0.05277777777777778
9 0.6567708333333333 0.350462962962963 0.011458333333333333 0.01574074074074074
9 0.6552083333333333 0.4078703703703704 0.010416666666666666 0.08425925925925926
13 0.6111979166666667 0.5356481481481481 0.0234375 0.05277777777777778
13 0.6505208333333333 0.5055555555555555 0.06145833333333333 0.07777777777777778
6 0.7768229166666667 0.5787037037037037 0.0265625 0.06296296296296296
8 0.7846354166666667 0.5388888888888889 0.024479166666666666 0.040740740740740744
6 0.7375 0.7467592592592592 0.06666666666666667 0.17314814814814813
8 0.71953125 0.5699074074074074 0.030729166666666665 0.11018518518518519
8 0.7403645833333333 0.6546296296296297 0.06614583333333333 0.30185185185185187
4 0.8338541666666667 0.6087962962962963 0.121875 0.175
6 0.8473958333333333 0.7351851851851852 0.07916666666666666 0.2537037037037037
8 0.878125 0.6310185185185185 0.09375 0.25462962962962965
8 0.9177083333333333 0.5824074074074074 0.03958333333333333 0.1388888888888889
6 0.70390625 0.8356481481481481 0.03802083333333333 0.15833333333333333
8 0.6765625 0.5523148148148148 0.027083333333333334 0.07314814814814814
8 0.7 0.6967592592592593 0.058333333333333334 0.36018518518518516
6 0.19427083333333334 0.725462962962963 0.08958333333333333 0.21944444444444444
8 0.20677083333333332 0.6768518518518518 0.059375 0.2814814814814815
6 0.2833333333333333 0.7296296296296296 0.10729166666666666 0.2574074074074074
8 0.2986979166666667 0.6782407407407407 0.06822916666666666 0.30277777777777776
8 0.2640625 0.662962962962963 0.07395833333333333 0.2518518518518518
8 0.9919270833333333 0.5560185185185185 0.013020833333333334 0.06018518518518518
6 0.9041666666666667 0.850462962962963 0.1875 0.287962962962963
8 0.9104166666666667 0.7467592592592592 0.175 0.49722222222222223
6 0.6380208333333334 0.8231481481481482 0.17604166666666668 0.35
8 0.6395833333333333 0.7537037037037037 0.159375 0.48703703703703705
8 0.43125 0.5685185185185185 0.025 0.07777777777777778
6 0.48489583333333336 0.7625 0.096875 0.30277777777777776
8 0.4830729166666667 0.7060185185185185 0.10260416666666666 0.3768518518518518
6 0.4083333333333333 0.8416666666666667 0.159375 0.3037037037037037
8 0.42109375 0.7662037037037037 0.1265625 0.4564814814814815
13 0.043229166666666666 0.45740740740740743 0.08333333333333333 0.19444444444444445
9 0.9888020833333333 0.050462962962962966 0.019270833333333334 0.05277777777777778
9 0.9893229166666667 0.2337962962962963 0.0171875 0.20462962962962963