3 0.4859375 0.33611111111111114 0.021875 0.05
4 0.4765625 0.3574074074074074 0.021875 0.03148148148148148
13 0.5 0.3314814814814815 0.008333333333333333 0.016666666666666666
4 0.5 0.34444444444444444 0.008333333333333333 0.014814814814814815
1 0.5109375 0.34120370370370373 0.008333333333333333 0.019444444444444445
6 0.5111979166666667 0.3472222222222222 0.0046875 0.014814814814814815
8 0.5104166666666666 0.34120370370370373 0.005208333333333333 0.01574074074074074
6 0.50625 0.35462962962962963 0.008333333333333333 0.018518518518518517
8 0.5059895833333333 0.3476851851851852 0.0078125 0.019444444444444445
6 0.5260416666666666 0.3527777777777778 0.005208333333333333 0.018518518518518517
8 0.5255208333333333 0.34675925925925927 0.00625 0.019444444444444445
6 0.53828125 0.35324074074074074 0.0046875 0.017592592592592594
8 0.5380208333333333 0.3453703703703704 0.00625 0.022222222222222223
6 0.5341145833333333 0.35462962962962963 0.0078125 0.018518518518518517
8 0.5338541666666666 0.34814814814814815 0.00625 0.022222222222222223
7 0.5486979166666667 0.3402777777777778 0.005729166666666666 0.019444444444444445
6 0.5598958333333334 0.35185185185185186 0.005208333333333333 0.018518518518518517
8 0.5596354166666667 0.34629629629629627 0.0046875 0.018518518518518517
7 0.6205729166666667 0.37175925925925923 0.009895833333333333 0.03425925925925926
7 0.646875 0.35833333333333334 0.007291666666666667 0.04259259259259259
7 0.6541666666666667 0.3578703703703704 0.008333333333333333 0.041666666666666664
13 0.7927083333333333 0.36712962962962964 0.09583333333333334 0.1361111111111111
7 0.84140625 0.3939814814814815 0.011979166666666667 0.07685185185185185
7 0.8484375 0.40555555555555556 0.013541666666666667 0.05925925925925926
1 0.8955729166666667 0.45092592592592595 0.09635416666666667 0.08518518518518518
6 0.49114583333333334 0.3787037037037037 0.0125 0.03148148148148148
8 0.49114583333333334 0.36944444444444446 0.011458333333333333 0.03888888888888889
6 0.5125 0.38287037037037036 0.010416666666666666 0.017592592592592594
8 0.51171875 0.3712962962962963 0.013020833333333334 0.024074074074074074
4 0.5302083333333333 0.4152777777777778 0.057291666666666664 0.08425925925925926
4 0.4630208333333333 0.4023148148148148 0.035416666666666666 0.06018518518518518
14 0.24296875 0.40046296296296297 0.0203125 0.03611111111111111
7 0.2484375 0.38287037037037036 0.008333333333333333 0.021296296296296296
10 0.22135416666666666 0.3384259259259259 0.016666666666666666 0.028703703703703703
13 0.35208333333333336 0.41388888888888886 0.20520833333333333 0.412962962962963
10 0.22265625 0.3592592592592593 0.0109375 0.009259259259259259
13 0.0203125 0.425462962962963 0.040625 0.08611111111111111
1 0.06822916666666666 0.4462962962962963 0.046875 0.027777777777777776
6 0.1109375 0.5027777777777778 0.028125 0.1
8 0.11380208333333333 0.44675925925925924 0.021354166666666667 0.06944444444444445
6 0.13723958333333333 0.5120370370370371 0.05677083333333333 0.11851851851851852
8 0.1359375 0.4726851851851852 0.05 0.13425925925925927