6 0.7231770833333333 0.7472222222222222 0.0984375 0.2462962962962963
8 0.69921875 0.6902777777777778 0.04739583333333333 0.18796296296296297
8 0.7286458333333333 0.6527777777777778 0.07604166666666666 0.2740740740740741
8 0.48072916666666665 0.5842592592592593 0.035416666666666666 0.1
8 0.490625 0.5879629629629629 0.03125 0.09259259259259259
8 0.4986979166666667 0.5837962962962963 0.016145833333333335 0.10092592592592593
8 0.47630208333333335 0.5569444444444445 0.015104166666666667 0.05648148148148148
8 0.46588541666666666 0.5486111111111112 0.0140625 0.03796296296296296
8 0.47421875 0.5333333333333333 0.008854166666666666 0.022222222222222223
8 0.5067708333333333 0.5268518518518519 0.00625 0.018518518518518517
8 0.509375 0.5175925925925926 0.004166666666666667 0.011111111111111112
8 0.52109375 0.512962962962963 0.0046875 0.012962962962962963
6 0.49192708333333335 0.6097222222222223 0.033854166666666664 0.09351851851851851
6 0.46588541666666666 0.5703703703703704 0.015104166666666667 0.05555555555555555
6 0.47291666666666665 0.5694444444444444 0.009375 0.046296296296296294
6 0.4328125 0.5481481481481482 0.008333333333333333 0.037037037037037035
6 0.3575520833333333 0.5611111111111111 0.03802083333333333 0.05740740740740741
6 0.5065104166666666 0.5347222222222222 0.005729166666666666 0.012037037037037037
6 0.5098958333333333 0.5217592592592593 0.004166666666666667 0.008333333333333333
6 0.5208333333333334 0.5180555555555556 0.004166666666666667 0.006481481481481481
6 0.49947916666666664 0.5231481481481481 0.008333333333333333 0.009259259259259259
8 0.5002604166666667 0.5180555555555556 0.0046875 0.01574074074074074
13 0.5671875 0.5138888888888888 0.015625 0.03518518518518519
1 0.5768229166666666 0.5300925925925926 0.0140625 0.028703703703703703
14 0.6372395833333333 0.5324074074074074 0.025520833333333333 0.044444444444444446
6 0.6856770833333333 0.5532407407407407 0.0109375 0.028703703703703703
8 0.6825520833333333 0.5356481481481481 0.0046875 0.019444444444444445
8 0.6854166666666667 0.5449074074074074 0.010416666666666666 0.03796296296296296
4 0.7208333333333333 0.5587962962962963 0.057291666666666664 0.06759259259259259
4 0.6044270833333333 0.5689814814814815 0.0640625 0.09351851851851851
6 0.8671875 0.575 0.029166666666666667 0.05740740740740741
8 0.8658854166666666 0.5601851851851852 0.016145833333333335 0.06111111111111111