10 0.3333333333333333 0.17824074074074073 0.06041666666666667 0.10462962962962963
8 0.409375 0.29398148148148145 0.016666666666666666 0.03425925925925926
6 0.41510416666666666 0.30648148148148147 0.016666666666666666 0.020370370370370372
10 0.41458333333333336 0.23472222222222222 0.0125 0.03425925925925926
9 0.8567708333333334 0.10277777777777777 0.015625 0.08148148148148149
10 0.7643229166666666 0.21342592592592594 0.015104166666666667 0.032407407407407406
6 0.7890625 0.3416666666666667 0.041666666666666664 0.06851851851851852
8 0.7986979166666667 0.32175925925925924 0.018229166666666668 0.05648148148148148
6 0.6684895833333333 0.4462962962962963 0.043229166666666666 0.14444444444444443
8 0.66875 0.39675925925925926 0.04895833333333333 0.17314814814814813
6 0.7440104166666667 0.4398148148148148 0.0546875 0.1537037037037037
8 0.7453125 0.41388888888888886 0.053125 0.18518518518518517
8 0.8106770833333333 0.33287037037037037 0.0203125 0.04351851851851852
8 0.8260416666666667 0.3680555555555556 0.0625 0.10277777777777777
6 0.8486979166666667 0.4351851851851852 0.019270833333333334 0.17037037037037037
8 0.8606770833333334 0.4125 0.011979166666666667 0.08055555555555556
6 0.8549479166666667 0.5055555555555555 0.015104166666666667 0.12407407407407407
6 0.8130208333333333 0.5296296296296297 0.10520833333333333 0.2518518518518518
8 0.8197916666666667 0.4791666666666667 0.08125 0.3194444444444444
13 0.9278645833333333 0.42685185185185187 0.14322916666666666 0.575925925925926
10 0.3263020833333333 0.02638888888888889 0.05260416666666667 0.05277777777777778
9 0.8216145833333334 0.20277777777777778 0.008854166666666666 0.06296296296296296
9 0.8473958333333333 0.21898148148148147 0.008333333333333333 0.01574074074074074
7 0.253125 0.30694444444444446 0.013541666666666667 0.062037037037037036
7 0.23255208333333333 0.3 0.0234375 0.06481481481481481