14 0.07630208333333334 0.8347222222222223 0.15260416666666668 0.32685185185185184
1 0.30104166666666665 0.5546296296296296 0.07291666666666667 0.3277777777777778
8 0.5296875 0.37453703703703706 0.009375 0.013888888888888888
7 0.5473958333333333 0.38101851851851853 0.007291666666666667 0.025
7 0.5546875 0.38981481481481484 0.011458333333333333 0.04259259259259259
7 0.5619791666666667 0.4027777777777778 0.0125 0.07037037037037037
7 0.57890625 0.4 0.019270833333333334 0.0962962962962963
7 0.5958333333333333 0.3962962962962963 0.019791666666666666 0.10185185185185185
7 0.6140625 0.4046296296296296 0.030208333333333334 0.11481481481481481
7 0.64140625 0.4305555555555556 0.022395833333333334 0.1574074074074074
6 0.6690104166666667 0.4787037037037037 0.06302083333333333 0.17407407407407408
8 0.665625 0.4375 0.06041666666666667 0.18055555555555555
6 0.8684895833333334 0.9027777777777778 0.26197916666666665 0.1925925925925926
8 0.87734375 0.7217592592592592 0.24427083333333333 0.5546296296296296
1 0.4432291666666667 0.6888888888888889 0.2989583333333333 0.6203703703703703