10 0.3651041666666667 0.6402777777777777 0.0125 0.019444444444444445
4 0.15364583333333334 0.5898148148148148 0.178125 0.18518518518518517
10 0.38229166666666664 0.4287037037037037 0.010416666666666666 0.018518518518518517
13 0.45 0.44583333333333336 0.019791666666666666 0.04722222222222222
13 0.475 0.4462962962962963 0.017708333333333333 0.03518518518518519
3 0.5208333333333334 0.43194444444444446 0.025 0.03981481481481482
3 0.55234375 0.4324074074074074 0.03177083333333333 0.05925925925925926
6 0.62109375 0.5023148148148148 0.034895833333333334 0.08981481481481482
6 0.5518229166666667 0.4583333333333333 0.0109375 0.027777777777777776
3 0.5354166666666667 0.43703703703703706 0.008333333333333333 0.024074074074074074
8 0.52109375 0.43796296296296294 0.0067708333333333336 0.011111111111111112
4 0.5065104166666666 0.49027777777777776 0.07760416666666667 0.14166666666666666
8 0.6208333333333333 0.46944444444444444 0.03229166666666667 0.07407407407407407
8 0.6208333333333333 0.47824074074074074 0.030208333333333334 0.10092592592592593
14 0.4875 0.44305555555555554 0.007291666666666667 0.013888888888888888
4 0.45546875 0.4597222222222222 0.0203125 0.03796296296296296
4 0.4283854166666667 0.45925925925925926 0.018229166666666668 0.03148148148148148
4 0.425 0.4648148148148148 0.025 0.03518518518518519
4 0.40234375 0.48935185185185187 0.0578125 0.075