4 0.5158854166666667 0.4486111111111111 0.022395833333333334 0.032407407407407406
6 0.6614583333333334 0.48564814814814816 0.020833333333333332 0.049074074074074076
8 0.65546875 0.4666666666666667 0.0078125 0.06111111111111111
8 0.6604166666666667 0.4699074074074074 0.013541666666666667 0.06018518518518518
6 0.46953125 0.5287037037037037 0.0453125 0.12777777777777777
8 0.46953125 0.49722222222222223 0.043229166666666666 0.1425925925925926
8 0.4596354166666667 0.49907407407407406 0.0484375 0.13148148148148148
3 0.18567708333333333 0.4083333333333333 0.37135416666666665 0.5037037037037037
10 0.48828125 0.45740740740740743 0.0026041666666666665 0.005555555555555556
10 0.4942708333333333 0.4634259259259259 0.0020833333333333333 0.004629629629629629
10 0.5057291666666667 0.4689814814814815 0.003125 0.004629629629629629
10 0.50546875 0.4759259259259259 0.0036458333333333334 0.005555555555555556
10 0.5549479166666667 0.5217592592592593 0.0036458333333333334 0.008333333333333333
10 0.6796875 0.6587962962962963 0.0125 0.021296296296296296