14 0.42421875 0.55 0.0109375 0.020370370370370372
1 0.44583333333333336 0.5439814814814815 0.01875 0.041666666666666664
1 0.48411458333333335 0.5625 0.0640625 0.1824074074074074
6 0.41354166666666664 0.549537037037037 0.008333333333333333 0.021296296296296296
8 0.4127604166666667 0.5425925925925926 0.0046875 0.020370370370370372
8 0.4166666666666667 0.5425925925925926 0.00625 0.027777777777777776
6 0.44479166666666664 0.5976851851851852 0.016666666666666666 0.03981481481481482
8 0.44479166666666664 0.5740740740740741 0.020833333333333332 0.06666666666666667
6 0.42265625 0.6013888888888889 0.0234375 0.06018518518518518
8 0.42578125 0.5777777777777777 0.015104166666666667 0.06481481481481481
8 0.42109375 0.5847222222222223 0.022395833333333334 0.06759259259259259
10 0.37786458333333334 0.49398148148148147 0.015104166666666667 0.030555555555555555
1 0.37447916666666664 0.5773148148148148 0.03958333333333333 0.08055555555555556
1 0.32838541666666665 0.5888888888888889 0.05572916666666667 0.0962962962962963
7 0.70546875 0.5768518518518518 0.009895833333333333 0.02962962962962963
6 0.678125 0.6037037037037037 0.0125 0.012962962962962963
8 0.6760416666666667 0.5921296296296297 0.0125 0.025
7 0.73046875 0.5689814814814815 0.0046875 0.012037037037037037
8 0.74296875 0.5824074074074074 0.0078125 0.022222222222222223
1 0.73515625 0.5944444444444444 0.013020833333333334 0.037037037037037035
6 0.7072916666666667 0.6143518518518518 0.010416666666666666 0.017592592592592594
8 0.7067708333333333 0.6018518518518519 0.011458333333333333 0.040740740740740744
4 0.7434895833333334 0.6162037037037037 0.018229166666666668 0.049074074074074076
1 0.7786458333333334 0.6166666666666667 0.0625 0.10185185185185185
6 0.8174479166666667 0.5949074074074074 0.0140625 0.030555555555555555
7 0.8083333333333333 0.600462962962963 0.0125 0.06388888888888888
14 0.8403645833333333 0.6027777777777777 0.033854166666666664 0.07407407407407407
7 0.8255208333333334 0.5893518518518519 0.008333333333333333 0.032407407407407406
7 0.840625 0.5921296296296297 0.008333333333333333 0.01574074074074074
7 0.8356770833333333 0.5884259259259259 0.0046875 0.021296296296296296
8 0.83203125 0.6064814814814815 0.0140625 0.06296296296296296
6 0.8963541666666667 0.5995370370370371 0.022916666666666665 0.049074074074074076
6 0.9002604166666667 0.6162037037037037 0.015104166666666667 0.049074074074074076
6 0.8541666666666666 0.6356481481481482 0.015625 0.05462962962962963
8 0.853125 0.6162037037037037 0.013541666666666667 0.06574074074074074
6 0.8848958333333333 0.6564814814814814 0.016666666666666666 0.06666666666666667
8 0.9265625 0.5740740740740741 0.007291666666666667 0.018518518518518517
8 0.9317708333333333 0.5712962962962963 0.005208333333333333 0.011111111111111112
6 0.9174479166666667 0.624537037037037 0.0296875 0.05092592592592592
8 0.9234375 0.6106481481481482 0.010416666666666666 0.06388888888888888
8 0.91640625 0.6087962962962963 0.009895833333333333 0.05462962962962963
7 0.9427083333333334 0.600925925925926 0.011458333333333333 0.046296296296296294
7 0.9484375 0.6393518518518518 0.015625 0.03981481481481482
6 0.9916666666666667 0.6768518518518518 0.015625 0.06111111111111111
8 0.9947916666666666 0.649537037037037 0.008333333333333333 0.0787037037037037
7 0.78046875 0.6712962962962963 0.06614583333333333 0.06666666666666667
7 0.87890625 0.5856481481481481 0.009895833333333333 0.04537037037037037
7 0.88046875 0.6087962962962963 0.008854166666666666 0.03611111111111111