1 0.6763020833333333 0.49907407407407406 0.021354166666666667 0.040740740740740744
6 0.684375 0.5319444444444444 0.03125 0.03796296296296296
8 0.678125 0.5152777777777777 0.011458333333333333 0.05277777777777778
8 0.6854166666666667 0.5162037037037037 0.016666666666666666 0.049074074074074076
13 0.8080729166666667 0.5069444444444444 0.0515625 0.06574074074074074
1 0.6346354166666667 0.5162037037037037 0.0359375 0.06574074074074074
6 0.60703125 0.5236111111111111 0.0203125 0.028703703703703703
8 0.6083333333333333 0.5097222222222222 0.015625 0.041666666666666664
6 0.6192708333333333 0.5254629629629629 0.01875 0.026851851851851852
8 0.61953125 0.5125 0.0140625 0.049074074074074076
6 0.58515625 0.5472222222222223 0.018229166666666668 0.04814814814814815
8 0.5825520833333333 0.5305555555555556 0.0140625 0.07037037037037037
1 0.5247395833333334 0.5 0.0265625 0.027777777777777776
1 0.5606770833333333 0.538425925925926 0.0453125 0.09351851851851851
1 0.49947916666666664 0.5337962962962963 0.04895833333333333 0.08981481481481482
14 0.5299479166666666 0.5583333333333333 0.049479166666666664 0.1037037037037037
8 0.5372395833333333 0.5027777777777778 0.009895833333333333 0.016666666666666666
7 0.4546875 0.5370370370370371 0.015625 0.07037037037037037
7 0.4661458333333333 0.5365740740740741 0.014583333333333334 0.08055555555555556
6 0.4153645833333333 0.5393518518518519 0.03697916666666667 0.05092592592592592
7 0.4309895833333333 0.5333333333333333 0.016145833333333335 0.07962962962962963
7 0.4122395833333333 0.5324074074074074 0.0140625 0.07777777777777778
7 0.39557291666666666 0.5175925925925926 0.016145833333333335 0.06111111111111111
7 0.365625 0.5324074074074074 0.016666666666666666 0.07962962962962963
8 0.38619791666666664 0.5467592592592593 0.033854166666666664 0.10462962962962963
6 0.3924479166666667 0.5837962962962963 0.0390625 0.09537037037037037
7 0.35208333333333336 0.5074074074074074 0.0125 0.03888888888888889
7 0.3328125 0.5291666666666667 0.014583333333333334 0.062037037037037036
1 0.25390625 0.5717592592592593 0.11510416666666666 0.16944444444444445
6 0.32369791666666664 0.638425925925926 0.13489583333333333 0.13425925925925927
8 0.33255208333333336 0.5574074074074075 0.03697916666666667 0.09444444444444444
6 0.33489583333333334 0.6550925925925926 0.14791666666666667 0.18611111111111112
8 0.3377604166666667 0.6083333333333333 0.06197916666666667 0.2
6 0.14635416666666667 0.5768518518518518 0.07708333333333334 0.08333333333333333
7 0.17630208333333333 0.5712962962962963 0.021354166666666667 0.1037037037037037
1 0.05520833333333333 0.5666666666666667 0.11041666666666666 0.14074074074074075
6 0.075 0.6643518518518519 0.13541666666666666 0.19537037037037036
8 0.05364583333333333 0.6023148148148149 0.07083333333333333 0.17685185185185184
14 0.1421875 0.8958333333333334 0.184375 0.20462962962962963
8 0.06015625 0.7550925925925925 0.11822916666666666 0.4842592592592593
7 0.9270833333333334 0.5305555555555556 0.013541666666666667 0.06481481481481481
7 0.9434895833333333 0.5300925925925926 0.015104166666666667 0.06574074074074074
7 0.84765625 0.5157407407407407 0.013020833333333334 0.044444444444444446
7 0.8557291666666667 0.5175925925925926 0.010416666666666666 0.04259259259259259
7 0.8614583333333333 0.5157407407407407 0.014583333333333334 0.04814814814814815
6 0.9859375 0.575462962962963 0.027083333333333334 0.06018518518518518
8 0.990625 0.5425925925925926 0.016666666666666666 0.09444444444444444