9 0.5841145833333333 0.42314814814814816 0.0036458333333333334 0.027777777777777776
9 0.6473958333333333 0.4078703703703704 0.008333333333333333 0.062037037037037036
9 0.6044270833333333 0.2550925925925926 0.033854166666666664 0.01574074074074074
9 0.5854166666666667 0.4013888888888889 0.00625 0.006481481481481481
4 0.5119791666666667 0.5231481481481481 0.020833333333333332 0.044444444444444446
4 0.5328125 0.5199074074074074 0.023958333333333335 0.025
4 0.56328125 0.5203703703703704 0.0234375 0.022222222222222223
1 0.49114583333333334 0.5296296296296297 0.015625 0.04259259259259259
4 0.52265625 0.5467592592592593 0.0328125 0.05277777777777778
4 0.5572916666666666 0.5694444444444444 0.057291666666666664 0.0962962962962963
4 0.5921875 0.5375 0.03125 0.032407407407407406
8 0.5880208333333333 0.5162037037037037 0.007291666666666667 0.013888888888888888
13 0.6135416666666667 0.5226851851851851 0.019791666666666666 0.04351851851851852
4 0.6252604166666667 0.5273148148148148 0.009895833333333333 0.026851851851851852
4 0.6359375 0.5282407407407408 0.01875 0.030555555555555555
3 0.6692708333333334 0.5180555555555556 0.03854166666666667 0.04722222222222222
4 0.6953125 0.537962962962963 0.025 0.04259259259259259
8 0.7033854166666667 0.5287037037037037 0.008854166666666666 0.027777777777777776
8 0.6635416666666667 0.525 0.008333333333333333 0.018518518518518517
4 0.6763020833333333 0.5458333333333333 0.043229166666666666 0.058333333333333334
3 0.7473958333333334 0.5273148148148148 0.07708333333333334 0.08796296296296297
4 0.80703125 0.5666666666666667 0.06614583333333333 0.07592592592592592
8 0.5953125 0.5356481481481481 0.015625 0.026851851851851852
4 0.6192708333333333 0.6148148148148148 0.10625 0.14629629629629629
10 0.4510416666666667 0.49583333333333335 0.005208333333333333 0.010185185185185186
14 0.46197916666666666 0.5115740740740741 0.03333333333333333 0.010185185185185186
1 0.4359375 0.5407407407407407 0.020833333333333332 0.04259259259259259
4 0.41171875 0.5467592592592593 0.009895833333333333 0.028703703703703703
8 0.40963541666666664 0.5370370370370371 0.0109375 0.04259259259259259
8 0.40234375 0.5393518518518519 0.015104166666666667 0.03425925925925926
8 0.4010416666666667 0.5388888888888889 0.00625 0.007407407407407408
1 0.3619791666666667 0.5314814814814814 0.028125 0.02962962962962963
7 0.36328125 0.5402777777777777 0.008854166666666666 0.026851851851851852
8 0.3859375 0.5324074074074074 0.011458333333333333 0.022222222222222223
4 0.32890625 0.5722222222222222 0.07135416666666666 0.11296296296296296
4 0.20755208333333333 0.6175925925925926 0.08489583333333334 0.14444444444444443
6 0.22604166666666667 0.6648148148148149 0.03229166666666667 0.09074074074074075
8 0.23645833333333333 0.5949074074074074 0.026041666666666668 0.10648148148148148
4 0.38359375 0.5930555555555556 0.06510416666666667 0.10462962962962963
1 0.28984375 0.6263888888888889 0.10989583333333333 0.19722222222222222
6 0.10260416666666666 0.6532407407407408 0.028125 0.08055555555555556
8 0.11901041666666666 0.5828703703703704 0.0140625 0.06944444444444445
8 0.10677083333333333 0.5884259259259259 0.029166666666666667 0.09537037037037037
6 0.13541666666666666 0.6666666666666666 0.065625 0.1259259259259259
8 0.146875 0.6375 0.035416666666666666 0.16574074074074074
8 0.12473958333333333 0.6166666666666667 0.05260416666666667 0.14814814814814814
6 0.04505208333333333 0.7685185185185185 0.09010416666666667 0.2796296296296296
8 0.04010416666666667 0.6921296296296297 0.08020833333333334 0.2824074074074074
4 0.47109375 0.5393518518518519 0.0546875 0.05462962962962963
4 0.4591145833333333 0.6916666666666667 0.1796875 0.2833333333333333