14 0.4708333333333333 0.3726851851851852 0.034375 0.010185185185185186
6 0.24635416666666668 0.5833333333333334 0.08958333333333333 0.2111111111111111
8 0.25286458333333334 0.5388888888888889 0.06510416666666667 0.2611111111111111
14 0.07552083333333333 0.8412037037037037 0.15 0.3138888888888889
8 0.5307291666666667 0.37546296296296294 0.007291666666666667 0.010185185185185186
7 0.5510416666666667 0.38796296296296295 0.010416666666666666 0.040740740740740744
7 0.559375 0.3907407407407407 0.009375 0.053703703703703705
7 0.5700520833333333 0.3972222222222222 0.016145833333333335 0.07222222222222222
7 0.59375 0.4046296296296296 0.019791666666666666 0.10925925925925926
7 0.6161458333333333 0.4027777777777778 0.019791666666666666 0.12222222222222222
7 0.6276041666666666 0.39861111111111114 0.023958333333333335 0.10833333333333334
7 0.60078125 0.4263888888888889 0.028645833333333332 0.13240740740740742
8 0.6361979166666667 0.36666666666666664 0.016145833333333335 0.02962962962962963
8 0.653125 0.4527777777777778 0.06979166666666667 0.17037037037037037
6 0.65078125 0.49537037037037035 0.04739583333333333 0.10185185185185185
1 0.3028645833333333 0.5574074074074075 0.07864583333333333 0.34074074074074073
1 0.4395833333333333 0.6888888888888889 0.2989583333333333 0.6203703703703703
6 0.8674479166666667 0.9018518518518519 0.2640625 0.1925925925925926
8 0.896875 0.7180555555555556 0.20520833333333333 0.5601851851851852