4 0.6515625 0.4634259259259259 0.06666666666666667 0.15648148148148147
4 0.48723958333333334 0.6643518518518519 0.4953125 0.6694444444444444
13 0.2671875 0.399537037037037 0.075 0.0787037037037037
4 0.30234375 0.4027777777777778 0.0421875 0.018518518518518517
7 0.24010416666666667 0.4199074074074074 0.013541666666666667 0.030555555555555555
4 0.27682291666666664 0.5074074074074074 0.1828125 0.2777777777777778
6 0.7244791666666667 0.45416666666666666 0.027083333333333334 0.06944444444444445
8 0.7286458333333333 0.425462962962963 0.030208333333333334 0.09722222222222222
7 0.9872395833333333 0.43703703703703706 0.024479166666666666 0.20555555555555555
7 0.9453125 0.42314814814814816 0.05520833333333333 0.21851851851851853
6 0.75703125 0.6194444444444445 0.10677083333333333 0.3388888888888889
8 0.7567708333333333 0.5222222222222223 0.103125 0.3
8 0.7520833333333333 0.562037037037037 0.09375 0.3611111111111111
6 0.95390625 0.8361111111111111 0.09114583333333333 0.32592592592592595
8 0.9825520833333333 0.7532407407407408 0.033854166666666664 0.49166666666666664
4 0.12395833333333334 0.7421296296296296 0.24791666666666667 0.5138888888888888
14 0.21744791666666666 0.44027777777777777 0.028645833333333332 0.058333333333333334