7 0.403125 0.5601851851851852 0.0125 0.027777777777777776
7 0.45651041666666664 0.5393518518518519 0.005729166666666666 0.028703703703703703
6 0.4796875 0.5393518518518519 0.005208333333333333 0.012037037037037037
8 0.47994791666666664 0.5314814814814814 0.005729166666666666 0.014814814814814815
6 0.4953125 0.5726851851851852 0.013541666666666667 0.03425925925925926
8 0.49322916666666666 0.5550925925925926 0.019791666666666666 0.04351851851851852
8 0.4973958333333333 0.5578703703703703 0.013541666666666667 0.03796296296296296
8 0.49609375 0.5444444444444444 0.0140625 0.024074074074074074
6 0.4903645833333333 0.538425925925926 0.005729166666666666 0.01574074074074074
8 0.4903645833333333 0.5319444444444444 0.005729166666666666 0.017592592592592594
8 0.49947916666666664 0.5333333333333333 0.00625 0.020370370370370372
4 0.5046875 0.5287037037037037 0.007291666666666667 0.011111111111111112
6 0.4864583333333333 0.5324074074074074 0.003125 0.007407407407407408
8 0.4864583333333333 0.5296296296296297 0.004166666666666667 0.009259259259259259
8 0.4940104166666667 0.5305555555555556 0.0046875 0.009259259259259259
8 0.49583333333333335 0.5268518518518519 0.0020833333333333333 0.007407407407407408
4 0.52734375 0.5291666666666667 0.0067708333333333336 0.012037037037037037
4 0.534375 0.5314814814814814 0.008333333333333333 0.011111111111111112
4 0.54375 0.5328703703703703 0.011458333333333333 0.013888888888888888
4 0.5677083333333334 0.537962962962963 0.017708333333333333 0.025925925925925925
6 0.60390625 0.549074074074074 0.0078125 0.018518518518518517
8 0.603125 0.5416666666666666 0.007291666666666667 0.024074074074074074
13 0.6578125 0.5277777777777778 0.04791666666666667 0.06851851851851852
4 0.6609375 0.549537037037037 0.03125 0.049074074074074076
4 0.5184895833333333 0.5287037037037037 0.0046875 0.009259259259259259