6 0.3229166666666667 0.6898148148148148 0.071875 0.16296296296296298
8 0.3424479166666667 0.6296296296296297 0.03177083333333333 0.18518518518518517
8 0.3190104166666667 0.6337962962962963 0.0765625 0.20092592592592592
6 0.28932291666666665 0.5856481481481481 0.024479166666666666 0.03796296296296296
8 0.29010416666666666 0.5685185185185185 0.013541666666666667 0.06111111111111111
8 0.29739583333333336 0.5671296296296297 0.01875 0.05648148148148148
10 0.2859375 0.4685185185185185 0.026041666666666668 0.04814814814814815
6 0.44765625 0.6277777777777778 0.03697916666666667 0.1
8 0.44505208333333335 0.5898148148148148 0.0390625 0.11481481481481481
6 0.4796875 0.5388888888888889 0.004166666666666667 0.007407407407407408
8 0.48020833333333335 0.5356481481481481 0.005208333333333333 0.013888888888888888
6 0.48854166666666665 0.5407407407407407 0.005208333333333333 0.011111111111111112
8 0.4890625 0.5337962962962963 0.005208333333333333 0.017592592592592594
13 0.4734375 0.5305555555555556 0.007291666666666667 0.014814814814814815
6 0.49244791666666665 0.538425925925926 0.0036458333333333334 0.008333333333333333
8 0.49296875 0.5333333333333333 0.0036458333333333334 0.012962962962962963
6 0.5002604166666667 0.5375 0.0036458333333333334 0.006481481481481481
8 0.5002604166666667 0.5333333333333333 0.0036458333333333334 0.011111111111111112
6 0.5044270833333333 0.538425925925926 0.0036458333333333334 0.008333333333333333
8 0.5046875 0.5337962962962963 0.004166666666666667 0.013888888888888888
4 0.49921875 0.5333333333333333 0.0078125 0.012962962962962963
4 0.5127604166666667 0.5351851851851852 0.0109375 0.018518518518518517
4 0.5325520833333334 0.5310185185185186 0.005729166666666666 0.012037037037037037
13 0.48932291666666666 0.5212962962962963 0.008854166666666666 0.018518518518518517
13 0.5609375 0.525 0.027083333333333334 0.04259259259259259
4 0.5744791666666667 0.5569444444444445 0.04375 0.05648148148148148
4 0.5838541666666667 0.5296296296296297 0.0125 0.009259259259259259
6 0.5997395833333333 0.5444444444444444 0.0046875 0.012962962962962963
8 0.5994791666666667 0.537962962962963 0.005208333333333333 0.020370370370370372
4 0.7416666666666667 0.5685185185185185 0.057291666666666664 0.06666666666666667
4 0.7859375 0.5425925925925926 0.046875 0.02962962962962963
6 0.7700520833333333 0.549537037037037 0.0234375 0.028703703703703703
6 0.99375 0.6143518518518518 0.011458333333333333 0.06759259259259259