13 0.18125 0.5449074074074074 0.3625 0.8601851851851852
8 0.35703125 0.4203703703703704 0.018229166666666668 0.04259259259259259
6 0.35963541666666665 0.4393518518518518 0.015104166666666667 0.04537037037037037
7 0.37447916666666664 0.4041666666666667 0.009375 0.025
8 0.38671875 0.4050925925925926 0.0046875 0.017592592592592594
6 0.38671875 0.4152777777777778 0.0067708333333333336 0.017592592592592594
8 0.3932291666666667 0.4041666666666667 0.005208333333333333 0.023148148148148147
8 0.39036458333333335 0.4097222222222222 0.0078125 0.023148148148148147
6 0.390625 0.41805555555555557 0.0125 0.023148148148148147
7 0.3971354166666667 0.4009259259259259 0.0046875 0.024074074074074074
7 0.40286458333333336 0.39675925925925926 0.0046875 0.019444444444444445
8 0.43072916666666666 0.39675925925925926 0.004166666666666667 0.013888888888888888
8 0.42526041666666664 0.3972222222222222 0.005729166666666666 0.012962962962962963
8 0.43515625 0.3958333333333333 0.0036458333333333334 0.010185185185185186
6 0.4317708333333333 0.4083333333333333 0.00625 0.012962962962962963
6 0.42526041666666664 0.4083333333333333 0.005729166666666666 0.011111111111111112
14 0.46458333333333335 0.3837962962962963 0.0125 0.017592592592592594
4 0.45390625 0.4361111111111111 0.0453125 0.06666666666666667
3 0.4973958333333333 0.38287037037037036 0.027083333333333334 0.05277777777777778
4 0.4861979166666667 0.40185185185185185 0.019270833333333334 0.03333333333333333
14 0.52265625 0.38657407407407407 0.0109375 0.013888888888888888
4 0.5177083333333333 0.39537037037037037 0.009375 0.016666666666666666
4 0.5236979166666667 0.4444444444444444 0.05260416666666667 0.08518518518518518
6 0.51796875 0.399537037037037 0.005729166666666666 0.013888888888888888
8 0.5184895833333333 0.3912037037037037 0.0078125 0.013888888888888888
6 0.5276041666666667 0.3962962962962963 0.005208333333333333 0.012962962962962963
8 0.5268229166666667 0.3912037037037037 0.0036458333333333334 0.013888888888888888
6 0.5338541666666666 0.39861111111111114 0.007291666666666667 0.013888888888888888
8 0.53359375 0.3925925925925926 0.0078125 0.016666666666666666
6 0.540625 0.4050925925925926 0.008333333333333333 0.021296296296296296
8 0.53984375 0.39351851851851855 0.0078125 0.020370370370370372
6 0.5526041666666667 0.4027777777777778 0.007291666666666667 0.020370370370370372
8 0.5515625 0.39444444444444443 0.007291666666666667 0.020370370370370372
7 0.5731770833333333 0.3925925925925926 0.009895833333333333 0.024074074074074074
6 0.5838541666666667 0.4064814814814815 0.011458333333333333 0.020370370370370372
8 0.5825520833333333 0.3939814814814815 0.0078125 0.025
7 0.7270833333333333 0.39305555555555555 0.013541666666666667 0.023148148148148147
7 0.7403645833333333 0.4083333333333333 0.013020833333333334 0.06851851851851852
7 0.7171875 0.42824074074074076 0.021875 0.06759259259259259
8 0.5096354166666667 0.399537037037037 0.0140625 0.019444444444444445
6 0.49557291666666664 0.41712962962962963 0.015104166666666667 0.032407407407407406
8 0.49583333333333335 0.4074074074074074 0.0125 0.040740740740740744