14 0.5203125 0.5337962962962963 0.010416666666666666 0.017592592592592594
14 0.5330729166666667 0.5476851851851852 0.009895833333333333 0.01574074074074074
4 0.5203125 0.5476851851851852 0.010416666666666666 0.01574074074074074
3 0.56328125 0.5393518518518519 0.05572916666666667 0.09722222222222222
14 0.4973958333333333 0.5425925925925926 0.015625 0.018518518518518517
6 0.5291666666666667 0.562962962962963 0.008333333333333333 0.018518518518518517
8 0.5294270833333333 0.5523148148148148 0.009895833333333333 0.028703703703703703
6 0.5059895833333333 0.5587962962962963 0.0067708333333333336 0.012037037037037037
8 0.5057291666666667 0.5523148148148148 0.008333333333333333 0.021296296296296296
6 0.5174479166666667 0.5819444444444445 0.0140625 0.04351851851851852
8 0.5182291666666666 0.5643518518518519 0.015625 0.04351851851851852
7 0.45755208333333336 0.5407407407407407 0.0036458333333333334 0.011111111111111112
4 0.45260416666666664 0.5476851851851852 0.007291666666666667 0.019444444444444445
4 0.4434895833333333 0.5439814814814815 0.015104166666666667 0.030555555555555555
4 0.43203125 0.5439814814814815 0.0234375 0.030555555555555555
4 0.4080729166666667 0.5402777777777777 0.0515625 0.03981481481481482
4 0.4635416666666667 0.5537037037037037 0.013541666666666667 0.025925925925925925
4 0.47604166666666664 0.5587962962962963 0.022916666666666665 0.03981481481481482
7 0.39505208333333336 0.5745370370370371 0.016145833333333335 0.0824074074074074
6 0.49322916666666666 0.6967592592592593 0.053125 0.1527777777777778
8 0.4934895833333333 0.6375 0.05260416666666667 0.17685185185185184
7 0.40911458333333334 0.575462962962963 0.016145833333333335 0.08055555555555556
4 0.28463541666666664 0.5944444444444444 0.09427083333333333 0.10185185185185185
4 0.011979166666666667 0.5064814814814815 0.019791666666666666 0.04814814814814815
4 0.07005208333333333 0.4930555555555556 0.1109375 0.058333333333333334
4 0.18515625 0.6087962962962963 0.11197916666666667 0.15092592592592594
6 0.07994791666666666 0.6185185185185185 0.0484375 0.12407407407407407
4 0.0390625 0.6310185185185185 0.078125 0.17685185185185184
10 0.86875 0.6796296296296296 0.027083333333333334 0.06111111111111111
14 0.6419270833333334 0.524074074074074 0.008854166666666666 0.007407407407407408