14 0.02421875 0.5833333333333334 0.04739583333333333 0.09444444444444444
14 0.061197916666666664 0.5814814814814815 0.043229166666666666 0.1
4 0.115625 0.612037037037037 0.029166666666666667 0.07407407407407407
1 0.21432291666666667 0.6990740740740741 0.20572916666666666 0.3592592592592593
6 0.3489583333333333 0.5976851851851852 0.016666666666666666 0.041666666666666664
8 0.34791666666666665 0.5888888888888889 0.015625 0.04259259259259259
6 0.4010416666666667 0.6092592592592593 0.019791666666666666 0.037037037037037035
8 0.4002604166666667 0.5958333333333333 0.018229166666666668 0.05092592592592592
6 0.43411458333333336 0.8421296296296297 0.1203125 0.30648148148148147
8 0.43697916666666664 0.7129629629629629 0.10416666666666667 0.3388888888888889
4 0.5174479166666667 0.5902777777777778 0.03802083333333333 0.05462962962962963
4 0.5416666666666666 0.5851851851851851 0.019791666666666666 0.03148148148148148
7 0.50546875 0.5606481481481481 0.0046875 0.012037037037037037
7 0.5169270833333334 0.5601851851851852 0.0046875 0.011111111111111112
6 0.5309895833333333 0.5634259259259259 0.009895833333333333 0.013888888888888888
6 0.5424479166666667 0.5625 0.0078125 0.013888888888888888
8 0.5421875 0.5574074074074075 0.005208333333333333 0.016666666666666666
4 0.54296875 0.5546296296296296 0.018229166666666668 0.018518518518518517
4 0.55546875 0.5592592592592592 0.018229166666666668 0.020370370370370372
4 0.565625 0.5560185185185185 0.015625 0.017592592592592594
4 0.5765625 0.5606481481481481 0.01875 0.013888888888888888
4 0.5872395833333334 0.562962962962963 0.018229166666666668 0.020370370370370372
4 0.58515625 0.5509259259259259 0.015104166666666667 0.011111111111111112
8 0.5859375 0.55 0.00625 0.011111111111111112
7 0.59609375 0.5574074074074075 0.0046875 0.016666666666666666
4 0.6059895833333333 0.5824074074074074 0.0203125 0.03148148148148148
6 0.6067708333333334 0.5976851851851852 0.011458333333333333 0.03611111111111111
8 0.6072916666666667 0.586574074074074 0.013541666666666667 0.03796296296296296
6 0.5872395833333334 0.6083333333333333 0.021354166666666667 0.05185185185185185
8 0.5880208333333333 0.5953703703703703 0.021875 0.06666666666666667
4 0.61953125 0.5643518518518519 0.015104166666666667 0.025
4 0.62109375 0.575925925925926 0.009895833333333333 0.02962962962962963
6 0.61328125 0.562962962962963 0.005729166666666666 0.007407407407407408
8 0.6127604166666667 0.5587962962962963 0.005729166666666666 0.01574074074074074
7 0.60859375 0.5611111111111111 0.0026041666666666665 0.014814814814814815
4 0.5684895833333333 0.586574074074074 0.022395833333333334 0.03796296296296296
4 0.5591145833333333 0.5972222222222222 0.034895833333333334 0.05555555555555555
4 0.9778645833333334 0.5986111111111111 0.027604166666666666 0.04722222222222222
8 0.9692708333333333 0.6231481481481481 0.005208333333333333 0.03518518518518519
4 0.71171875 0.5666666666666667 0.027604166666666666 0.024074074074074074