4 0.9708333333333333 0.29814814814814816 0.015625 0.022222222222222223
10 0.95 0.2726851851851852 0.008333333333333333 0.019444444444444445
13 0.9223958333333333 0.30092592592592593 0.042708333333333334 0.044444444444444446
7 0.9604166666666667 0.31342592592592594 0.009375 0.032407407407407406
8 0.97578125 0.32546296296296295 0.011979166666666667 0.03796296296296296
6 0.9755208333333333 0.33564814814814814 0.011458333333333333 0.032407407407407406
6 0.8833333333333333 0.3458333333333333 0.022916666666666665 0.062037037037037036
6 0.7098958333333333 0.3731481481481482 0.01875 0.05740740740740741
6 0.6799479166666667 0.3597222222222222 0.05364583333333333 0.08981481481481482
7 0.42942708333333335 0.41064814814814815 0.03697916666666667 0.10462962962962963
6 0.30807291666666664 0.45185185185185184 0.07135416666666666 0.21296296296296297
7 0.6755208333333333 0.3453703703703704 0.029166666666666667 0.09259259259259259
10 0.7 0.175 0.036458333333333336 0.10185185185185185
4 0.6 0.5324074074074074 0.29583333333333334 0.34444444444444444