0 0.10364583333333334 0.11203703703703703 0.00625 0.014814814814814815
3 0.4348958333333333 0.3888888888888889 0.1375 0.18333333333333332
1 0.5127604166666667 0.4097222222222222 0.019270833333333334 0.026851851851851852
2 0.590625 0.46944444444444444 0.025 0.040740740740740744
1 0.503125 0.5842592592592593 0.14375 0.32222222222222224
1 0.6778645833333333 0.5828703703703704 0.15572916666666667 0.32685185185185184
7 0.7630208333333334 0.475 0.017708333333333333 0.046296296296296294
1 0.8591145833333333 0.5527777777777778 0.20572916666666666 0.2814814814814815
6 0.9309895833333334 0.8078703703703703 0.13697916666666668 0.3472222222222222
8 0.9 0.6782407407407407 0.07083333333333333 0.4583333333333333
8 0.9278645833333333 0.7171296296296297 0.10572916666666667 0.5305555555555556
8 0.96875 0.7472222222222222 0.06145833333333333 0.4166666666666667
4 0.38125 0.55 0.11458333333333333 0.2037037037037037
6 0.5424479166666667 0.7902777777777777 0.12864583333333332 0.4083333333333333
8 0.5473958333333333 0.6296296296296297 0.134375 0.3962962962962963
8 0.5484375 0.6986111111111111 0.15 0.4898148148148148
4 0.17838541666666666 0.7185185185185186 0.3567708333333333 0.55