8 0.19479166666666667 0.324537037037037 0.04583333333333333 0.14722222222222223
8 0.14635416666666667 0.29768518518518516 0.03333333333333333 0.07314814814814814
10 0.26927083333333335 0.15925925925925927 0.06354166666666666 0.11851851851851852
7 0.28020833333333334 0.26157407407407407 0.03958333333333333 0.06388888888888888
6 0.31302083333333336 0.2833333333333333 0.026041666666666668 0.018518518518518517
8 0.31197916666666664 0.2740740740740741 0.019791666666666666 0.037037037037037035
10 0.7533854166666667 0.20324074074074075 0.018229166666666668 0.03425925925925926
6 0.63984375 0.35 0.0453125 0.09814814814814815
8 0.62734375 0.3194444444444444 0.0203125 0.08333333333333333
8 0.6458333333333334 0.3236111111111111 0.03333333333333333 0.0824074074074074
6 0.66328125 0.42777777777777776 0.07135416666666666 0.15555555555555556
8 0.6627604166666666 0.40370370370370373 0.05260416666666667 0.20925925925925926
6 0.7098958333333333 0.4444444444444444 0.065625 0.17037037037037037
8 0.7119791666666667 0.4222222222222222 0.052083333333333336 0.20555555555555555
8 0.7825520833333334 0.37175925925925923 0.05364583333333333 0.11203703703703703
6 0.8229166666666666 0.4546296296296296 0.030208333333333334 0.1925925925925926
8 0.8143229166666667 0.4041666666666667 0.04739583333333333 0.18611111111111112
6 0.8302083333333333 0.5041666666666667 0.03229166666666667 0.18611111111111112
8 0.8419270833333333 0.4050925925925926 0.028645833333333332 0.14537037037037037
13 0.9213541666666667 0.44212962962962965 0.15625 0.6601851851851852
6 0.7721354166666666 0.5666666666666667 0.13489583333333333 0.3037037037037037
8 0.7830729166666667 0.5046296296296297 0.09635416666666667 0.36666666666666664
13 0.8473958333333333 0.09351851851851851 0.021875 0.08333333333333333
9 0.8130208333333333 0.1935185185185185 0.0125 0.06481481481481481
9 0.8359375 0.21342592592592594 0.010416666666666666 0.026851851851851852