10 0.0171875 0.2162037037037037 0.034375 0.06018518518518518
8 0.01875 0.37962962962962965 0.016666666666666666 0.03148148148148148
4 0.04244791666666667 0.48009259259259257 0.08489583333333334 0.1824074074074074
4 0.2796875 0.4361111111111111 0.052083333333333336 0.027777777777777776
9 0.29244791666666664 0.30092592592592593 0.011979166666666667 0.06296296296296296
9 0.20859375 0.2916666666666667 0.0296875 0.046296296296296294
9 0.22760416666666666 0.17453703703703705 0.027083333333333334 0.11574074074074074
8 0.11640625 0.4134259259259259 0.028645833333333332 0.04722222222222222
8 0.23463541666666668 0.425 0.0203125 0.03888888888888889
4 0.24505208333333334 0.6986111111111111 0.4901041666666667 0.5972222222222222
10 0.2328125 0.3111111111111111 0.015625 0.12037037037037036
9 0.29453125 0.38333333333333336 0.0109375 0.018518518518518517
9 0.28567708333333336 0.4064814814814815 0.009895833333333333 0.020370370370370372