6 0.43072916666666666 0.4828703703703704 0.053125 0.11203703703703703
8 0.42265625 0.4476851851851852 0.028645833333333332 0.14351851851851852
8 0.4354166666666667 0.44907407407407407 0.03854166666666667 0.13703703703703704
4 0.042708333333333334 0.3388888888888889 0.017708333333333333 0.03333333333333333
1 0.024739583333333332 0.3453703703703704 0.0265625 0.06296296296296296
6 0.08307291666666666 0.3527777777777778 0.015104166666666667 0.03333333333333333
8 0.08255208333333333 0.34305555555555556 0.0109375 0.04537037037037037
6 0.06015625 0.3638888888888889 0.018229166666666668 0.04814814814814815
8 0.06041666666666667 0.34675925925925927 0.015625 0.05277777777777778
6 0.1265625 0.36712962962962964 0.01875 0.05092592592592592
8 0.12942708333333333 0.3527777777777778 0.0171875 0.05555555555555555
6 0.23463541666666668 0.4111111111111111 0.0296875 0.07037037037037037
8 0.23515625 0.3902777777777778 0.028645833333333332 0.09166666666666666