1 0.08255208333333333 0.7625 0.16510416666666666 0.47129629629629627
6 0.16354166666666667 0.6337962962962963 0.030208333333333334 0.08981481481481482
7 0.16276041666666666 0.5986111111111111 0.021354166666666667 0.13055555555555556
6 0.18776041666666668 0.6444444444444445 0.0265625 0.08148148148148149
8 0.19713541666666667 0.5939814814814814 0.028645833333333332 0.10277777777777777
8 0.18776041666666668 0.6175925925925926 0.03697916666666667 0.12222222222222222
6 0.21223958333333334 0.6611111111111111 0.05364583333333333 0.13333333333333333
8 0.21796875 0.6222222222222222 0.04739583333333333 0.13518518518518519
4 0.28177083333333336 0.6060185185185185 0.08541666666666667 0.09907407407407408
4 0.3651041666666667 0.5907407407407408 0.040625 0.05
7 0.35208333333333336 0.5921296296296297 0.014583333333333334 0.0787037037037037
6 0.40989583333333335 0.6231481481481481 0.030208333333333334 0.07222222222222222
8 0.40989583333333335 0.5907407407407408 0.030208333333333334 0.0962962962962963
6 0.4276041666666667 0.6032407407407407 0.015625 0.05648148148148148
8 0.42682291666666666 0.5861111111111111 0.022395833333333334 0.053703703703703705
6 0.47161458333333334 0.6027777777777777 0.009895833333333333 0.022222222222222223
8 0.47109375 0.5930555555555556 0.009895833333333333 0.032407407407407406
4 0.5111979166666667 0.6055555555555555 0.0765625 0.11481481481481481
4 0.5440104166666667 0.5949074074074074 0.0109375 0.05092592592592592
4 0.5518229166666667 0.5888888888888889 0.008854166666666666 0.03888888888888889
4 0.5744791666666667 0.5888888888888889 0.041666666666666664 0.06111111111111111
4 0.6239583333333333 0.6037037037037037 0.08333333333333333 0.10740740740740741
4 0.6997395833333333 0.5763888888888888 0.03177083333333333 0.03611111111111111
4 0.7872395833333333 0.5694444444444444 0.022395833333333334 0.03518518518518519
8 0.7752604166666667 0.5708333333333333 0.022395833333333334 0.03981481481481482
13 0.8442708333333333 0.5703703703703704 0.09166666666666666 0.08703703703703704
4 0.93203125 0.6074074074074074 0.0515625 0.07962962962962963
8 0.9419270833333333 0.5847222222222223 0.018229166666666668 0.032407407407407406
6 0.9544270833333334 0.6129629629629629 0.0109375 0.04814814814814815
6 0.9776041666666667 0.6217592592592592 0.028125 0.041666666666666664
1 0.9859375 0.6083333333333333 0.027083333333333334 0.08148148148148149
13 0.3859375 0.587037037037037 0.03125 0.05555555555555555
7 0.4596354166666667 0.5902777777777778 0.0036458333333333334 0.019444444444444445
8 0.9747395833333333 0.612037037037037 0.009895833333333333 0.05740740740740741