14 0.007291666666666667 0.7601851851851852 0.014583333333333334 0.15
7 0.67109375 0.3875 0.0296875 0.11574074074074074
8 0.6283854166666667 0.4388888888888889 0.05677083333333333 0.15185185185185185
6 0.6010416666666667 0.5791666666666667 0.040625 0.1287037037037037
4 0.7591145833333334 0.6111111111111112 0.3265625 0.44814814814814813
6 0.8768229166666667 0.4046296296296296 0.0265625 0.04259259259259259
8 0.87109375 0.38333333333333336 0.03177083333333333 0.06666666666666667
7 0.9442708333333333 0.36435185185185187 0.00625 0.03981481481481482
7 0.9520833333333333 0.36527777777777776 0.009375 0.041666666666666664
6 0.96875 0.4050925925925926 0.025 0.06574074074074074
8 0.9684895833333333 0.387037037037037 0.0203125 0.05555555555555555
8 0.9638020833333333 0.3902777777777778 0.0203125 0.06944444444444445
3 0.9825520833333333 0.3592592592592593 0.027604166666666666 0.06666666666666667
4 0.9786458333333333 0.6546296296296297 0.041666666666666664 0.2962962962962963
14 0.99296875 0.34629629629629627 0.009895833333333333 0.15