3 0.43645833333333334 0.37592592592592594 0.13854166666666667 0.15555555555555556
1 0.51875 0.41203703703703703 0.029166666666666667 0.03333333333333333
1 0.56328125 0.45740740740740743 0.0234375 0.05925925925925926
6 0.59140625 0.46944444444444444 0.018229166666666668 0.040740740740740744
6 0.6666666666666666 0.48009259259259257 0.026041666666666668 0.06759259259259259
7 0.6494791666666667 0.4736111111111111 0.016666666666666666 0.08796296296296297
4 0.6346354166666667 0.4736111111111111 0.0265625 0.09722222222222222
4 0.68046875 0.45787037037037037 0.016145833333333335 0.07314814814814814
4 0.69765625 0.44907407407407407 0.015104166666666667 0.07962962962962963
1 0.8203125 0.5731481481481482 0.22395833333333334 0.3314814814814815
4 0.9690104166666667 0.5444444444444444 0.0609375 0.19074074074074074
8 0.9276041666666667 0.6041666666666666 0.09479166666666666 0.3416666666666667
6 0.9369791666666667 0.7425925925925926 0.125 0.37222222222222223
8 0.79921875 0.7300925925925926 0.26614583333333336 0.537962962962963
6 0.8065104166666667 0.8601851851851852 0.34010416666666665 0.2740740740740741
4 0.3841145833333333 0.5509259259259259 0.12135416666666667 0.2037037037037037
1 0.50390625 0.586574074074074 0.1453125 0.33425925925925926
6 0.5401041666666667 0.788425925925926 0.12916666666666668 0.39537037037037037
8 0.5484375 0.6319444444444444 0.13229166666666667 0.38055555555555554
8 0.5481770833333334 0.6972222222222222 0.1578125 0.48518518518518516
4 0.11432291666666666 0.7263888888888889 0.22864583333333333 0.5416666666666666