3 0.5989583333333334 0.5337962962962963 0.05416666666666667 0.01574074074074074
8 0.6143229166666667 0.5365740740740741 0.0046875 0.006481481481481481
7 0.5067708333333333 0.5453703703703704 0.003125 0.022222222222222223
7 0.5096354166666667 0.5532407407407407 0.005729166666666666 0.032407407407407406
3 0.4348958333333333 0.5300925925925926 0.017708333333333333 0.013888888888888888
3 0.4765625 0.5398148148148149 0.06145833333333333 0.10555555555555556
8 0.57109375 0.537962962962963 0.0026041666666666665 0.005555555555555556
8 0.57421875 0.537962962962963 0.0036458333333333334 0.007407407407407408
8 0.5783854166666667 0.5393518518518519 0.0036458333333333334 0.006481481481481481
8 0.5815104166666667 0.5398148148148149 0.0026041666666666665 0.009259259259259259
4 0.5708333333333333 0.5546296296296296 0.01875 0.03333333333333333
8 0.6494791666666667 0.5416666666666666 0.008333333333333333 0.020370370370370372
4 0.6026041666666667 0.5898148148148148 0.06875 0.10185185185185185
8 0.6434895833333333 0.5962962962962963 0.03802083333333333 0.12962962962962962
6 0.6416666666666667 0.6333333333333333 0.041666666666666664 0.1259259259259259
8 0.5260416666666666 0.5476851851851852 0.008333333333333333 0.013888888888888888
8 0.52890625 0.5875 0.025520833333333333 0.12314814814814815
6 0.5333333333333333 0.6342592592592593 0.021875 0.07777777777777778
8 0.5565104166666667 0.6083333333333333 0.0484375 0.16296296296296298
6 0.5546875 0.6592592592592592 0.05 0.13518518518518519
8 0.3984375 0.5328703703703703 0.005208333333333333 0.010185185185185186
4 0.4278645833333333 0.5939814814814814 0.06822916666666666 0.12685185185185185
8 0.26328125 0.5402777777777777 0.0046875 0.01574074074074074
4 0.27421875 0.5550925925925926 0.019270833333333334 0.030555555555555555
7 0.25338541666666664 0.5430555555555555 0.005729166666666666 0.013888888888888888
4 0.24140625 0.6018518518518519 0.08802083333333334 0.1111111111111111
3 0.11770833333333333 0.5305555555555556 0.23541666666666666 0.23148148148148148
8 0.12578125 0.562962962962963 0.018229166666666668 0.040740740740740744
8 0.1078125 0.575 0.03125 0.07222222222222222
6 0.10859375 0.6453703703703704 0.03697916666666667 0.08518518518518518
6 0.146875 0.6912037037037037 0.07291666666666667 0.18611111111111112
8 0.14791666666666667 0.6402777777777777 0.057291666666666664 0.20277777777777778
6 0.24427083333333333 0.6342592592592593 0.04583333333333333 0.11296296296296296
8 0.24401041666666667 0.6 0.033854166666666664 0.13518518518518519
1 0.33984375 0.6037037037037037 0.1203125 0.2074074074074074
9 0.3072916666666667 0.43842592592592594 0.00625 0.049074074074074076
6 0.01953125 0.774537037037037 0.0390625 0.2935185185185185
8 0.01328125 0.7819444444444444 0.0265625 0.21574074074074073
9 0.5825520833333333 0.3925925925925926 0.027604166666666666 0.011111111111111112
13 0.9307291666666667 0.5370370370370371 0.035416666666666666 0.05
3 0.9830729166666666 0.524537037037037 0.03177083333333333 0.025
14 0.9541666666666667 0.5453703703703704 0.010416666666666666 0.018518518518518517
3 0.9796875 0.5481481481481482 0.03958333333333333 0.025925925925925925
1 0.9552083333333333 0.5763888888888888 0.022916666666666665 0.049074074074074076
1 0.9333333333333333 0.5814814814814815 0.034375 0.05740740740740741
7 0.95078125 0.5819444444444445 0.0067708333333333336 0.05648148148148148
8 0.9661458333333334 0.5694444444444444 0.00625 0.022222222222222223
1 0.9872395833333333 0.5884259259259259 0.024479166666666666 0.06574074074074074
7 0.9567708333333333 0.5902777777777778 0.007291666666666667 0.049074074074074076
8 0.9661458333333334 0.5953703703703703 0.009375 0.07037037037037037
8 0.9770833333333333 0.6018518518518519 0.016666666666666666 0.08333333333333333
6 0.9729166666666667 0.6175925925925926 0.028125 0.07037037037037037
13 0.8505208333333333 0.5300925925925926 0.13125 0.19907407407407407
14 0.7354166666666667 0.5523148148148148 0.030208333333333334 0.03981481481481482
9 0.46927083333333336 0.48009259259259257 0.010416666666666666 0.006481481481481481
9 0.6002604166666666 0.4986111111111111 0.0036458333333333334 0.028703703703703703
9 0.6276041666666666 0.5162037037037037 0.00625 0.012037037037037037