6 0.5018229166666667 0.5370370370370371 0.0046875 0.009259259259259259
8 0.5018229166666667 0.5324074074074074 0.0046875 0.009259259259259259
6 0.49296875 0.5402777777777777 0.0046875 0.008333333333333333
6 0.50546875 0.5472222222222223 0.0046875 0.009259259259259259
8 0.5052083333333334 0.5412037037037037 0.005208333333333333 0.008333333333333333
6 0.4986979166666667 0.549074074074074 0.0036458333333333334 0.011111111111111112
8 0.4986979166666667 0.5435185185185185 0.0046875 0.009259259259259259
13 0.5104166666666666 0.5319444444444444 0.00625 0.032407407407407406
14 0.559375 0.5324074074074074 0.009375 0.014814814814814815
4 0.5786458333333333 0.5273148148148148 0.011458333333333333 0.010185185185185186
13 0.5338541666666666 0.5310185185185186 0.052083333333333336 0.08981481481481482
13 0.6640625 0.5175925925925926 0.03125 0.027777777777777776
13 0.71875 0.5083333333333333 0.084375 0.16666666666666666
4 0.5731770833333333 0.5888888888888889 0.14947916666666666 0.12222222222222222
6 0.4513020833333333 0.5518518518518518 0.011979166666666667 0.024074074074074074
6 0.7916666666666666 0.6134259259259259 0.010416666666666666 0.05277777777777778
6 0.7643229166666666 0.7787037037037037 0.059895833333333336 0.18518518518518517
8 0.7419270833333333 0.5712962962962963 0.03697916666666667 0.1111111111111111
8 0.7630208333333334 0.6055555555555555 0.059375 0.18888888888888888
9 0.6578125 0.35833333333333334 0.010416666666666666 0.020370370370370372
9 0.6557291666666667 0.4152777777777778 0.011458333333333333 0.08981481481481482
8 0.7315104166666667 0.6296296296296297 0.06614583333333333 0.2111111111111111
6 0.06796875 0.49722222222222223 0.028645833333333332 0.03888888888888889
7 0.11927083333333334 0.5050925925925925 0.013541666666666667 0.04351851851851852
6 0.17265625 0.5504629629629629 0.04739583333333333 0.03611111111111111
6 0.134375 0.5328703703703703 0.03854166666666667 0.03981481481481482
8 0.16901041666666666 0.5203703703703704 0.0234375 0.053703703703703705
13 0.32864583333333336 0.5074074074074074 0.21770833333333334 0.17592592592592593
4 0.36276041666666664 0.5689814814814815 0.1515625 0.14166666666666666
13 0.05130208333333333 0.5319444444444444 0.10260416666666666 0.11944444444444445
8 0.090625 0.5601851851851852 0.03333333333333333 0.06296296296296296
8 0.19661458333333334 0.6064814814814815 0.018229166666666668 0.08148148148148149
6 0.025 0.7050925925925926 0.05 0.09537037037037037
8 0.04921875 0.6097222222222223 0.04010416666666667 0.12314814814814815
8 0.022916666666666665 0.6143518518518518 0.04583333333333333 0.13055555555555556
6 0.27838541666666666 0.7412037037037037 0.07864583333333333 0.23981481481481481
8 0.2791666666666667 0.7050925925925926 0.065625 0.33425925925925926
8 0.24583333333333332 0.6875 0.096875 0.2675925925925926
6 0.07604166666666666 0.7342592592592593 0.05520833333333333 0.1111111111111111
8 0.08984375 0.6231481481481481 0.05260416666666667 0.16666666666666666
6 0.020572916666666666 0.7101851851851851 0.04114583333333333 0.0962962962962963
6 0.0421875 0.8282407407407407 0.08333333333333333 0.23425925925925925
8 0.024479166666666666 0.8162037037037037 0.04895833333333333 0.24166666666666667
6 0.04140625 0.8902777777777777 0.0828125 0.21388888888888888
6 0.18046875 0.8486111111111111 0.1859375 0.2935185185185185
8 0.22317708333333333 0.7717592592592593 0.1515625 0.4546296296296296
8 0.16822916666666668 0.7708333333333334 0.18229166666666666 0.4564814814814815
8 0.03567708333333333 0.7703703703703704 0.0703125 0.06296296296296296
8 0.6424479166666667 0.6425925925925926 0.03177083333333333 0.053703703703703705
6 0.47213541666666664 0.8111111111111111 0.13385416666666666 0.3592592592592593
8 0.47552083333333334 0.7351851851851852 0.12083333333333333 0.43333333333333335
6 0.6591145833333333 0.8379629629629629 0.2015625 0.3148148148148148
8 0.6640625 0.7625 0.19166666666666668 0.47129629629629627
6 0.8908854166666667 0.7787037037037037 0.10572916666666667 0.29444444444444445
8 0.9247395833333333 0.7069444444444445 0.12864583333333332 0.39351851851851855
6 0.38203125 0.8819444444444444 0.1546875 0.22685185185185186
8 0.38671875 0.774537037037037 0.1453125 0.44722222222222224
8 0.94375 0.736574074074074 0.10833333333333334 0.4398148148148148
6 0.94375 0.8777777777777778 0.10833333333333334 0.24074074074074073
8 0.9536458333333333 0.8476851851851852 0.0875 0.09722222222222222