3 0.40911458333333334 0.39444444444444443 0.008854166666666666 0.024074074074074074
3 0.42473958333333334 0.39351851851851855 0.0234375 0.04259259259259259
3 0.45598958333333334 0.3925925925925926 0.030729166666666665 0.046296296296296294
13 0.37838541666666664 0.39675925925925926 0.0078125 0.01574074074074074
13 0.38697916666666665 0.3958333333333333 0.007291666666666667 0.012037037037037037
4 0.37447916666666664 0.4078703703703704 0.0125 0.021296296296296296
4 0.3893229166666667 0.40324074074074073 0.0109375 0.013888888888888888
4 0.38567708333333334 0.41805555555555557 0.027604166666666666 0.03796296296296296
4 0.22630208333333332 0.47685185185185186 0.09947916666666666 0.11666666666666667
6 0.44895833333333335 0.4125 0.008333333333333333 0.019444444444444445
8 0.44869791666666664 0.4041666666666667 0.009895833333333333 0.025
8 0.5013020833333334 0.39166666666666666 0.009895833333333333 0.011111111111111112
6 0.57109375 0.43333333333333335 0.021354166666666667 0.05555555555555555
8 0.5703125 0.4134259259259259 0.021875 0.05092592592592592
8 0.5700520833333333 0.41712962962962963 0.0203125 0.058333333333333334
4 0.49505208333333334 0.4634259259259259 0.0890625 0.13796296296296295
10 0.4356770833333333 0.43425925925925923 0.0026041666666666665 0.005555555555555556
10 0.4296875 0.44675925925925924 0.003125 0.006481481481481481
10 0.4122395833333333 0.4583333333333333 0.0036458333333333334 0.009259259259259259
10 0.4153645833333333 0.4685185185185185 0.0046875 0.005555555555555556
10 0.4244791666666667 0.44027777777777777 0.003125 0.004629629629629629
10 0.4283854166666667 0.43194444444444446 0.0026041666666666665 0.004629629629629629
10 0.3841145833333333 0.49166666666666664 0.0046875 0.009259259259259259
10 0.3690104166666667 0.524537037037037 0.0067708333333333336 0.012037037037037037
10 0.2752604166666667 0.5930555555555556 0.0109375 0.01574074074074074
10 0.10598958333333333 0.8018518518518518 0.0234375 0.03333333333333333
6 0.3658854166666667 0.40925925925925927 0.0036458333333333334 0.009259259259259259
8 0.365625 0.4060185185185185 0.004166666666666667 0.012037037037037037
6 0.36796875 0.40879629629629627 0.0026041666666666665 0.006481481481481481
8 0.36796875 0.4046296296296296 0.0026041666666666665 0.007407407407407408