4 0.3958333333333333 0.5388888888888889 0.015625 0.027777777777777776
4 0.371875 0.5898148148148148 0.057291666666666664 0.10925925925925926
6 0.3859375 0.6310185185185185 0.04479166666666667 0.08425925925925926
8 0.3885416666666667 0.6018518518518519 0.040625 0.13333333333333333
4 0.30052083333333335 0.5884259259259259 0.1125 0.125
6 0.25885416666666666 0.5833333333333334 0.019791666666666666 0.04259259259259259
6 0.26223958333333336 0.6453703703703704 0.0234375 0.0962962962962963
6 0.25677083333333334 0.649537037037037 0.015625 0.09351851851851851
7 0.3026041666666667 0.6944444444444444 0.075 0.37777777777777777
1 0.13098958333333333 0.7527777777777778 0.26197916666666665 0.4925925925925926
13 0.54453125 0.5449074074074074 0.3026041666666667 0.5861111111111111
7 0.6986979166666667 0.562037037037037 0.0140625 0.025925925925925925
4 0.7453125 0.6680555555555555 0.16979166666666667 0.21388888888888888
7 0.9919270833333333 0.7384259259259259 0.0140625 0.375
6 0.9059895833333333 0.9027777777777778 0.07760416666666667 0.1925925925925926
8 0.85625 0.6824074074074075 0.08020833333333334 0.2518518518518518
6 0.7708333333333334 0.8837962962962963 0.21875 0.22314814814814815
8 0.7697916666666667 0.7791666666666667 0.2125 0.4361111111111111
10 0.10208333333333333 0.3490740740740741 0.026041666666666668 0.0962962962962963