3 0.36796875 0.38842592592592595 0.1140625 0.12129629629629629
4 0.44140625 0.45185185185185184 0.07239583333333334 0.11481481481481481
4 0.4984375 0.4300925925925926 0.07395833333333333 0.10277777777777777
6 0.5270833333333333 0.4134259259259259 0.008333333333333333 0.026851851851851852
8 0.51953125 0.39537037037037037 0.005729166666666666 0.016666666666666666
7 0.5390625 0.4166666666666667 0.008333333333333333 0.022222222222222223
1 0.5697916666666667 0.43194444444444446 0.06354166666666666 0.12129629629629629
6 0.6145833333333334 0.4356481481481482 0.034375 0.07685185185185185
8 0.6109375 0.4212962962962963 0.026041666666666668 0.08888888888888889
6 0.6583333333333333 0.4689814814814815 0.03958333333333333 0.09351851851851851
8 0.6453125 0.42407407407407405 0.017708333333333333 0.07777777777777778
8 0.6541666666666667 0.46111111111111114 0.026041666666666668 0.13703703703703704
8 0.7096354166666666 0.4041666666666667 0.021354166666666667 0.062037037037037036
1 0.77109375 0.45 0.0859375 0.16666666666666666
8 0.7317708333333334 0.48564814814814816 0.059375 0.20277777777777778
6 0.7291666666666666 0.5462962962962963 0.057291666666666664 0.1925925925925926
6 0.7114583333333333 0.6569444444444444 0.08854166666666667 0.27314814814814814
8 0.67265625 0.47638888888888886 0.04114583333333333 0.14166666666666666
8 0.7010416666666667 0.5416666666666666 0.10104166666666667 0.28703703703703703
8 0.70703125 0.5791666666666667 0.0640625 0.25277777777777777
6 0.8013020833333333 0.5166666666666667 0.0703125 0.16666666666666666
8 0.7989583333333333 0.4777777777777778 0.0625 0.19814814814814816
1 0.9213541666666667 0.4671296296296296 0.125 0.19722222222222222
8 0.8536458333333333 0.5333333333333333 0.053125 0.29074074074074074
8 0.89296875 0.5587962962962963 0.10052083333333334 0.2861111111111111
6 0.8885416666666667 0.6259259259259259 0.14270833333333333 0.3074074074074074
8 0.946875 0.5217592592592593 0.04895833333333333 0.2175925925925926
8 0.975 0.5185185185185185 0.04583333333333333 0.24814814814814815
6 0.9619791666666667 0.5884259259259259 0.075 0.2101851851851852
8 0.5283854166666667 0.5833333333333334 0.10572916666666667 0.35
6 0.5200520833333333 0.6467592592592593 0.11197916666666667 0.33796296296296297
1 0.3182291666666667 0.6125 0.20416666666666666 0.44537037037037036