4 0.3765625 0.5351851851851852 0.028125 0.06851851851851852
1 0.31354166666666666 0.6319444444444444 0.09166666666666666 0.23055555555555557
14 0.0796875 0.6375 0.15833333333333333 0.3175925925925926
6 0.026822916666666665 0.7902777777777777 0.0484375 0.21203703703703702
13 0.5815104166666667 0.537962962962963 0.09739583333333333 0.12407407407407407
1 0.6403645833333333 0.5587962962962963 0.04114583333333333 0.09166666666666666
1 0.6817708333333333 0.5828703703703704 0.08020833333333334 0.14907407407407408
1 0.7236979166666667 0.562037037037037 0.016145833333333335 0.08703703703703704
7 0.73515625 0.5458333333333333 0.019270833333333334 0.0787037037037037
1 0.8424479166666666 0.5773148148148148 0.0796875 0.14907407407407408
7 0.9565104166666667 0.6092592592592593 0.033854166666666664 0.1648148148148148
6 0.8143229166666667 0.6263888888888889 0.06197916666666667 0.125
8 0.8078125 0.5861111111111111 0.0375 0.15555555555555556
6 0.7591145833333334 0.663425925925926 0.07447916666666667 0.13055555555555556
8 0.7627604166666667 0.6050925925925926 0.0671875 0.17314814814814813
6 0.90234375 0.7162037037037037 0.10989583333333333 0.24722222222222223
8 0.8705729166666667 0.5939814814814814 0.03177083333333333 0.1398148148148148
8 0.9046875 0.6587962962962963 0.08229166666666667 0.26944444444444443
13 0.45755208333333336 0.5138888888888888 0.14322916666666666 0.13703703703703704
7 0.3546875 0.5611111111111111 0.03333333333333333 0.08333333333333333
7 0.29270833333333335 0.6527777777777778 0.028125 0.2574074074074074
7 0.31796875 0.6708333333333333 0.0546875 0.30833333333333335
1 0.2109375 0.6171296296296296 0.134375 0.22870370370370371
6 0.3580729166666667 0.7870370370370371 0.0703125 0.19444444444444445
8 0.3640625 0.6212962962962963 0.0625 0.2
7 0.10442708333333334 0.6560185185185186 0.0703125 0.2601851851851852
6 0.1671875 0.8782407407407408 0.23541666666666666 0.24166666666666667
8 0.17890625 0.7773148148148148 0.2078125 0.43796296296296294
1 0.4986979166666667 0.7347222222222223 0.2453125 0.525
6 0.6169270833333333 0.7351851851851852 0.008854166666666666 0.1037037037037037
8 0.6197916666666666 0.6712962962962963 0.017708333333333333 0.2
10 0.6270833333333333 0.6092592592592593 0.009375 0.018518518518518517
10 0.6830729166666667 0.6439814814814815 0.011979166666666667 0.023148148148148147
10 0.8091145833333333 0.7333333333333333 0.019270833333333334 0.037037037037037035