4 0.5270833333333333 0.5435185185185185 0.008333333333333333 0.014814814814814815
4 0.5393229166666667 0.5462962962962963 0.011979166666666667 0.018518518518518517
13 0.5536458333333333 0.5476851851851852 0.01875 0.032407407407407406
8 0.5135416666666667 0.5342592592592592 0.004166666666666667 0.009259259259259259
8 0.5182291666666666 0.5388888888888889 0.003125 0.009259259259259259
6 0.49453125 0.5444444444444444 0.0046875 0.005555555555555556
13 0.459375 0.5310185185185186 0.020833333333333332 0.030555555555555555
13 0.4765625 0.5347222222222222 0.014583333333333334 0.028703703703703703
13 0.428125 0.5324074074074074 0.042708333333333334 0.06851851851851852
1 0.39791666666666664 0.5407407407407407 0.008333333333333333 0.02962962962962963
13 0.2875 0.5467592592592593 0.21770833333333334 0.2861111111111111
13 0.09947916666666666 0.5328703703703703 0.19895833333333332 0.1935185185185185
3 0.53359375 0.5342592592592592 0.009895833333333333 0.016666666666666666
13 0.58984375 0.5587962962962963 0.04010416666666667 0.07685185185185185
13 0.6526041666666667 0.5439814814814815 0.029166666666666667 0.041666666666666664
6 0.634375 0.5537037037037037 0.004166666666666667 0.005555555555555556
8 0.6348958333333333 0.5472222222222223 0.004166666666666667 0.007407407407407408
13 0.6786458333333333 0.5444444444444444 0.03958333333333333 0.05185185185185185
13 0.7192708333333333 0.5462962962962963 0.05520833333333333 0.07037037037037037
13 0.8052083333333333 0.5550925925925926 0.06145833333333333 0.06759259259259259
7 0.7971354166666667 0.5703703703703704 0.0078125 0.037037037037037035
13 0.8828125 0.5583333333333333 0.09895833333333333 0.11666666666666667
4 0.98359375 0.6277777777777778 0.03177083333333333 0.10925925925925926
13 0.6296875 0.5439814814814815 0.014583333333333334 0.021296296296296296
7 0.61484375 0.5453703703703704 0.0036458333333333334 0.007407407407407408
7 0.6096354166666667 0.5453703703703704 0.0036458333333333334 0.011111111111111112
7 0.5036458333333333 0.5430555555555555 0.0020833333333333333 0.008333333333333333