1 0.6763020833333333 0.5018518518518519 0.021354166666666667 0.040740740740740744
13 0.7778645833333333 0.5120370370370371 0.019270833333333334 0.046296296296296294
8 0.79296875 0.5162037037037037 0.013020833333333334 0.03425925925925926
6 0.7984375 0.525 0.019791666666666666 0.018518518518518517
6 0.81953125 0.524537037037037 0.022395833333333334 0.025
8 0.8197916666666667 0.5171296296296296 0.017708333333333333 0.03981481481481482
6 0.8708333333333333 0.5310185185185186 0.025 0.028703703703703703
8 0.87109375 0.5203703703703704 0.018229166666666668 0.05
1 0.9421875 0.5319444444444444 0.0625 0.075
6 0.9130208333333333 0.5574074074074075 0.03854166666666667 0.06481481481481481
8 0.9109375 0.5305555555555556 0.023958333333333335 0.07777777777777778
6 0.9854166666666667 0.5458333333333333 0.027083333333333334 0.03981481481481482
8 0.990625 0.5236111111111111 0.0125 0.049074074074074076
6 0.9828125 0.6638888888888889 0.03229166666666667 0.13148148148148148
8 0.9885416666666667 0.6069444444444444 0.019791666666666666 0.13055555555555556
8 0.98984375 0.6375 0.018229166666666668 0.11388888888888889
6 0.6265625 0.525 0.022916666666666665 0.025925925925925925
8 0.6197916666666666 0.5148148148148148 0.008333333333333333 0.040740740740740744
8 0.6268229166666667 0.5148148148148148 0.013020833333333334 0.040740740740740744
1 0.5958333333333333 0.5157407407407407 0.034375 0.053703703703703705
6 0.6046875 0.5291666666666667 0.021875 0.026851851851851852
8 0.6067708333333334 0.5180555555555556 0.015625 0.04722222222222222
1 0.53046875 0.5032407407407408 0.024479166666666666 0.023148148148148147
1 0.55859375 0.5347222222222222 0.0390625 0.08055555555555556
7 0.46510416666666665 0.5393518518518519 0.011458333333333333 0.06759259259259259
1 0.5135416666666667 0.5273148148148148 0.025 0.06574074074074074
8 0.5380208333333333 0.5074074074074074 0.010416666666666666 0.018518518518518517
1 0.4875 0.5421296296296296 0.042708333333333334 0.09351851851851851
14 0.5278645833333333 0.5625 0.044270833333333336 0.10277777777777777
6 0.5739583333333333 0.6064814814814815 0.09895833333333333 0.1
8 0.575 0.5472222222222223 0.029166666666666667 0.06851851851851852
6 0.58046875 0.625 0.10885416666666667 0.1388888888888889
8 0.58046875 0.5893518518518519 0.0515625 0.16018518518518518
7 0.44583333333333336 0.5361111111111111 0.021875 0.07407407407407407
7 0.42109375 0.5324074074074074 0.0140625 0.07407407407407407
7 0.43072916666666666 0.5337962962962963 0.0125 0.07685185185185185
7 0.4075520833333333 0.5351851851851852 0.015104166666666667 0.06481481481481481
7 0.3731770833333333 0.5226851851851851 0.0140625 0.04351851851851852
7 0.3377604166666667 0.5333333333333333 0.016145833333333335 0.05555555555555555
7 0.35234375 0.5393518518518519 0.021354166666666667 0.0712962962962963
1 0.30364583333333334 0.538425925925926 0.057291666666666664 0.08611111111111111
6 0.38229166666666664 0.6328703703703704 0.10520833333333333 0.13240740740740742
8 0.37421875 0.5967592592592592 0.05572916666666667 0.16018518518518518
7 0.26276041666666666 0.5402777777777777 0.0171875 0.06388888888888888
1 0.18125 0.5777777777777777 0.11770833333333333 0.1648148148148148
6 0.27447916666666666 0.6407407407407407 0.15729166666666666 0.11296296296296296
8 0.2713541666666667 0.6078703703703704 0.052083333333333336 0.13796296296296295
8 0.29583333333333334 0.5592592592592592 0.028125 0.05
14 0.2635416666666667 0.799074074074074 0.23333333333333334 0.2388888888888889
7 0.30494791666666665 0.7421296296296296 0.0703125 0.4527777777777778
1 0.07890625 0.7467592592592592 0.15572916666666667 0.49722222222222223