7 0.821875 0.5615740740740741 0.01875 0.05462962962962963
1 0.8765625 0.5657407407407408 0.057291666666666664 0.07037037037037037
1 0.98125 0.5657407407407408 0.03125 0.046296296296296294
13 0.7221354166666667 0.5523148148148148 0.049479166666666664 0.125
4 0.66328125 0.5708333333333333 0.0203125 0.06574074074074074
1 0.6059895833333333 0.5439814814814815 0.019270833333333334 0.026851851851851852
4 0.6252604166666667 0.575462962962963 0.0890625 0.0824074074074074
10 0.58515625 0.487962962962963 0.016145833333333335 0.02962962962962963
13 0.5013020833333334 0.5268518518518519 0.0296875 0.05555555555555555
4 0.5208333333333334 0.5444444444444444 0.04479166666666667 0.014814814814814815
6 0.47630208333333335 0.562037037037037 0.009895833333333333 0.03148148148148148
8 0.47760416666666666 0.5546296296296296 0.011458333333333333 0.040740740740740744
6 0.45989583333333334 0.5712962962962963 0.010416666666666666 0.025925925925925925
8 0.4591145833333333 0.549074074074074 0.013020833333333334 0.02962962962962963
13 0.4036458333333333 0.5259259259259259 0.1125 0.21851851851851853
4 0.5234375 0.6467592592592593 0.12604166666666666 0.19537037037037036
1 0.3463541666666667 0.6162037037037037 0.13020833333333334 0.21574074074074073
4 0.21692708333333333 0.5935185185185186 0.14114583333333333 0.12777777777777777
13 0.16354166666666667 0.5305555555555556 0.04583333333333333 0.044444444444444446
1 0.0890625 0.5425925925925926 0.017708333333333333 0.04814814814814815
1 0.07578125 0.5425925925925926 0.022395833333333334 0.05185185185185185
4 0.054427083333333334 0.5439814814814815 0.04739583333333333 0.05277777777777778
6 0.11354166666666667 0.586574074074074 0.042708333333333334 0.062037037037037036
8 0.11276041666666667 0.5726851851851852 0.0265625 0.08981481481481482
4 0.05364583333333333 0.5787037037037037 0.04583333333333333 0.07962962962962963
13 0.0390625 0.8652777777777778 0.078125 0.2675925925925926
8 0.26171875 0.5375 0.0078125 0.01574074074074074
7 0.8484375 0.5671296296296297 0.010416666666666666 0.05462962962962963