10 0.42109375 0.4449074074074074 0.06302083333333333 0.09722222222222222
10 0.4984375 0.5101851851851852 0.01875 0.03148148148148148
6 0.5252604166666667 0.5337962962962963 0.0026041666666666665 0.006481481481481481
8 0.5247395833333334 0.5296296296296297 0.0036458333333333334 0.007407407407407408
4 0.5364583333333334 0.5439814814814815 0.023958333333333335 0.03425925925925926
4 0.5700520833333333 0.5578703703703703 0.04114583333333333 0.06018518518518518
14 0.6015625 0.5231481481481481 0.007291666666666667 0.011111111111111112
14 0.6213541666666667 0.5337962962962963 0.015625 0.025
7 0.7044270833333334 0.5412037037037037 0.0036458333333333334 0.012037037037037037
7 0.7083333333333334 0.5412037037037037 0.00625 0.01574074074074074
6 0.7075520833333333 0.5425925925925926 0.005729166666666666 0.007407407407407408