4 0.45703125 0.5532407407407407 0.0046875 0.008333333333333333
8 0.45677083333333335 0.5606481481481481 0.005208333333333333 0.013888888888888888
13 0.44817708333333334 0.5615740740740741 0.011979166666666667 0.019444444444444445
7 0.56484375 0.549074074074074 0.008854166666666666 0.037037037037037035
4 0.5919270833333333 0.5504629629629629 0.0078125 0.008333333333333333
4 0.621875 0.5625 0.010416666666666666 0.012037037037037037
4 0.6286458333333333 0.5615740740740741 0.010416666666666666 0.012037037037037037
4 0.63515625 0.5634259259259259 0.0026041666666666665 0.008333333333333333
4 0.6658854166666667 0.5675925925925925 0.008854166666666666 0.027777777777777776
13 0.6984375 0.5527777777777778 0.06458333333333334 0.0962962962962963
14 0.9815104166666667 0.5365740740740741 0.0359375 0.05648148148148148
4 0.9505208333333334 0.5949074074074074 0.09791666666666667 0.13240740740740742
1 0.65625 0.5550925925925926 0.016666666666666666 0.05462962962962963
4 0.490625 0.612037037037037 0.09375 0.15925925925925927
6 0.4322916666666667 0.5699074074074074 0.00625 0.019444444444444445
8 0.4309895833333333 0.562037037037037 0.005729166666666666 0.025925925925925925
7 0.43984375 0.5657407407407408 0.005729166666666666 0.02962962962962963
4 0.3640625 0.5773148148148148 0.06770833333333333 0.09722222222222222
14 0.29635416666666664 0.5578703703703703 0.0375 0.08611111111111111
7 0.27786458333333336 0.5555555555555556 0.0078125 0.04814814814814815
1 0.21015625 0.5699074074074074 0.0984375 0.10092592592592593