10 0.18619791666666666 0.47175925925925927 0.04010416666666667 0.0787037037037037
10 0.41354166666666664 0.5055555555555555 0.011458333333333333 0.018518518518518517
10 0.446875 0.5152777777777777 0.009375 0.017592592592592594
4 0.4901041666666667 0.5444444444444444 0.008333333333333333 0.011111111111111112
4 0.51328125 0.5449074074074074 0.016145833333333335 0.023148148148148147
14 0.503125 0.5444444444444444 0.00625 0.018518518518518517
6 0.51875 0.5527777777777778 0.007291666666666667 0.014814814814814815
8 0.5200520833333333 0.5416666666666666 0.0067708333333333336 0.012962962962962963
6 0.5270833333333333 0.5699074074074074 0.015625 0.03611111111111111
8 0.5197916666666667 0.5486111111111112 0.005208333333333333 0.023148148148148147
8 0.5270833333333333 0.5569444444444445 0.014583333333333334 0.04722222222222222
13 0.5682291666666667 0.5310185185185186 0.019791666666666666 0.032407407407407406
13 0.6020833333333333 0.5300925925925926 0.030208333333333334 0.041666666666666664
7 0.6223958333333334 0.5467592592592593 0.005208333333333333 0.012037037037037037
13 0.75703125 0.5393518518518519 0.06197916666666667 0.06018518518518518
13 0.8302083333333333 0.5425925925925926 0.11145833333333334 0.09444444444444444
7 0.9052083333333333 0.5763888888888888 0.007291666666666667 0.026851851851851852
4 0.7942708333333334 0.586574074074074 0.07604166666666666 0.0824074074074074
13 0.9666666666666667 0.5532407407407407 0.065625 0.10833333333333334
6 0.9484375 0.5884259259259259 0.01875 0.026851851851851852
8 0.9421875 0.5726851851851852 0.01875 0.04351851851851852
4 0.9125 0.788425925925926 0.17395833333333333 0.4009259259259259
6 0.4869791666666667 0.55 0.003125 0.007407407407407408
8 0.48671875 0.5439814814814815 0.0036458333333333334 0.012037037037037037
6 0.4903645833333333 0.55 0.0036458333333333334 0.009259259259259259
8 0.490625 0.5449074074074074 0.004166666666666667 0.012037037037037037
3 0.9151041666666667 0.562962962962963 0.03229166666666667 0.025925925925925925
13 0.4713541666666667 0.5388888888888889 0.015625 0.016666666666666666
4 0.47708333333333336 0.5435185185185185 0.007291666666666667 0.011111111111111112