6 0.4828125 0.537962962962963 0.008333333333333333 0.012962962962962963
6 0.3611979166666667 0.5680555555555555 0.0296875 0.03796296296296296
4 0.5015625 0.5351851851851852 0.005208333333333333 0.011111111111111112
6 0.48932291666666666 0.5370370370370371 0.0036458333333333334 0.007407407407407408
8 0.4901041666666667 0.5333333333333333 0.004166666666666667 0.009259259259259259
6 0.49765625 0.5393518518518519 0.0036458333333333334 0.008333333333333333
6 0.49244791666666665 0.5375 0.0026041666666666665 0.006481481481481481
8 0.49322916666666666 0.5337962962962963 0.003125 0.010185185185185186
6 0.74375 0.5990740740740741 0.030208333333333334 0.06481481481481481
8 0.7369791666666666 0.5796296296296296 0.0125 0.07037037037037037
8 0.74453125 0.5833333333333334 0.021354166666666667 0.06666666666666667
1 0.5557291666666667 0.5435185185185185 0.016666666666666666 0.040740740740740744
14 0.51171875 0.5337962962962963 0.0078125 0.019444444444444445
8 0.4986979166666667 0.5356481481481481 0.005729166666666666 0.01574074074074074