4 0.29739583333333336 0.6712962962962963 0.5947916666666667 0.6555555555555556
7 0.34661458333333334 0.6828703703703703 0.15677083333333333 0.6324074074074074
1 0.9815104166666667 0.337037037037037 0.0140625 0.02962962962962963
1 0.9932291666666667 0.3402777777777778 0.0125 0.030555555555555555
4 0.9526041666666667 0.32916666666666666 0.009375 0.01574074074074074
10 0.92734375 0.2962962962962963 0.0140625 0.024074074074074074
7 0.9307291666666667 0.3347222222222222 0.00625 0.03796296296296296
7 0.9171875 0.33425925925925926 0.00625 0.037037037037037035
7 0.9229166666666667 0.3365740740740741 0.010416666666666666 0.03425925925925926
6 0.8638020833333333 0.35648148148148145 0.0140625 0.03888888888888889
1 0.7640625 0.3439814814814815 0.04479166666666667 0.09351851851851851
1 0.7145833333333333 0.34444444444444444 0.06458333333333334 0.1111111111111111
10 0.8989583333333333 0.2564814814814815 0.021875 0.03888888888888889
8 0.98984375 0.3680555555555556 0.008854166666666666 0.04351851851851852
6 0.9916666666666667 0.4027777777777778 0.015625 0.05185185185185185
8 0.9916666666666667 0.3712962962962963 0.015625 0.07592592592592592
7 0.8513020833333333 0.34074074074074073 0.0078125 0.05555555555555555
10 0.8989583333333333 0.2884259259259259 0.026041666666666668 0.023148148148148147