1 0.8864583333333333 0.3472222222222222 0.058333333333333334 0.022222222222222223
4 0.9950520833333333 0.39490740740740743 0.008854166666666666 0.0712962962962963
3 0.9575520833333333 0.32175925925925924 0.08385416666666666 0.12314814814814815
1 0.81796875 0.3662037037037037 0.08697916666666666 0.07685185185185185
7 0.69296875 0.3189814814814815 0.015104166666666667 0.019444444444444445
7 0.65859375 0.3287037037037037 0.013020833333333334 0.022222222222222223
1 0.56328125 0.5009259259259259 0.2328125 0.3314814814814815
7 0.5377604166666666 0.31574074074074077 0.019270833333333334 0.040740740740740744
7 0.6020833333333333 0.31712962962962965 0.016666666666666666 0.03611111111111111
4 0.9184895833333333 0.49583333333333335 0.16197916666666667 0.30277777777777776
4 0.6979166666666666 0.6175925925925926 0.43854166666666666 0.6481481481481481
4 0.9877604166666667 0.8273148148148148 0.0234375 0.2898148148148148
6 0.08411458333333334 0.8101851851851852 0.16822916666666668 0.37777777777777777
8 0.021354166666666667 0.8532407407407407 0.042708333333333334 0.2916666666666667
1 0.728125 0.35648148148148145 0.1375 0.06296296296296296