7 0.04453125 0.7129629629629629 0.08802083333333334 0.5166666666666667
7 0.2453125 0.6916666666666667 0.16354166666666667 0.6129629629629629
7 0.32526041666666666 0.600925925925926 0.0328125 0.1259259259259259
7 0.24401041666666667 0.7671296296296296 0.16510416666666666 0.4638888888888889
7 0.9302083333333333 0.7625 0.13541666666666666 0.47314814814814815
7 0.97734375 0.9018518518518519 0.043229166666666666 0.1925925925925926
7 0.03958333333333333 0.8736111111111111 0.07916666666666666 0.25092592592592594
7 0.9015625 0.48333333333333334 0.026041666666666668 0.06111111111111111
7 0.43984375 0.5513888888888889 0.0078125 0.026851851851851852
7 0.45625 0.5453703703703704 0.019791666666666666 0.03148148148148148
7 0.44869791666666664 0.5518518518518518 0.0078125 0.020370370370370372
7 0.4700520833333333 0.5435185185185185 0.016145833333333335 0.03148148148148148
7 0.49322916666666666 0.5467592592592593 0.009375 0.021296296296296296
7 0.4859375 0.549074074074074 0.014583333333333334 0.025925925925925925
7 0.5018229166666667 0.5467592592592593 0.0171875 0.025
7 0.52578125 0.5458333333333333 0.0078125 0.032407407407407406
7 0.5192708333333333 0.5476851851851852 0.011458333333333333 0.025
7 0.5432291666666667 0.5375 0.008333333333333333 0.04537037037037037
7 0.5393229166666667 0.5560185185185185 0.016145833333333335 0.030555555555555555
7 0.5932291666666667 0.5902777777777778 0.021875 0.0824074074074074
7 0.5528645833333333 0.5606481481481481 0.009895833333333333 0.030555555555555555
7 0.56171875 0.5643518518518519 0.016145833333333335 0.04351851851851852
7 0.6026041666666667 0.6574074074074074 0.022916666666666665 0.21296296296296297
7 0.63984375 0.5574074074074075 0.018229166666666668 0.05740740740740741
7 0.6294270833333333 0.6541666666666667 0.0546875 0.36018518518518516
7 0.8359375 0.6060185185185185 0.0375 0.1527777777777778
14 0.465625 0.5458333333333333 0.028125 0.025
6 0.58515625 0.6592592592592592 0.028645833333333332 0.10185185185185185
6 0.7104166666666667 0.8680555555555556 0.175 0.2601851851851852
6 0.3341145833333333 0.7384259259259259 0.0734375 0.25277777777777777
1 0.5815104166666667 0.5569444444444445 0.0453125 0.04722222222222222
1 0.3927083333333333 0.6217592592592592 0.090625 0.2101851851851852
4 0.4822916666666667 0.7648148148148148 0.28125 0.4666666666666667
8 0.5802083333333333 0.5856481481481481 0.03229166666666667 0.09166666666666666
8 0.6997395833333333 0.7638888888888888 0.14739583333333334 0.4703703703703704
4 0.7481770833333333 0.7037037037037037 0.2203125 0.3314814814814815
1 0.96953125 0.6976851851851852 0.05677083333333333 0.43796296296296294
7 0.3484375 0.26666666666666666 0.0125 0.06111111111111111
7 0.5231770833333333 0.5513888888888889 0.005729166666666666 0.021296296296296296