13 0.6473958333333333 0.5351851851851852 0.019791666666666666 0.025925925925925925
3 0.6643229166666667 0.5328703703703703 0.018229166666666668 0.025
13 0.7302083333333333 0.5370370370370371 0.059375 0.05740740740740741
13 0.6950520833333333 0.5560185185185185 0.04114583333333333 0.06944444444444445
4 0.6744791666666666 0.5523148148148148 0.0125 0.03611111111111111
8 0.6734375 0.5574074074074075 0.009375 0.03518518518518519
8 0.6713541666666667 0.5527777777777778 0.004166666666666667 0.02962962962962963
6 0.6723958333333333 0.5625 0.010416666666666666 0.026851851851851852
4 0.7205729166666667 0.575 0.05677083333333333 0.06481481481481481
1 0.7614583333333333 0.5694444444444444 0.03958333333333333 0.06666666666666667
14 0.6658854166666667 0.55 0.009895833333333333 0.024074074074074074
6 0.6484375 0.5643518518518519 0.009375 0.023148148148148147
8 0.6479166666666667 0.5541666666666667 0.011458333333333333 0.03425925925925926
8 0.6481770833333333 0.5518518518518518 0.008854166666666666 0.027777777777777776
4 0.6372395833333333 0.5467592592592593 0.0067708333333333336 0.021296296296296296
4 0.64765625 0.5527777777777778 0.0140625 0.02962962962962963
6 0.640625 0.5662037037037037 0.008333333333333333 0.023148148148148147
8 0.640625 0.5550925925925926 0.009375 0.03425925925925926
13 0.778125 0.5523148148148148 0.01875 0.04537037037037037
4 0.7984375 0.5476851851851852 0.026041666666666668 0.025
4 0.8153645833333333 0.5430555555555555 0.0203125 0.026851851851851852
14 0.8041666666666667 0.5333333333333333 0.015625 0.018518518518518517
4 0.79921875 0.5680555555555555 0.04739583333333333 0.06388888888888888
4 0.8533854166666667 0.5819444444444445 0.08177083333333333 0.08981481481481482
4 0.8934895833333333 0.5638888888888889 0.015104166666666667 0.022222222222222223
8 0.7903645833333334 0.5361111111111111 0.0046875 0.014814814814814815
6 0.80546875 0.6018518518518519 0.034895833333333334 0.07962962962962963
8 0.8059895833333334 0.5800925925925926 0.028645833333333332 0.09166666666666666
6 0.9614583333333333 0.624537037037037 0.046875 0.09351851851851851
8 0.95859375 0.5972222222222222 0.030729166666666665 0.0962962962962963
6 0.98828125 0.5851851851851851 0.021354166666666667 0.040740740740740744
8 0.9893229166666667 0.5736111111111111 0.019270833333333334 0.05277777777777778
4 0.9895833333333334 0.611574074074074 0.019791666666666666 0.0712962962962963
10 0.9247395833333333 0.7592592592592593 0.024479166666666666 0.03333333333333333
10 0.7145833333333333 0.6375 0.010416666666666666 0.01574074074074074
6 0.6591145833333333 0.5805555555555556 0.019270833333333334 0.05185185185185185
8 0.6578125 0.5625 0.014583333333333334 0.062037037037037036
3 0.5885416666666666 0.5296296296296297 0.09479166666666666 0.10740740740740741
4 0.5817708333333333 0.5518518518518518 0.053125 0.044444444444444446
6 0.6091145833333333 0.700462962962963 0.06822916666666666 0.18981481481481483
8 0.6020833333333333 0.65 0.07083333333333333 0.24259259259259258
7 0.49166666666666664 0.55 0.009375 0.04814814814814815
7 0.48463541666666665 0.5513888888888889 0.0078125 0.04722222222222222
4 0.553125 0.6189814814814815 0.11041666666666666 0.18425925925925926
6 0.46432291666666664 0.5537037037037037 0.0109375 0.027777777777777776
8 0.4661458333333333 0.5486111111111112 0.007291666666666667 0.03796296296296296
8 0.4622395833333333 0.549074074074074 0.008854166666666666 0.037037037037037035
1 0.4440104166666667 0.5509259259259259 0.021354166666666667 0.05925925925925926
6 0.45729166666666665 0.5550925925925926 0.00625 0.026851851851851852
8 0.4588541666666667 0.5486111111111112 0.00625 0.03796296296296296
1 0.43020833333333336 0.5583333333333333 0.036458333333333336 0.07407407407407407
7 0.4041666666666667 0.5453703703703704 0.005208333333333333 0.04259259259259259
7 0.375 0.5435185185185185 0.007291666666666667 0.05740740740740741
7 0.3692708333333333 0.5425925925925926 0.010416666666666666 0.05740740740740741
7 0.3375 0.5902777777777778 0.025 0.09351851851851851
6 0.03619791666666667 0.6703703703703704 0.07239583333333334 0.11481481481481481
6 0.7302083333333333 0.5949074074074074 0.025 0.062037037037037036
8 0.728125 0.5782407407407407 0.015625 0.075