4 0.5244791666666667 0.5027777777777778 0.007291666666666667 0.011111111111111112
4 0.5802083333333333 0.5189814814814815 0.0125 0.017592592592592594
4 0.5661458333333333 0.5157407407407407 0.011458333333333333 0.014814814814814815
6 0.5127604166666667 0.5055555555555555 0.0046875 0.005555555555555556
6 0.50078125 0.512962962962963 0.0036458333333333334 0.007407407407407408
4 0.5033854166666667 0.5023148148148148 0.0036458333333333334 0.006481481481481481
8 0.5122395833333333 0.5018518518518519 0.0015625 0.007407407407407408
8 0.5135416666666667 0.5023148148148148 0.003125 0.008333333333333333
8 0.5015625 0.5101851851851852 0.004166666666666667 0.012962962962962963
6 0.4375 0.5615740740740741 0.0125 0.03611111111111111
8 0.43671875 0.5476851851851852 0.013020833333333334 0.04351851851851852
1 0.3416666666666667 0.5611111111111111 0.04895833333333333 0.08518518518518518