13 0.6565104166666667 0.5194444444444445 0.021354166666666667 0.025925925925925925
13 0.6606770833333333 0.5319444444444444 0.0171875 0.032407407407407406
14 0.6791666666666667 0.5337962962962963 0.015625 0.049074074074074076
14 0.70390625 0.5152777777777777 0.03802083333333333 0.028703703703703703
10 0.67109375 0.5523148148148148 0.0046875 0.012037037037037037
10 0.6744791666666666 0.5560185185185185 0.005208333333333333 0.013888888888888888
7 0.6838541666666667 0.5703703703703704 0.021875 0.09814814814814815
1 0.70078125 0.5648148148148148 0.027604166666666666 0.07777777777777778
1 0.7520833333333333 0.6157407407407407 0.09583333333333334 0.2
7 0.8057291666666667 0.6060185185185185 0.023958333333333335 0.1398148148148148
14 0.87109375 0.5199074074074074 0.1265625 0.3194444444444444
13 0.94453125 0.5708333333333333 0.10989583333333333 0.39537037037037037
0 0.93359375 0.7523148148148148 0.07552083333333333 0.09907407407407408
6 0.6505208333333333 0.5990740740740741 0.027083333333333334 0.06666666666666667
8 0.6486979166666667 0.5648148148148148 0.024479166666666666 0.07592592592592592
8 0.65 0.575462962962963 0.026041666666666668 0.09166666666666666
6 0.6419270833333334 0.5453703703703704 0.0067708333333333336 0.011111111111111112
8 0.64296875 0.5328703703703703 0.008854166666666666 0.017592592592592594
6 0.6346354166666667 0.5416666666666666 0.0067708333333333336 0.020370370370370372
8 0.634375 0.5337962962962963 0.008333333333333333 0.028703703703703703
1 0.6265625 0.5314814814814814 0.008333333333333333 0.020370370370370372
8 0.6278645833333333 0.5425925925925926 0.0067708333333333336 0.03148148148148148
6 0.6278645833333333 0.5555555555555556 0.005729166666666666 0.018518518518518517
1 0.6125 0.5560185185185185 0.030208333333333334 0.0712962962962963
4 0.5861979166666667 0.5388888888888889 0.025520833333333333 0.027777777777777776
6 0.5880208333333333 0.5856481481481481 0.014583333333333334 0.05092592592592592
8 0.5872395833333334 0.5666666666666667 0.0203125 0.07407407407407407
6 0.6052083333333333 0.5888888888888889 0.023958333333333335 0.06851851851851852
8 0.6036458333333333 0.5712962962962963 0.022916666666666665 0.07037037037037037
6 0.5677083333333334 0.5453703703703704 0.00625 0.020370370370370372
6 0.5588541666666667 0.5462962962962963 0.016666666666666666 0.020370370370370372
1 0.5260416666666666 0.6037037037037037 0.07083333333333333 0.16296296296296298
1 0.46822916666666664 0.5949074074074074 0.06354166666666666 0.13796296296296295
6 0.42734375 0.6680555555555555 0.11927083333333334 0.11018518518518519
6 0.45364583333333336 0.6773148148148148 0.05 0.1712962962962963
6 0.33151041666666664 0.6657407407407407 0.10364583333333334 0.1685185185185185
6 0.3533854166666667 0.737037037037037 0.10260416666666666 0.20185185185185187
6 0.1859375 0.7439814814814815 0.07395833333333333 0.2324074074074074
6 0.03619791666666667 0.6648148148148149 0.07239583333333334 0.18518518518518517
7 0.5375 0.5138888888888888 0.005208333333333333 0.018518518518518517