13 0.0859375 0.5032407407407408 0.11041666666666666 0.07685185185185185
13 0.14583333333333334 0.5097222222222222 0.026041666666666668 0.06018518518518518
4 0.5145833333333333 0.5351851851851852 0.017708333333333333 0.016666666666666666
4 0.540625 0.5342592592592592 0.009375 0.014814814814814815
4 0.5611979166666666 0.5300925925925926 0.0046875 0.010185185185185186
14 0.54921875 0.5296296296296297 0.0067708333333333336 0.011111111111111112
4 0.5533854166666666 0.5402777777777777 0.016145833333333335 0.023148148148148147
7 0.6559895833333333 0.5430555555555555 0.005729166666666666 0.019444444444444445
7 0.6604166666666667 0.5430555555555555 0.005208333333333333 0.021296296296296296
6 0.6627604166666666 0.5476851851851852 0.0046875 0.012037037037037037
10 0.49973958333333335 0.5087962962962963 0.019270833333333334 0.025
13 0.49114583333333334 0.524074074074074 0.026041666666666668 0.05
13 0.45625 0.524074074074074 0.020833333333333332 0.05185185185185185
13 0.46588541666666666 0.5314814814814814 0.028645833333333332 0.06111111111111111
13 0.4049479166666667 0.5467592592592593 0.08802083333333334 0.10462962962962963
13 0.8458333333333333 0.5027777777777778 0.3072916666666667 0.6796296296296296