10 0.48880208333333336 0.49537037037037035 0.0046875 0.009259259259259259
6 0.45859375 0.5319444444444444 0.008854166666666666 0.017592592592592594
7 0.4822916666666667 0.525 0.007291666666666667 0.027777777777777776
7 0.48854166666666665 0.525 0.007291666666666667 0.02962962962962963
6 0.49505208333333334 0.5305555555555556 0.0078125 0.020370370370370372
4 0.5651041666666666 0.5148148148148148 0.007291666666666667 0.012962962962962963
4 0.571875 0.512962962962963 0.007291666666666667 0.009259259259259259
4 0.6114583333333333 0.512962962962963 0.003125 0.007407407407407408
14 0.609375 0.5148148148148148 0.0020833333333333333 0.007407407407407408
4 0.6200520833333333 0.5148148148148148 0.008854166666666666 0.009259259259259259
4 0.64140625 0.5222222222222223 0.008854166666666666 0.011111111111111112
4 0.6513020833333333 0.5208333333333334 0.008854166666666666 0.012037037037037037
4 0.6635416666666667 0.5259259259259259 0.0125 0.011111111111111112
4 0.7065104166666667 0.5351851851851852 0.0265625 0.037037037037037035
14 0.6325520833333333 0.5203703703703704 0.009895833333333333 0.011111111111111112
6 0.62265625 0.5222222222222223 0.0036458333333333334 0.007407407407407408
8 0.6229166666666667 0.5199074074074074 0.004166666666666667 0.010185185185185186
4 0.62578125 0.5199074074074074 0.005729166666666666 0.010185185185185186
14 0.5549479166666667 0.5125 0.0067708333333333336 0.008333333333333333