6 0.013020833333333334 0.4356481481481482 0.022916666666666665 0.062037037037037036
6 0.11119791666666666 0.45231481481481484 0.04739583333333333 0.08796296296296297
6 0.265625 0.4583333333333333 0.0375 0.07037037037037037
4 0.17239583333333333 0.4638888888888889 0.15625 0.12962962962962962
7 0.34453125 0.4217592592592593 0.021354166666666667 0.062037037037037036
7 0.34739583333333335 0.425462962962963 0.020833333333333332 0.062037037037037036
7 0.36614583333333334 0.42962962962962964 0.023958333333333335 0.06296296296296296
6 0.3575520833333333 0.4550925925925926 0.033854166666666664 0.032407407407407406
6 0.3372395833333333 0.45416666666666666 0.022395833333333334 0.030555555555555555
4 0.45078125 0.4699074074074074 0.14322916666666666 0.06944444444444445
6 0.6010416666666667 0.5097222222222222 0.021875 0.0824074074074074
6 0.5861979166666667 0.5162037037037037 0.034895833333333334 0.1175925925925926
6 0.65234375 0.5111111111111111 0.03177083333333333 0.05925925925925926
6 0.6744791666666666 0.5194444444444445 0.023958333333333335 0.06851851851851852
6 0.7005208333333334 0.5282407407407408 0.03958333333333333 0.075
8 0.6869791666666667 0.5074074074074074 0.014583333333333334 0.09259259259259259
8 0.6997395833333333 0.5037037037037037 0.024479166666666666 0.09814814814814815
7 0.7796875 0.5027777777777778 0.027083333333333334 0.0962962962962963
6 0.8890625 0.5504629629629629 0.023958333333333335 0.11018518518518519
8 0.8776041666666666 0.5393518518518519 0.028125 0.125
13 0.9739583333333334 0.5300925925925926 0.051041666666666666 0.16944444444444445
6 0.8065104166666667 0.5851851851851851 0.12760416666666666 0.13703703703703704
8 0.82421875 0.5523148148148148 0.07239583333333334 0.175
4 0.4044270833333333 0.7300925925925926 0.5744791666666667 0.537962962962963