3 0.5520833333333334 0.5296296296296297 0.013541666666666667 0.016666666666666666
3 0.5424479166666667 0.537962962962963 0.0109375 0.022222222222222223
6 0.55546875 0.5439814814814815 0.005729166666666666 0.013888888888888888
6 0.5481770833333334 0.5467592592592593 0.005729166666666666 0.01574074074074074
6 0.5635416666666667 0.5462962962962963 0.007291666666666667 0.014814814814814815
6 0.6044270833333333 0.5587962962962963 0.013020833333333334 0.03611111111111111
8 0.5552083333333333 0.5402777777777777 0.005208333333333333 0.017592592592592594
8 0.5481770833333334 0.5421296296296296 0.005729166666666666 0.019444444444444445
8 0.5638020833333334 0.5421296296296296 0.005729166666666666 0.019444444444444445
8 0.6052083333333333 0.549074074074074 0.013541666666666667 0.040740740740740744
10 0.44869791666666664 0.5009259259259259 0.016145833333333335 0.02962962962962963
6 0.5546875 0.5462962962962963 0.005208333333333333 0.009259259259259259