14 0.5 0.5069444444444444 0.007291666666666667 0.013888888888888888
4 0.5015625 0.5143518518518518 0.005208333333333333 0.008333333333333333
1 0.52421875 0.5185185185185185 0.0046875 0.011111111111111112
1 0.5723958333333333 0.5333333333333333 0.010416666666666666 0.022222222222222223
4 0.5369791666666667 0.5175925925925926 0.00625 0.009259259259259259
4 0.5346354166666667 0.5287037037037037 0.008854166666666666 0.012962962962962963
6 0.5434895833333333 0.5287037037037037 0.0036458333333333334 0.007407407407407408
8 0.5434895833333333 0.5236111111111111 0.0036458333333333334 0.010185185185185186
6 0.48776041666666664 0.5287037037037037 0.0036458333333333334 0.007407407407407408
8 0.48776041666666664 0.5254629629629629 0.0026041666666666665 0.010185185185185186
1 0.46901041666666665 0.5291666666666667 0.0078125 0.01574074074074074
4 0.3033854166666667 0.5824074074074074 0.0796875 0.08888888888888889
4 0.9734375 0.6421296296296296 0.05 0.1935185185185185
6 0.027864583333333335 0.9050925925925926 0.0546875 0.18796296296296297