7 0.5302083333333333 0.5319444444444444 0.00625 0.025
7 0.5388020833333333 0.5296296296296297 0.0046875 0.022222222222222223
1 0.5497395833333333 0.5337962962962963 0.0109375 0.03611111111111111
6 0.5515625 0.5458333333333333 0.005208333333333333 0.017592592592592594
8 0.5505208333333333 0.5351851851851852 0.007291666666666667 0.025925925925925925
1 0.5622395833333333 0.5398148148148149 0.018229166666666668 0.046296296296296294
6 0.5671875 0.5601851851851852 0.013541666666666667 0.03333333333333333
8 0.5674479166666667 0.5453703703703704 0.015104166666666667 0.05
8 0.5752604166666667 0.5421296296296296 0.009895833333333333 0.03796296296296296
6 0.5760416666666667 0.5574074074074075 0.009375 0.027777777777777776
13 0.60078125 0.5259259259259259 0.03177083333333333 0.04814814814814815
13 0.6080729166666666 0.5351851851851852 0.025520833333333333 0.04259259259259259
13 0.6372395833333333 0.5347222222222222 0.0171875 0.062037037037037036
14 0.6565104166666667 0.5421296296296296 0.04114583333333333 0.08425925925925926
14 0.70703125 0.5449074074074074 0.0921875 0.1287037037037037
6 0.7114583333333333 0.649074074074074 0.053125 0.15925925925925927
8 0.7005208333333334 0.5958333333333333 0.03229166666666667 0.15462962962962962
8 0.7125 0.6087962962962963 0.046875 0.1675925925925926
1 0.8213541666666667 0.637962962962963 0.125 0.2351851851851852
1 0.9432291666666667 0.6472222222222223 0.1125 0.29259259259259257
10 0.63515625 0.5625 0.0067708333333333336 0.025
10 0.6455729166666667 0.5680555555555555 0.009895833333333333 0.028703703703703703
10 0.65625 0.5736111111111111 0.009375 0.032407407407407406
10 0.6619791666666667 0.5837962962962963 0.013541666666666667 0.03981481481481482
6 0.6145833333333334 0.6101851851851852 0.034375 0.1
8 0.6153645833333333 0.5810185185185185 0.033854166666666664 0.11018518518518519
1 0.5221354166666666 0.5310185185185186 0.011979166666666667 0.026851851851851852
4 0.51171875 0.5231481481481481 0.0067708333333333336 0.011111111111111112
4 0.5190104166666667 0.5365740740740741 0.016145833333333335 0.026851851851851852
4 0.49609375 0.549074074074074 0.05572916666666667 0.044444444444444446
6 0.47630208333333335 0.5583333333333333 0.013020833333333334 0.03148148148148148
6 0.45729166666666665 0.5583333333333333 0.03854166666666667 0.03518518518518519
7 0.43359375 0.5120370370370371 0.005729166666666666 0.027777777777777776
7 0.41875 0.5805555555555556 0.025 0.07037037037037037
7 0.4002604166666667 0.5810185185185185 0.028645833333333332 0.13055555555555556
6 0.16744791666666667 0.6458333333333334 0.05677083333333333 0.15462962962962962
6 0.14348958333333334 0.6768518518518518 0.08177083333333333 0.1574074074074074
13 0.9640625 0.4777777777777778 0.07083333333333333 0.07037037037037037