4 0.32786458333333335 0.4925925925925926 0.008854166666666666 0.014814814814814815
4 0.33958333333333335 0.48842592592592593 0.007291666666666667 0.008333333333333333
4 0.3377604166666667 0.49953703703703706 0.011979166666666667 0.019444444444444445
4 0.3419270833333333 0.5097222222222222 0.016145833333333335 0.01574074074074074
4 0.3419270833333333 0.525 0.021354166666666667 0.037037037037037035
6 0.3533854166666667 0.5518518518518518 0.018229166666666668 0.04259259259259259
8 0.35390625 0.537962962962963 0.016145833333333335 0.05740740740740741
4 0.32447916666666665 0.500462962962963 0.011458333333333333 0.019444444444444445
6 0.3203125 0.5111111111111111 0.007291666666666667 0.022222222222222223
8 0.3216145833333333 0.5064814814814815 0.0078125 0.022222222222222223
1 0.30859375 0.5166666666666667 0.016145833333333335 0.03333333333333333
6 0.3026041666666667 0.5291666666666667 0.008333333333333333 0.026851851851851852
8 0.3026041666666667 0.5217592592592593 0.010416666666666666 0.032407407407407406
13 0.371875 0.462037037037037 0.00625 0.016666666666666666
4 0.37552083333333336 0.46435185185185185 0.008333333333333333 0.012037037037037037
4 0.37942708333333336 0.4703703703703704 0.0067708333333333336 0.011111111111111112
4 0.3841145833333333 0.4736111111111111 0.0078125 0.013888888888888888
4 0.39140625 0.4791666666666667 0.0078125 0.01574074074074074
4 0.3984375 0.475462962962963 0.00625 0.010185185185185186
4 0.39609375 0.48518518518518516 0.0078125 0.016666666666666666
3 0.4083333333333333 0.48148148148148145 0.01875 0.037037037037037035
13 0.37109375 0.4699074074074074 0.008854166666666666 0.013888888888888888
4 0.37265625 0.4787037037037037 0.0109375 0.012962962962962963
4 0.3828125 0.4898148148148148 0.014583333333333334 0.014814814814814815
4 0.38723958333333336 0.49675925925925923 0.013020833333333334 0.01574074074074074
3 0.4393229166666667 0.5032407407407408 0.07239583333333334 0.07685185185185185
4 0.3997395833333333 0.500462962962963 0.011979166666666667 0.01574074074074074
4 0.49166666666666664 0.5074074074074074 0.029166666666666667 0.025925925925925925
4 0.49244791666666665 0.5287037037037037 0.033854166666666664 0.044444444444444446
1 0.6015625 0.49722222222222223 0.020833333333333332 0.014814814814814815
8 0.6859375 0.4986111111111111 0.008333333333333333 0.012037037037037037
4 0.7622395833333333 0.49722222222222223 0.06614583333333333 0.014814814814814815
4 0.37057291666666664 0.49166666666666664 0.008854166666666666 0.014814814814814815
4 0.3734375 0.4976851851851852 0.010416666666666666 0.017592592592592594
4 0.38697916666666665 0.5152777777777777 0.017708333333333333 0.03611111111111111
4 0.40078125 0.5148148148148148 0.019270833333333334 0.025925925925925925
8 0.37161458333333336 0.5027777777777778 0.005729166666666666 0.020370370370370372
8 0.375 0.5138888888888888 0.007291666666666667 0.025925925925925925
6 0.37552083333333336 0.524074074074074 0.009375 0.027777777777777776
8 0.38828125 0.5277777777777778 0.011979166666666667 0.04259259259259259
6 0.38828125 0.5398148148148149 0.011979166666666667 0.037037037037037035
8 0.39765625 0.537962962962963 0.0140625 0.05555555555555555
6 0.39869791666666665 0.5569444444444445 0.015104166666666667 0.03981481481481482
1 0.44375 0.5171296296296296 0.034375 0.026851851851851852
8 0.41796875 0.5185185185185185 0.0109375 0.027777777777777776
8 0.45078125 0.5185185185185185 0.008854166666666666 0.020370370370370372
8 0.45651041666666664 0.5171296296296296 0.008854166666666666 0.021296296296296296
7 0.6377604166666667 0.49722222222222223 0.005729166666666666 0.011111111111111112
4 0.5927083333333333 0.5523148148148148 0.07083333333333333 0.08611111111111111
1 0.5333333333333333 0.5537037037037037 0.06145833333333333 0.10925925925925926
8 0.42239583333333336 0.5430555555555555 0.015625 0.06388888888888888
4 0.46432291666666664 0.611574074074074 0.11822916666666666 0.175
4 0.8088541666666667 0.5671296296296297 0.11458333333333333 0.1398148148148148
4 0.8940104166666667 0.5842592592592593 0.2109375 0.19074074074074074
4 0.6885416666666667 0.625462962962963 0.18854166666666666 0.22870370370370371
4 0.8731770833333333 0.7555555555555555 0.2515625 0.48518518518518516
14 0.52734375 0.49166666666666664 0.025520833333333333 0.016666666666666666
7 0.5489583333333333 0.49583333333333335 0.00625 0.010185185185185186
7 0.7138020833333333 0.500462962962963 0.0109375 0.012037037037037037
8 0.7239583333333334 0.5018518518518519 0.008333333333333333 0.016666666666666666
14 0.35104166666666664 0.45740740740740743 0.010416666666666666 0.014814814814814815
14 0.35494791666666664 0.4699074074074074 0.009895833333333333 0.017592592592592594
14 0.3575520833333333 0.4777777777777778 0.008854166666666666 0.018518518518518517
14 0.334375 0.48194444444444445 0.007291666666666667 0.012037037037037037
14 0.34088541666666666 0.47824074074074074 0.005729166666666666 0.012037037037037037
14 0.32864583333333336 0.48055555555555557 0.004166666666666667 0.009259259259259259