7 0.08151041666666667 0.5949074074074074 0.04114583333333333 0.1398148148148148
6 0.20755208333333333 0.6180555555555556 0.0890625 0.1287037037037037
6 0.52890625 0.575462962962963 0.0171875 0.04351851851851852
8 0.53046875 0.5592592592592592 0.016145833333333335 0.053703703703703705
8 0.5286458333333334 0.5611111111111111 0.01875 0.05740740740740741
6 0.55625 0.5837962962962963 0.020833333333333332 0.05462962962962963
8 0.55625 0.5694444444444444 0.01875 0.06851851851851852
8 0.5536458333333333 0.5648148148148148 0.01875 0.06481481481481481
1 0.57265625 0.5444444444444444 0.009895833333333333 0.018518518518518517
13 0.5942708333333333 0.5351851851851852 0.0125 0.022222222222222223
7 0.6322916666666667 0.5537037037037037 0.00625 0.03518518518518519
6 0.6388020833333333 0.5625 0.008854166666666666 0.017592592592592594
8 0.6388020833333333 0.5555555555555556 0.008854166666666666 0.03148148148148148
7 0.65 0.5550925925925926 0.00625 0.032407407407407406
7 0.6794270833333333 0.5597222222222222 0.0067708333333333336 0.017592592592592594
7 0.6955729166666667 0.5611111111111111 0.009895833333333333 0.018518518518518517
6 0.7169270833333333 0.562962962962963 0.021354166666666667 0.016666666666666666
8 0.7169270833333333 0.5527777777777778 0.008854166666666666 0.024074074074074074