13 0.4479166666666667 0.5236111111111111 0.015625 0.01574074074074074
13 0.45598958333333334 0.5226851851851851 0.0046875 0.01574074074074074
14 0.4940104166666667 0.5319444444444444 0.009895833333333333 0.021296296296296296
13 0.5380208333333333 0.5212962962962963 0.007291666666666667 0.011111111111111112
13 0.5291666666666667 0.5180555555555556 0.007291666666666667 0.006481481481481481
13 0.5182291666666666 0.5212962962962963 0.008333333333333333 0.012962962962962963
13 0.5231770833333333 0.5273148148148148 0.0078125 0.017592592592592594
13 0.5296875 0.5268518518518519 0.007291666666666667 0.014814814814814815
4 0.5182291666666666 0.5314814814814814 0.007291666666666667 0.012962962962962963
4 0.5388020833333333 0.5324074074074074 0.0140625 0.014814814814814815
4 0.51171875 0.5342592592592592 0.016145833333333335 0.016666666666666666
13 0.5986979166666667 0.5254629629629629 0.028645833333333332 0.04537037037037037
4 0.62421875 0.5351851851851852 0.0109375 0.014814814814814815
4 0.6260416666666667 0.5370370370370371 0.008333333333333333 0.014814814814814815
4 0.6395833333333333 0.5375 0.023958333333333335 0.019444444444444445
4 0.66875 0.5412037037037037 0.013541666666666667 0.019444444444444445
4 0.6794270833333333 0.5416666666666666 0.0109375 0.011111111111111112
4 0.6966145833333334 0.5449074074074074 0.0234375 0.01574074074074074
7 0.725 0.5402777777777777 0.004166666666666667 0.019444444444444445
7 0.7294270833333333 0.5412037037037037 0.005729166666666666 0.017592592592592594
7 0.7372395833333333 0.5398148148148149 0.0026041666666666665 0.012962962962962963
6 0.7778645833333333 0.5453703703703704 0.0036458333333333334 0.011111111111111112
6 0.7817708333333333 0.5453703703703704 0.004166666666666667 0.012962962962962963
6 0.7888020833333333 0.5449074074074074 0.0078125 0.012037037037037037
7 0.79375 0.5449074074074074 0.005208333333333333 0.01574074074074074
6 0.8 0.5462962962962963 0.00625 0.012962962962962963
6 0.8059895833333334 0.5462962962962963 0.0046875 0.012962962962962963
7 0.8096354166666667 0.5458333333333333 0.0036458333333333334 0.010185185185185186
4 0.5229166666666667 0.5949074074074074 0.08541666666666667 0.125
13 0.8955729166666667 0.6875 0.2078125 0.6231481481481481