1 0.01796875 0.48703703703703705 0.0359375 0.19814814814814816
13 0.1765625 0.4527777777777778 0.33541666666666664 0.9055555555555556
13 0.4236979166666667 0.37037037037037035 0.0515625 0.1962962962962963
7 0.3734375 0.4300925925925926 0.041666666666666664 0.15833333333333333
6 0.3875 0.4888888888888889 0.12291666666666666 0.21296296296296297
6 0.39817708333333335 0.5074074074074074 0.1203125 0.22037037037037038
6 0.4583333333333333 0.5226851851851851 0.15833333333333333 0.19537037037037036
6 0.5651041666666666 0.525 0.19270833333333334 0.24259259259259258
6 0.6619791666666667 0.5467592592592593 0.234375 0.28055555555555556
2 0.8666666666666667 0.5953703703703703 0.2635416666666667 0.34814814814814815
6 0.9190104166666667 0.6574074074074074 0.1578125 0.337037037037037
14 0.0109375 0.37592592592592594 0.021875 0.04814814814814815