9 0.70546875 0.4425925925925926 0.016145833333333335 0.009259259259259259
10 0.721875 0.4152777777777778 0.08645833333333333 0.03981481481481482
4 0.7010416666666667 0.5342592592592592 0.008333333333333333 0.011111111111111112
1 0.71328125 0.5342592592592592 0.0067708333333333336 0.012962962962962963
4 0.7822916666666667 0.5305555555555556 0.005208333333333333 0.011111111111111112
14 0.7536458333333333 0.549074074074074 0.016666666666666666 0.02962962962962963
8 0.90078125 0.5643518518518519 0.0109375 0.025
6 0.9536458333333333 0.5768518518518518 0.007291666666666667 0.016666666666666666
8 0.95 0.5597222222222222 0.014583333333333334 0.025
4 0.7643229166666666 0.5375 0.0078125 0.026851851851851852
4 0.78671875 0.5444444444444444 0.011979166666666667 0.018518518518518517
4 0.7963541666666667 0.5388888888888889 0.010416666666666666 0.007407407407407408
4 0.7716145833333333 0.5546296296296296 0.019270833333333334 0.02962962962962963
1 0.7958333333333333 0.5527777777777778 0.011458333333333333 0.027777777777777776
4 0.8104166666666667 0.5578703703703703 0.013541666666666667 0.032407407407407406
1 0.8260416666666667 0.562037037037037 0.029166666666666667 0.027777777777777776
14 0.8330729166666667 0.5472222222222223 0.021354166666666667 0.016666666666666666
4 0.7846354166666667 0.5643518518518519 0.0296875 0.025
14 0.8049479166666667 0.5638888888888889 0.019270833333333334 0.020370370370370372
4 0.9348958333333334 0.5944444444444444 0.059375 0.07222222222222222
4 0.89453125 0.6393518518518518 0.1140625 0.14166666666666666
4 0.9651041666666667 0.6777777777777778 0.06875 0.14074074074074075
4 0.9190104166666667 0.8356481481481481 0.1609375 0.325
4 0.1453125 0.7268518518518519 0.290625 0.3074074074074074
6 0.10078125 0.85 0.2015625 0.29814814814814816
8 0.08932291666666667 0.7796296296296297 0.1515625 0.4388888888888889
14 0.721875 0.5416666666666666 0.008333333333333333 0.018518518518518517
7 0.7044270833333334 0.5402777777777777 0.0026041666666666665 0.010185185185185186
14 0.6893229166666667 0.5449074074074074 0.011979166666666667 0.010185185185185186
14 0.7091145833333333 0.5435185185185185 0.009895833333333333 0.009259259259259259
4 0.6963541666666667 0.5458333333333333 0.011458333333333333 0.008333333333333333
4 0.6856770833333333 0.5527777777777778 0.0078125 0.009259259259259259
4 0.6893229166666667 0.5537037037037037 0.008854166666666666 0.009259259259259259
4 0.7072916666666667 0.5564814814814815 0.027083333333333334 0.022222222222222223
4 0.6669270833333333 0.5458333333333333 0.0109375 0.006481481481481481
4 0.6736979166666667 0.5518518518518518 0.008854166666666666 0.011111111111111112
4 0.6651041666666667 0.5518518518518518 0.0125 0.009259259259259259
4 0.6265625 0.5523148148148148 0.015625 0.019444444444444445
14 0.6463541666666667 0.5560185185185185 0.027083333333333334 0.026851851851851852
4 0.62734375 0.5745370370370371 0.015104166666666667 0.04351851851851852
4 0.6177083333333333 0.5773148148148148 0.016666666666666666 0.06759259259259259
1 0.6145833333333334 0.5800925925925926 0.008333333333333333 0.05648148148148148
4 0.6419270833333334 0.6018518518518519 0.030729166666666665 0.08888888888888889
4 0.7078125 0.5606481481481481 0.019791666666666666 0.010185185185185186
4 0.6705729166666666 0.6185185185185185 0.07239583333333334 0.12222222222222222
4 0.7127604166666667 0.6560185185185186 0.11197916666666667 0.1787037037037037
4 0.8083333333333333 0.7393518518518518 0.23854166666666668 0.33240740740740743
8 0.54921875 0.5657407407407408 0.0067708333333333336 0.012962962962962963
8 0.5434895833333333 0.5666666666666667 0.008854166666666666 0.014814814814814815
8 0.52109375 0.5680555555555555 0.0078125 0.017592592592592594
8 0.5278645833333333 0.5689814814814815 0.008854166666666666 0.013888888888888888
8 0.5171875 0.5625 0.003125 0.006481481481481481
8 0.5166666666666667 0.5657407407407408 0.005208333333333333 0.007407407407407408
8 0.5125 0.5736111111111111 0.011458333333333333 0.026851851851851852
4 0.58359375 0.6078703703703704 0.06614583333333333 0.1361111111111111
4 0.5489583333333333 0.6518518518518519 0.09895833333333333 0.16111111111111112
4 0.4109375 0.7578703703703704 0.259375 0.38425925925925924
4 0.86640625 0.5449074074074074 0.0078125 0.01574074074074074