3 0.5260416666666666 0.4486111111111111 0.06979166666666667 0.041666666666666664
13 0.4158854166666667 0.44907407407407407 0.019270833333333334 0.04814814814814815
3 0.4505208333333333 0.4476851851851852 0.03958333333333333 0.04537037037037037
7 0.4791666666666667 0.4601851851851852 0.00625 0.020370370370370372
8 0.5114583333333333 0.4685185185185185 0.013541666666666667 0.04259259259259259
6 0.5104166666666666 0.4791666666666667 0.013541666666666667 0.03425925925925926
8 0.40234375 0.45416666666666666 0.005729166666666666 0.023148148148148147
6 0.4015625 0.4652777777777778 0.008333333333333333 0.013888888888888888
4 0.38229166666666664 0.4689814814814815 0.03229166666666667 0.04351851851851852
10 0.3463541666666667 0.4013888888888889 0.011458333333333333 0.025
10 0.33515625 0.425 0.0067708333333333336 0.014814814814814815
10 0.3580729166666667 0.42268518518518516 0.0067708333333333336 0.013888888888888888
4 0.2526041666666667 0.6222222222222222 0.28541666666666665 0.4111111111111111
8 0.3536458333333333 0.4652777777777778 0.01875 0.03981481481481482
8 0.34010416666666665 0.45555555555555555 0.0125 0.03518518518518519
6 0.4119791666666667 0.4699074074074074 0.007291666666666667 0.023148148148148147
8 0.4109375 0.45787037037037037 0.007291666666666667 0.028703703703703703