10 0.42265625 0.387037037037037 0.009895833333333333 0.020370370370370372
10 0.6375 0.37037037037037035 0.0125 0.027777777777777776
13 0.7440104166666667 0.4199074074074074 0.03802083333333333 0.08796296296296297
4 0.8184895833333333 0.43148148148148147 0.07864583333333333 0.1037037037037037
8 0.2953125 0.4708333333333333 0.025 0.07314814814814814
6 0.2953125 0.49212962962962964 0.029166666666666667 0.05462962962962963
1 0.42604166666666665 0.42824074074074076 0.03333333333333333 0.021296296296296296
8 0.6299479166666667 0.42916666666666664 0.0078125 0.03796296296296296
4 0.653125 0.42083333333333334 0.009375 0.017592592592592594
8 0.6190104166666667 0.43287037037037035 0.015104166666666667 0.032407407407407406
6 0.6239583333333333 0.44814814814814813 0.014583333333333334 0.03148148148148148
8 0.5794270833333334 0.48194444444444445 0.0390625 0.12314814814814815
6 0.5776041666666667 0.512962962962963 0.0375 0.1
4 0.4278645833333333 0.5120370370370371 0.12239583333333333 0.16296296296296298
10 0.5828125 0.3907407407407407 0.005208333333333333 0.012962962962962963