13 0.3098958333333333 0.5314814814814814 0.06041666666666667 0.09074074074074075
13 0.42473958333333334 0.5393518518518519 0.025520833333333333 0.06018518518518518
13 0.3703125 0.5305555555555556 0.09583333333333334 0.09259259259259259
4 0.49166666666666664 0.5513888888888889 0.03958333333333333 0.03981481481481482
6 0.5184895833333333 0.5722222222222222 0.018229166666666668 0.044444444444444446
8 0.5161458333333333 0.5574074074074075 0.015625 0.053703703703703705
6 0.48072916666666665 0.5680555555555555 0.01875 0.04537037037037037
8 0.47942708333333334 0.5509259259259259 0.015104166666666667 0.044444444444444446
6 0.4934895833333333 0.5976851851851852 0.0265625 0.07314814814814814
8 0.49322916666666666 0.5777777777777777 0.023958333333333335 0.07962962962962963
8 0.4921875 0.5736111111111111 0.028125 0.08055555555555556
6 0.5966145833333333 0.5560185185185185 0.0078125 0.023148148148148147
4 0.6255208333333333 0.5532407407407407 0.019791666666666666 0.030555555555555555
8 0.5580729166666667 0.5648148148148148 0.015104166666666667 0.05
6 0.5713541666666667 0.6712962962962963 0.052083333333333336 0.14814814814814814
8 0.5705729166666667 0.6226851851851852 0.0484375 0.17685185185185184
6 0.42994791666666665 0.5921296296296297 0.013020833333333334 0.06018518518518518
6 0.4434895833333333 0.6125 0.0265625 0.07314814814814814
8 0.4309895833333333 0.5638888888888889 0.0140625 0.053703703703703705
8 0.4440104166666667 0.5814814814814815 0.025520833333333333 0.09814814814814815
7 0.14270833333333333 0.5486111111111112 0.007291666666666667 0.028703703703703703
6 0.15651041666666668 0.5537037037037037 0.013020833333333334 0.018518518518518517
8 0.15755208333333334 0.5486111111111112 0.008854166666666666 0.026851851851851852
8 0.15494791666666666 0.5486111111111112 0.009895833333333333 0.028703703703703703
6 0.13723958333333333 0.5564814814814815 0.015104166666666667 0.020370370370370372
8 0.13697916666666668 0.549537037037037 0.010416666666666666 0.026851851851851852
4 0.9859375 0.55 0.027083333333333334 0.03333333333333333
13 0.9208333333333333 0.5296296296296297 0.103125 0.07222222222222222
8 0.8223958333333333 0.5467592592592593 0.016666666666666666 0.026851851851851852
8 0.7869791666666667 0.5425925925925926 0.010416666666666666 0.020370370370370372
13 0.7049479166666667 0.5291666666666667 0.0203125 0.026851851851851852
1 0.7463541666666667 0.5388888888888889 0.015625 0.022222222222222223
1 0.7645833333333333 0.5412037037037037 0.00625 0.019444444444444445