7 0.04348958333333333 0.37453703703703706 0.0109375 0.03425925925925926
7 0.01953125 0.36157407407407405 0.008854166666666666 0.025
6 0.005729166666666666 0.4027777777777778 0.011458333333333333 0.05
8 0.005729166666666666 0.38935185185185184 0.011458333333333333 0.06018518518518518
6 0.02265625 0.41805555555555557 0.0203125 0.05648148148148148
8 0.021354166666666667 0.4 0.023958333333333335 0.07222222222222222
7 0.14921875 0.3768518518518518 0.011979166666666667 0.02962962962962963
7 0.15859375 0.399537037037037 0.0171875 0.06574074074074074
7 0.13333333333333333 0.3972222222222222 0.016666666666666666 0.06481481481481481
7 0.25677083333333334 0.3925925925925926 0.010416666666666666 0.016666666666666666
7 0.23385416666666667 0.3902777777777778 0.019791666666666666 0.03796296296296296
6 0.15130208333333334 0.4666666666666667 0.043229166666666666 0.09814814814814815
8 0.15182291666666667 0.44074074074074077 0.03177083333333333 0.10555555555555556
4 0.29140625 0.5032407407407408 0.19635416666666666 0.19722222222222222
7 0.9580729166666667 0.5101851851851852 0.033854166666666664 0.14074074074074075
8 0.984375 0.5550925925925926 0.029166666666666667 0.11388888888888889
4 0.7205729166666667 0.7546296296296297 0.5578125 0.4888888888888889
6 0.2713541666666667 0.587037037037037 0.128125 0.21296296296296297
8 0.2596354166666667 0.5212962962962963 0.0578125 0.24444444444444444
10 0.15963541666666667 0.5782407407407407 0.0296875 0.041666666666666664
7 0.03463541666666667 0.36944444444444446 0.0109375 0.03333333333333333
4 0.35625 0.39166666666666666 0.026041666666666668 0.016666666666666666