6 0.8130208333333333 0.49444444444444446 0.04479166666666667 0.1
7 0.709375 0.47453703703703703 0.011458333333333333 0.05277777777777778
7 0.7169270833333333 0.4824074074074074 0.015104166666666667 0.053703703703703705
14 0.475 0.425462962962963 0.03229166666666667 0.021296296296296296
7 0.7283854166666667 0.4791666666666667 0.0234375 0.05462962962962963
7 0.8653645833333333 0.525 0.06302083333333333 0.31666666666666665
3 0.21614583333333334 0.4986111111111111 0.4322916666666667 0.9972222222222222
4 0.56015625 0.700462962962963 0.5578125 0.5972222222222222
6 0.9104166666666667 0.8578703703703704 0.178125 0.2824074074074074
8 0.9447916666666667 0.7287037037037037 0.109375 0.5351851851851852
7 0.815625 0.425462962962963 0.013541666666666667 0.05277777777777778