14 0.02109375 0.4527777777777778 0.0421875 0.3148148148148148
7 0.07473958333333333 0.4703703703703704 0.033854166666666664 0.2111111111111111
7 0.09661458333333334 0.4740740740740741 0.024479166666666666 0.22962962962962963
7 0.125 0.43703703703703706 0.017708333333333333 0.16111111111111112
7 0.13671875 0.45092592592592595 0.025520833333333333 0.14814814814814814
7 0.16171875 0.44166666666666665 0.0265625 0.18333333333333332
7 0.18255208333333334 0.37453703703703706 0.008854166666666666 0.023148148148148147
7 0.20963541666666666 0.3731481481481482 0.0203125 0.025925925925925925
7 0.20078125 0.4078703703703704 0.019270833333333334 0.07685185185185185
7 0.17239583333333333 0.4912037037037037 0.027083333333333334 0.20833333333333334
7 0.19609375 0.5074074074074074 0.07239583333333334 0.2351851851851852
14 0.2203125 0.5087962962962963 0.13020833333333334 0.13796296296296295
7 0.27760416666666665 0.4935185185185185 0.03125 0.18888888888888888
7 0.30963541666666666 0.4861111111111111 0.0359375 0.1814814814814815
7 0.34765625 0.45925925925925926 0.043229166666666666 0.18703703703703703
7 0.503125 0.4476851851851852 0.0375 0.16944444444444445
7 0.5247395833333334 0.42685185185185187 0.015104166666666667 0.07037037037037037
7 0.5622395833333333 0.4041666666666667 0.0171875 0.09351851851851851
7 0.6127604166666667 0.4212962962962963 0.0234375 0.09444444444444444
1 0.6653645833333334 0.43796296296296294 0.09947916666666666 0.17777777777777778
1 0.7330729166666666 0.4615740740740741 0.14010416666666667 0.2324074074074074
7 0.7817708333333333 0.3333333333333333 0.014583333333333334 0.020370370370370372
7 0.79609375 0.38472222222222224 0.0109375 0.08425925925925926
7 0.8122395833333333 0.39537037037037037 0.0171875 0.09259259259259259
7 0.8372395833333334 0.3625 0.011979166666666667 0.08796296296296297
7 0.8442708333333333 0.3578703703703704 0.008333333333333333 0.08055555555555556
7 0.859375 0.38796296296296295 0.023958333333333335 0.08333333333333333
7 0.921875 0.362962962962963 0.015625 0.06666666666666667
6 0.9828125 0.37824074074074077 0.019791666666666666 0.049074074074074076
8 0.9830729166666666 0.3638888888888889 0.019270833333333334 0.05555555555555555
14 0.5856770833333333 0.43425925925925923 0.049479166666666664 0.09814814814814815
7 0.7953125 0.3819444444444444 0.016666666666666666 0.09351851851851851
7 0.9940104166666667 0.35138888888888886 0.0078125 0.04537037037037037