1 0.75625 0.6814814814814815 0.16666666666666666 0.387037037037037
6 0.6203125 0.6685185185185185 0.057291666666666664 0.15555555555555556
1 0.63046875 0.5773148148148148 0.0640625 0.14351851851851852
8 0.61953125 0.6157407407407407 0.049479166666666664 0.19814814814814816
6 0.5697916666666667 0.5722222222222222 0.028125 0.06851851851851852
8 0.5708333333333333 0.5537037037037037 0.022916666666666665 0.07037037037037037
6 0.5229166666666667 0.5777777777777777 0.022916666666666665 0.06111111111111111
8 0.5231770833333333 0.5569444444444445 0.021354166666666667 0.075
6 0.44609375 0.5680555555555555 0.04010416666666667 0.041666666666666664
6 0.45755208333333336 0.612037037037037 0.0578125 0.07592592592592592
6 0.4166666666666667 0.6143518518518518 0.04895833333333333 0.11203703703703703
6 0.39921875 0.5953703703703703 0.034895833333333334 0.08888888888888889
6 0.38515625 0.6884259259259259 0.08697916666666666 0.20462962962962963
7 0.3419270833333333 0.5657407407407408 0.027604166666666666 0.1685185185185185
6 0.11536458333333334 0.8106481481481481 0.1421875 0.36574074074074076
6 0.22526041666666666 0.8157407407407408 0.1734375 0.36666666666666664
7 0.3263020833333333 0.5601851851851852 0.018229166666666668 0.08703703703703704
6 0.42213541666666665 0.5421296296296296 0.0140625 0.03425925925925926
7 0.9302083333333333 0.524074074074074 0.021875 0.06666666666666667
7 0.9822916666666667 0.5583333333333333 0.03333333333333333 0.03518518518518519