7 0.21458333333333332 0.40324074074074073 0.003125 0.002777777777777778
4 0.21588541666666666 0.41203703703703703 0.013020833333333334 0.016666666666666666
14 0.23046875 0.41064814814814815 0.008854166666666666 0.010185185185185186
14 0.23046875 0.4236111111111111 0.009895833333333333 0.023148148148148147
6 0.20885416666666667 0.4222222222222222 0.007291666666666667 0.016666666666666666
8 0.20833333333333334 0.4083333333333333 0.008333333333333333 0.014814814814814815
8 0.2 0.41388888888888886 0.00625 0.02962962962962963
7 0.20677083333333332 0.42314814814814816 0.00625 0.044444444444444446
6 0.22395833333333334 0.4305555555555556 0.00625 0.020370370370370372
8 0.22291666666666668 0.41435185185185186 0.009375 0.021296296296296296
1 0.2453125 0.4263888888888889 0.021875 0.05092592592592592
4 0.2765625 0.4300925925925926 0.028125 0.030555555555555555
13 0.3546875 0.4212962962962963 0.022916666666666665 0.040740740740740744
4 0.32916666666666666 0.4337962962962963 0.04479166666666667 0.03425925925925926
6 0.35859375 0.4449074074074074 0.015104166666666667 0.03796296296296296
8 0.35390625 0.4361111111111111 0.0078125 0.04259259259259259
8 0.3575520833333333 0.4351851851851852 0.008854166666666666 0.03888888888888889
6 0.25286458333333334 0.44166666666666665 0.0171875 0.046296296296296294
8 0.25286458333333334 0.42916666666666664 0.0140625 0.049074074074074076
8 0.27265625 0.41435185185185186 0.0109375 0.025
6 0.27317708333333335 0.4527777777777778 0.015104166666666667 0.03888888888888889
8 0.27317708333333335 0.4351851851851852 0.015104166666666667 0.05555555555555555
6 0.29765625 0.46805555555555556 0.0234375 0.06944444444444445
8 0.2989583333333333 0.4527777777777778 0.025 0.07962962962962963
7 0.20130208333333333 0.4583333333333333 0.013020833333333334 0.09814814814814815
6 0.24661458333333333 0.4222222222222222 0.0036458333333333334 0.007407407407407408
8 0.23619791666666667 0.425462962962963 0.0171875 0.041666666666666664
7 0.203125 0.45555555555555555 0.010416666666666666 0.08888888888888889
7 0.23854166666666668 0.48518518518518516 0.019791666666666666 0.12962962962962962
7 0.21744791666666666 0.4861111111111111 0.025520833333333333 0.13333333333333333
6 0.20260416666666667 0.5287037037037037 0.016666666666666666 0.08703703703703704
7 0.12630208333333334 0.11712962962962963 0.013020833333333334 0.04351851851851852
13 0.09973958333333334 0.4935185185185185 0.1984375 0.5222222222222223
8 0.11119791666666666 0.500462962962963 0.07239583333333334 0.22314814814814815
6 0.075 0.8013888888888889 0.15 0.39537037037037037
8 0.08645833333333333 0.7314814814814815 0.17291666666666666 0.5351851851851852
14 0.39869791666666665 0.4212962962962963 0.0140625 0.03333333333333333
1 0.38255208333333335 0.45694444444444443 0.0421875 0.08425925925925926
7 0.40859375 0.4449074074074074 0.009895833333333333 0.05092592592592592
4 0.421875 0.45 0.020833333333333332 0.05
6 0.4234375 0.4689814814814815 0.009375 0.030555555555555555
7 0.45234375 0.41944444444444445 0.0046875 0.007407407407407408
7 0.465625 0.4185185185185185 0.00625 0.011111111111111112
7 0.48463541666666665 0.4212962962962963 0.005729166666666666 0.012962962962962963
7 0.5236979166666667 0.44166666666666665 0.011979166666666667 0.05740740740740741
1 0.4557291666666667 0.4912037037037037 0.06979166666666667 0.1398148148148148
6 0.5583333333333333 0.48333333333333334 0.051041666666666666 0.06481481481481481
4 0.6630208333333333 0.4666666666666667 0.013541666666666667 0.03148148148148148
4 0.6901041666666666 0.4634259259259259 0.008333333333333333 0.017592592592592594
7 0.6864583333333333 0.46574074074074073 0.004166666666666667 0.027777777777777776
7 0.6822916666666666 0.46620370370370373 0.004166666666666667 0.028703703703703703
6 0.6619791666666667 0.4787037037037037 0.009375 0.020370370370370372
6 0.6572916666666667 0.4759259259259259 0.009375 0.027777777777777776
7 0.6484375 0.47638888888888886 0.007291666666666667 0.04351851851851852
4 0.6338541666666667 0.48194444444444445 0.03229166666666667 0.06759259259259259
7 0.7013020833333333 0.4638888888888889 0.0109375 0.025925925925925925
13 0.7533854166666667 0.4634259259259259 0.12135416666666667 0.12314814814814815
1 0.7916666666666666 0.4925925925925926 0.14166666666666666 0.07037037037037037
7 0.7171875 0.4935185185185185 0.040625 0.05925925925925926
7 0.6713541666666667 0.5430555555555555 0.04791666666666667 0.18055555555555555
7 0.7984375 0.47824074074074074 0.036458333333333336 0.06018518518518518
6 0.4510416666666667 0.524537037037037 0.041666666666666664 0.12129629629629629
8 0.440625 0.4888888888888889 0.028125 0.12962962962962962
8 0.44817708333333334 0.49027777777777776 0.03802083333333333 0.12129629629629629
6 0.5677083333333334 0.5634259259259259 0.052083333333333336 0.1398148148148148
8 0.5645833333333333 0.5226851851851851 0.042708333333333334 0.14907407407407408
6 0.50390625 0.5763888888888888 0.058854166666666666 0.1675925925925926
8 0.50234375 0.5263888888888889 0.05260416666666667 0.1712962962962963
6 0.6190104166666667 0.6606481481481481 0.0953125 0.2175925925925926
8 0.6265625 0.5875 0.08645833333333333 0.28425925925925927
4 0.8111979166666666 0.6592592592592592 0.3765625 0.6796296296296296