7 0.03307291666666667 0.37962962962962965 0.009895833333333333 0.06296296296296296
7 0.04296875 0.3814814814814815 0.0109375 0.06851851851851852
7 0.15755208333333334 0.40694444444444444 0.016145833333333335 0.08611111111111111
7 0.13828125 0.4009259259259259 0.021354166666666667 0.1
6 0.09244791666666667 0.4356481481481482 0.033854166666666664 0.08796296296296297
8 0.09505208333333333 0.40324074074074073 0.021354166666666667 0.06574074074074074
10 0.053385416666666664 0.49953703703703706 0.018229166666666668 0.032407407407407406
6 0.002864583333333333 0.40925925925925927 0.005729166666666666 0.053703703703703705
8 0.0026041666666666665 0.3819444444444444 0.005208333333333333 0.019444444444444445
8 0.38619791666666664 0.425 0.018229166666666668 0.03148148148148148
1 0.2916666666666667 0.49027777777777776 0.14479166666666668 0.21574074074074073
7 0.56875 0.4462962962962963 0.026041666666666668 0.10925925925925926
6 0.6739583333333333 0.5930555555555556 0.07604166666666666 0.0787037037037037
8 0.6346354166666667 0.5162037037037037 0.09427083333333333 0.14722222222222223
6 0.8765625 0.6685185185185185 0.17291666666666666 0.20555555555555555
8 0.86875 0.5976851851851852 0.06666666666666667 0.23796296296296296
4 0.5130208333333334 0.6439814814814815 0.5479166666666667 0.41388888888888886