3 0.19869791666666667 0.49953703703703706 0.39739583333333334 0.9898148148148148
8 0.9731770833333333 0.537962962962963 0.028645833333333332 0.07037037037037037
8 0.9875 0.5388888888888889 0.020833333333333332 0.06851851851851852
4 0.9184895833333333 0.7791666666666667 0.15885416666666666 0.4361111111111111
1 0.6294270833333333 0.7023148148148148 0.37447916666666664 0.5935185185185186
1 0.3971354166666667 0.5513888888888889 0.018229166666666668 0.03796296296296296
1 0.41822916666666665 0.5486111111111112 0.016666666666666666 0.03425925925925926
14 0.43359375 0.5467592592592593 0.0171875 0.032407407407407406
8 0.5614583333333333 0.5902777777777778 0.057291666666666664 0.09907407407407408
8 0.6421875 0.5833333333333334 0.029166666666666667 0.08518518518518518
6 0.6473958333333333 0.5851851851851851 0.035416666666666666 0.06851851851851852
6 0.57734375 0.6231481481481481 0.0546875 0.024074074074074074
3 0.8114583333333333 0.5254629629629629 0.028125 0.041666666666666664
3 0.84140625 0.5175925925925926 0.0171875 0.024074074074074074
9 0.9143229166666667 0.43703703703703706 0.008854166666666666 0.05555555555555555
7 0.44635416666666666 0.5453703703703704 0.008333333333333333 0.027777777777777776