10 0.415625 0.47638888888888886 0.05 0.06574074074074074
4 0.5072916666666667 0.5365740740740741 0.016666666666666666 0.028703703703703703
13 0.53359375 0.5217592592592593 0.0067708333333333336 0.021296296296296296
13 0.5255208333333333 0.5212962962962963 0.011458333333333333 0.024074074074074074
14 0.5385416666666667 0.5259259259259259 0.004166666666666667 0.009259259259259259
14 0.54296875 0.5259259259259259 0.0067708333333333336 0.011111111111111112
13 0.5674479166666667 0.5185185185185185 0.0484375 0.10925925925925926
4 0.7432291666666667 0.5527777777777778 0.036458333333333336 0.04259259259259259
7 0.940625 0.6083333333333333 0.023958333333333335 0.13703703703703704
7 0.9552083333333333 0.6129629629629629 0.053125 0.22037037037037038
14 0.9971354166666667 0.5837962962962963 0.0046875 0.049074074074074076
13 0.1296875 0.4898148148148148 0.259375 0.7333333333333333