7 0.26171875 0.36018518518518516 0.0067708333333333336 0.044444444444444446
4 0.42734375 0.5300925925925926 0.008854166666666666 0.019444444444444445
4 0.4197916666666667 0.5430555555555555 0.030208333333333334 0.03611111111111111
7 0.40520833333333334 0.5268518518518519 0.005208333333333333 0.011111111111111112
4 0.37161458333333336 0.575925925925926 0.06510416666666667 0.14444444444444443
4 0.3328125 0.5388888888888889 0.027083333333333334 0.025925925925925925
7 0.4161458333333333 0.5333333333333333 0.019791666666666666 0.03518518518518519
6 0.4265625 0.5805555555555556 0.017708333333333333 0.03333333333333333
8 0.4203125 0.5513888888888889 0.028125 0.05462962962962963
13 0.49453125 0.524537037037037 0.13802083333333334 0.28425925925925927
4 0.5796875 0.549537037037037 0.04479166666666667 0.06759259259259259
7 0.6125 0.5296296296296297 0.023958333333333335 0.046296296296296294
6 0.9609375 0.774074074074074 0.07708333333333334 0.21481481481481482
7 0.7598958333333333 0.512962962962963 0.022916666666666665 0.03888888888888889
7 0.7901041666666667 0.5106481481481482 0.026041666666666668 0.04351851851851852
4 0.8005208333333333 0.65 0.178125 0.24259259259259258
4 0.6591145833333333 0.725925925925926 0.28489583333333335 0.3592592592592593
6 0.32734375 0.5601851851851852 0.024479166666666666 0.027777777777777776
6 0.321875 0.5884259259259259 0.03854166666666667 0.07685185185185185
6 0.30859375 0.5939814814814814 0.05677083333333333 0.0824074074074074
6 0.3 0.6222222222222222 0.03854166666666667 0.08148148148148149
6 0.3997395833333333 0.6546296296296297 0.043229166666666666 0.15555555555555556
8 0.40260416666666665 0.6134259259259259 0.041666666666666664 0.1638888888888889
6 0.44609375 0.6962962962962963 0.0671875 0.20185185185185187
8 0.4466145833333333 0.6574074074074074 0.06927083333333334 0.2462962962962963
4 0.25104166666666666 0.6337962962962963 0.08958333333333333 0.15648148148148147
2 0.28125 0.6833333333333333 0.034375 0.1
8 0.25755208333333335 0.611574074074074 0.05364583333333333 0.09351851851851851
6 0.27578125 0.7226851851851852 0.030729166666666665 0.11574074074074074
4 0.13880208333333333 0.7162037037037037 0.27760416666666665 0.30462962962962964
6 0.052083333333333336 0.7699074074074074 0.10416666666666667 0.23981481481481481
6 0.0140625 0.8435185185185186 0.028125 0.20185185185185187