7 0.04635416666666667 0.38425925925925924 0.00625 0.020370370370370372
7 0.042708333333333334 0.3851851851851852 0.007291666666666667 0.016666666666666666
7 0.05260416666666667 0.3824074074074074 0.007291666666666667 0.024074074074074074
7 0.054947916666666666 0.38333333333333336 0.009895833333333333 0.024074074074074074
7 0.07109375 0.38425925925925924 0.008854166666666666 0.025925925925925925
7 0.06822916666666666 0.39305555555555555 0.008333333333333333 0.023148148148148147
7 0.08385416666666666 0.3958333333333333 0.009375 0.058333333333333334
3 0.01953125 0.3611111111111111 0.0390625 0.07037037037037037
4 0.051041666666666666 0.4666666666666667 0.10208333333333333 0.15185185185185185
7 0.11666666666666667 0.4064814814814815 0.010416666666666666 0.053703703703703705
7 0.13203125 0.3962962962962963 0.0078125 0.04259259259259259
7 0.1921875 0.4152777777777778 0.011458333333333333 0.06574074074074074
7 0.16927083333333334 0.43472222222222223 0.014583333333333334 0.0712962962962963
6 0.1421875 0.47314814814814815 0.041666666666666664 0.1
8 0.14244791666666667 0.44722222222222224 0.033854166666666664 0.1037037037037037
7 0.21640625 0.41898148148148145 0.016145833333333335 0.05092592592592592
7 0.22786458333333334 0.4199074074074074 0.016145833333333335 0.05277777777777778
7 0.23229166666666667 0.4203703703703704 0.020833333333333332 0.05555555555555555
7 0.24166666666666667 0.4222222222222222 0.016666666666666666 0.06111111111111111
7 0.25 0.4222222222222222 0.020833333333333332 0.06296296296296296
7 0.25494791666666666 0.43657407407407406 0.013020833333333334 0.03981481481481482
7 0.27578125 0.42592592592592593 0.016145833333333335 0.06296296296296296
7 0.28541666666666665 0.42407407407407405 0.01875 0.06666666666666667
7 0.265625 0.42685185185185187 0.015625 0.0962962962962963
8 0.321875 0.44675925925925924 0.01875 0.13240740740740742
6 0.28125 0.48194444444444445 0.034375 0.06388888888888888
6 0.29140625 0.4773148148148148 0.0484375 0.11018518518518519
10 0.08020833333333334 0.6356481481481482 0.03333333333333333 0.05277777777777778
6 0.41380208333333335 0.5611111111111111 0.0703125 0.15555555555555556
8 0.41354166666666664 0.524537037037037 0.046875 0.1824074074074074
6 0.4856770833333333 0.6212962962962963 0.14010416666666667 0.14074074074074075
8 0.47421875 0.5592592592592592 0.06197916666666667 0.25555555555555554
6 0.5638020833333334 0.8087962962962963 0.29635416666666664 0.38055555555555554
8 0.5403645833333334 0.7347222222222223 0.11302083333333333 0.525
10 0.04479166666666667 0.2300925925925926 0.030208333333333334 0.023148148148148147
7 0.16276041666666666 0.41435185185185186 0.015104166666666667 0.062037037037037036
4 0.8203125 0.4398148148148148 0.05416666666666667 0.016666666666666666
4 0.9299479166666667 0.44722222222222224 0.0484375 0.018518518518518517