13 0.21484375 0.5120370370370371 0.09114583333333333 0.06666666666666667
13 0.13932291666666666 0.5018518518518519 0.058854166666666666 0.05
4 0.10833333333333334 0.5050925925925925 0.0125 0.019444444444444445
13 0.26458333333333334 0.5171296296296296 0.0125 0.04722222222222222
10 0.51875 0.5101851851851852 0.016666666666666666 0.025925925925925925
13 0.5114583333333333 0.5226851851851851 0.023958333333333335 0.04351851851851852
13 0.48411458333333335 0.5064814814814815 0.009895833333333333 0.011111111111111112
13 0.46119791666666665 0.5157407407407407 0.019270833333333334 0.03148148148148148
13 0.49270833333333336 0.5291666666666667 0.020833333333333332 0.04722222222222222
13 0.4625 0.5356481481481481 0.04375 0.06388888888888888
4 0.41041666666666665 0.5787037037037037 0.07083333333333333 0.09444444444444444
4 0.5479166666666667 0.5347222222222222 0.009375 0.017592592592592594
14 0.56328125 0.5305555555555556 0.009895833333333333 0.016666666666666666
14 0.5697916666666667 0.5268518518518519 0.00625 0.005555555555555556
4 0.5703125 0.5444444444444444 0.022916666666666665 0.03333333333333333
4 0.64765625 0.5398148148148149 0.018229166666666668 0.025925925925925925
14 0.6734375 0.537962962962963 0.029166666666666667 0.018518518518518517
6 0.7192708333333333 0.549537037037037 0.009375 0.01574074074074074
8 0.71953125 0.5430555555555555 0.008854166666666666 0.021296296296296296