6 0.25026041666666665 0.4097222222222222 0.0265625 0.06944444444444445
6 0.2643229166666667 0.41944444444444445 0.0296875 0.06481481481481481
6 0.22369791666666666 0.4097222222222222 0.04010416666666667 0.06759259259259259
8 0.13671875 0.39861111111111114 0.0140625 0.06759259259259259
7 0.15 0.3962962962962963 0.015625 0.07592592592592592
6 0.13359375 0.40324074074074073 0.015104166666666667 0.04537037037037037
7 0.00625 0.37916666666666665 0.010416666666666666 0.04537037037037037
7 0.023958333333333335 0.3814814814814815 0.008333333333333333 0.046296296296296294
7 0.06354166666666666 0.44027777777777777 0.01875 0.125
7 0.0765625 0.4324074074074074 0.027083333333333334 0.14444444444444443
6 0.2 0.5476851851851852 0.08854166666666667 0.20092592592592592
8 0.19296875 0.49583333333333335 0.06614583333333333 0.20092592592592592
7 0.4588541666666667 0.4587962962962963 0.0375 0.15833333333333333
7 0.9036458333333334 0.5361111111111111 0.06875 0.26296296296296295
7 0.8877604166666667 0.537962962962963 0.07135416666666666 0.26666666666666666
6 0.007552083333333333 0.47175925925925927 0.0140625 0.13425925925925927
8 0.00703125 0.4337962962962963 0.0140625 0.08055555555555556