13 0.5463541666666667 0.5180555555555556 0.008333333333333333 0.013888888888888888
13 0.5380208333333333 0.5199074074074074 0.007291666666666667 0.017592592592592594
13 0.5286458333333334 0.5180555555555556 0.008333333333333333 0.01574074074074074
13 0.5325520833333334 0.5226851851851851 0.0067708333333333336 0.017592592592592594
4 0.52734375 0.5263888888888889 0.0067708333333333336 0.010185185185185186
4 0.54296875 0.5370370370370371 0.019270833333333334 0.03148148148148148
13 0.5799479166666667 0.5180555555555556 0.009895833333333333 0.019444444444444445
10 0.5114583333333333 0.5157407407407407 0.003125 0.005555555555555556
4 0.5109375 0.5402777777777777 0.021875 0.03425925925925926
4 0.6020833333333333 0.5282407407407408 0.007291666666666667 0.010185185185185186
4 0.6096354166666667 0.5300925925925926 0.0067708333333333336 0.012037037037037037
4 0.6171875 0.5305555555555556 0.008333333333333333 0.016666666666666666
4 0.6270833333333333 0.5319444444444444 0.015625 0.017592592592592594
4 0.6494791666666667 0.5351851851851852 0.013541666666666667 0.016666666666666666
4 0.6661458333333333 0.5365740740740741 0.010416666666666666 0.012037037037037037
4 0.6825520833333333 0.5398148148148149 0.0140625 0.012962962962962963
6 0.675 0.5398148148148149 0.00625 0.011111111111111112
8 0.67421875 0.5347222222222222 0.0067708333333333336 0.012037037037037037
4 0.76640625 0.5412037037037037 0.03177083333333333 0.019444444444444445
7 0.7515625 0.5347222222222222 0.003125 0.004629629629629629
7 0.7489583333333333 0.5398148148148149 0.003125 0.007407407407407408
4 0.78359375 0.7055555555555556 0.29010416666666666 0.31851851851851853
7 0.14635416666666667 0.5458333333333333 0.008333333333333333 0.025
2 0.15963541666666667 0.5439814814814815 0.0046875 0.017592592592592594