10 0.4005208333333333 0.3347222222222222 0.0125 0.021296296296296296
13 0.43463541666666666 0.41435185185185186 0.12864583333333332 0.14166666666666666
13 0.05807291666666667 0.3861111111111111 0.11614583333333334 0.12777777777777777
6 0.009635416666666667 0.42083333333333334 0.019270833333333334 0.075
6 0.13203125 0.44074074074074077 0.0609375 0.07777777777777778
8 0.14140625 0.41759259259259257 0.011979166666666667 0.06296296296296296
8 0.1296875 0.4097222222222222 0.021875 0.09537037037037037
8 0.11822916666666666 0.41759259259259257 0.0125 0.07407407407407407
8 0.11536458333333334 0.412962962962963 0.024479166666666666 0.09814814814814815
6 0.18177083333333333 0.44027777777777777 0.030208333333333334 0.07685185185185185
8 0.17161458333333332 0.4162037037037037 0.016145833333333335 0.07685185185185185
6 0.16666666666666666 0.5606481481481481 0.10104166666666667 0.20462962962962963
8 0.16770833333333332 0.5203703703703704 0.08020833333333334 0.26481481481481484
4 0.4903645833333333 0.38981481481481484 0.0078125 0.012962962962962963
4 0.5192708333333333 0.40185185185185185 0.008333333333333333 0.014814814814814815
10 0.4981770833333333 0.3939814814814815 0.0067708333333333336 0.012037037037037037
1 0.49713541666666666 0.4097222222222222 0.008854166666666666 0.017592592592592594
4 0.5049479166666667 0.4263888888888889 0.015104166666666667 0.026851851851851852
2 0.5122395833333333 0.4101851851851852 0.0046875 0.012962962962962963
8 0.5122395833333333 0.40324074074074073 0.005729166666666666 0.013888888888888888
6 0.5223958333333333 0.4305555555555556 0.004166666666666667 0.012962962962962963
8 0.5221354166666666 0.42407407407407405 0.0036458333333333334 0.012962962962962963
6 0.525 0.4425925925925926 0.007291666666666667 0.018518518518518517
8 0.5252604166666667 0.43472222222222223 0.0067708333333333336 0.023148148148148147
6 0.55 0.4046296296296296 0.004166666666666667 0.009259259259259259
8 0.5502604166666667 0.399537037037037 0.0046875 0.008333333333333333
4 0.5625 0.4287037037037037 0.0125 0.020370370370370372
14 0.5731770833333333 0.4300925925925926 0.0078125 0.030555555555555555
13 0.59140625 0.42453703703703705 0.034895833333333334 0.05092592592592592
13 0.6309895833333333 0.42777777777777776 0.033854166666666664 0.05185185185185185
4 0.675 0.4675925925925926 0.11770833333333333 0.08333333333333333
1 0.72421875 0.462037037037037 0.030729166666666665 0.06481481481481481
1 0.7486979166666666 0.46574074074074073 0.025520833333333333 0.05555555555555555
4 0.7734375 0.47453703703703703 0.058333333333333334 0.06388888888888888
7 0.8046875 0.4601851851851852 0.00625 0.014814814814814815
4 0.840625 0.49027777777777776 0.08541666666666667 0.08796296296296297
1 0.85625 0.462037037037037 0.030208333333333334 0.037037037037037035
6 0.95234375 0.49212962962962964 0.024479166666666666 0.05092592592592592
6 0.9661458333333334 0.48842592592592593 0.016666666666666666 0.049074074074074076
6 0.8984375 0.4888888888888889 0.03333333333333333 0.044444444444444446
6 0.8838541666666667 0.4888888888888889 0.017708333333333333 0.027777777777777776
9 0.6471354166666666 0.23472222222222222 0.0390625 0.023148148148148147
10 0.6888020833333334 0.2791666666666667 0.04635416666666667 0.058333333333333334
10 0.19479166666666667 0.2833333333333333 0.0125 0.03148148148148148
9 0.28984375 0.17916666666666667 0.0171875 0.07685185185185185
9 0.25625 0.27361111111111114 0.013541666666666667 0.049074074074074076
6 0.3614583333333333 0.7916666666666666 0.21041666666666667 0.4148148148148148
8 0.3880208333333333 0.7046296296296296 0.12708333333333333 0.5074074074074074
6 0.06302083333333333 0.8449074074074074 0.12604166666666666 0.30833333333333335
8 0.054427083333333334 0.7550925925925925 0.10885416666666667 0.487962962962963
9 0.28098958333333335 0.22407407407407406 0.009895833333333333 0.016666666666666666
14 0.546875 0.4 0.004166666666666667 0.012962962962962963
4 0.5268229166666667 0.39490740740740743 0.0046875 0.010185185185185186