14 0.46015625 0.5078703703703704 0.0067708333333333336 0.010185185185185186
14 0.47239583333333335 0.5120370370370371 0.013541666666666667 0.014814814814814815
13 0.48411458333333335 0.5092592592592593 0.016145833333333335 0.022222222222222223
1 0.48489583333333336 0.5231481481481481 0.019791666666666666 0.027777777777777776
6 0.5015625 0.5310185185185186 0.005208333333333333 0.019444444444444445
8 0.5020833333333333 0.5236111111111111 0.005208333333333333 0.021296296296296296
4 0.49661458333333336 0.5259259259259259 0.005729166666666666 0.024074074074074074
4 0.50625 0.5212962962962963 0.0125 0.022222222222222223
4 0.5151041666666667 0.5300925925925926 0.022916666666666665 0.03425925925925926
6 0.52890625 0.5324074074074074 0.0109375 0.024074074074074074
8 0.5270833333333333 0.5236111111111111 0.005208333333333333 0.017592592592592594
7 0.53515625 0.5296296296296297 0.0067708333333333336 0.03333333333333333
7 0.5317708333333333 0.524537037037037 0.00625 0.019444444444444445
7 0.5765625 0.5259259259259259 0.008333333333333333 0.040740740740740744
7 0.5682291666666667 0.5162037037037037 0.00625 0.010185185185185186
1 0.5557291666666667 0.5152777777777777 0.01875 0.010185185185185186
1 0.5567708333333333 0.5541666666666667 0.03333333333333333 0.075
7 0.6466145833333333 0.5277777777777778 0.008854166666666666 0.024074074074074074
7 0.6578125 0.5305555555555556 0.008333333333333333 0.024074074074074074
6 0.68515625 0.6074074074074074 0.022395833333333334 0.05740740740740741
8 0.6841145833333333 0.5680555555555555 0.028645833333333332 0.06018518518518518
7 0.7309895833333333 0.5634259259259259 0.016145833333333335 0.08425925925925926
6 0.7130208333333333 0.6092592592592593 0.04791666666666667 0.08148148148148149
6 0.7458333333333333 0.6333333333333333 0.03854166666666667 0.08148148148148149
13 0.8549479166666667 0.5898148148148148 0.2171875 0.3425925925925926
4 0.6395833333333333 0.6268518518518519 0.13020833333333334 0.17962962962962964
1 0.46640625 0.512962962962963 0.011979166666666667 0.009259259259259259
7 0.46588541666666666 0.5171296296296296 0.0036458333333333334 0.013888888888888888
7 0.4713541666666667 0.5194444444444445 0.004166666666666667 0.012962962962962963
7 0.4752604166666667 0.5268518518518519 0.0078125 0.025925925925925925
6 0.48359375 0.5555555555555556 0.015104166666666667 0.046296296296296294
8 0.48489583333333336 0.5402777777777777 0.011458333333333333 0.04351851851851852
6 0.4942708333333333 0.549074074074074 0.008333333333333333 0.025925925925925925
8 0.49453125 0.5314814814814814 0.0109375 0.03333333333333333
7 0.42265625 0.5231481481481481 0.0067708333333333336 0.022222222222222223
4 0.44375 0.5453703703703704 0.04479166666666667 0.07407407407407407
6 0.4205729166666667 0.5703703703703704 0.04114583333333333 0.05740740740740741
6 0.41015625 0.5685185185185185 0.04635416666666667 0.07037037037037037
6 0.40598958333333335 0.5745370370370371 0.0515625 0.0712962962962963
6 0.40208333333333335 0.587037037037037 0.04895833333333333 0.07407407407407407
6 0.3963541666666667 0.6013888888888889 0.05625 0.06018518518518518
6 0.384375 0.5958333333333333 0.06145833333333333 0.08981481481481482
6 0.37890625 0.6027777777777777 0.06302083333333333 0.10740740740740741
7 0.2830729166666667 0.5504629629629629 0.018229166666666668 0.09537037037037037
6 0.45755208333333336 0.5689814814814815 0.0140625 0.05092592592592592
8 0.44947916666666665 0.5597222222222222 0.013541666666666667 0.07685185185185185
6 0.46875 0.5819444444444445 0.028125 0.062037037037037036
8 0.46588541666666666 0.5569444444444445 0.015104166666666667 0.062037037037037036
8 0.46875 0.5597222222222222 0.025 0.06759259259259259
7 0.2518229166666667 0.5430555555555555 0.015104166666666667 0.062037037037037036
6 0.3450520833333333 0.6180555555555556 0.0796875 0.10092592592592593
6 0.32890625 0.6212962962962963 0.0890625 0.11481481481481481
6 0.3184895833333333 0.6268518518518519 0.08489583333333334 0.12777777777777777
6 0.3020833333333333 0.6337962962962963 0.071875 0.1361111111111111
6 0.28463541666666664 0.6652777777777777 0.0484375 0.1527777777777778
6 0.071875 0.8106481481481481 0.14375 0.2564814814814815
8 0.05260416666666667 0.712037037037037 0.06354166666666666 0.26296296296296295
1 0.11588541666666667 0.638425925925926 0.1828125 0.3787037037037037
1 0.9838541666666667 0.7773148148148148 0.03125 0.43796296296296294
7 0.35520833333333335 0.525 0.00625 0.037037037037037035
7 0.39296875 0.5236111111111111 0.0078125 0.028703703703703703
6 0.4158854166666667 0.5361111111111111 0.0140625 0.016666666666666666