4 0.2526041666666667 0.4134259259259259 0.029166666666666667 0.019444444444444445
4 0.20364583333333333 0.45555555555555555 0.03125 0.07407407407407407
4 0.28020833333333334 0.44907407407407407 0.057291666666666664 0.06666666666666667
4 0.25755208333333335 0.45416666666666666 0.05572916666666667 0.06759259259259259
6 0.2635416666666667 0.4671296296296296 0.014583333333333334 0.03425925925925926
7 0.47369791666666666 0.549074074074074 0.0421875 0.16666666666666666
7 0.5325520833333334 0.5555555555555556 0.025520833333333333 0.17407407407407408
7 0.5494791666666666 0.5574074074074075 0.023958333333333335 0.13333333333333333
0 0.3424479166666667 0.6342592592592593 0.058854166666666666 0.07222222222222222
6 0.9411458333333333 0.6694444444444444 0.090625 0.21851851851851853
6 0.2109375 0.8 0.19895833333333332 0.39444444444444443
8 0.19869791666666667 0.6921296296296297 0.14947916666666666 0.4546296296296296
1 0.12005208333333334 0.4162037037037037 0.033854166666666664 0.06574074074074074