1 0.07291666666666667 0.5421296296296296 0.0125 0.01574074074074074
14 0.05130208333333333 0.5518518518518518 0.008854166666666666 0.020370370370370372
1 0.10208333333333333 0.5611111111111111 0.016666666666666666 0.03888888888888889
7 0.06380208333333333 0.5564814814814815 0.008854166666666666 0.02962962962962963
14 0.10989583333333333 0.5537037037037037 0.010416666666666666 0.05555555555555555
3 0.11614583333333334 0.5453703703703704 0.014583333333333334 0.07777777777777778
6 0.06302083333333333 0.5819444444444445 0.011458333333333333 0.03611111111111111
4 0.08333333333333333 0.5731481481481482 0.025 0.044444444444444446
4 0.30546875 0.5449074074074074 0.05364583333333333 0.03981481481481482
7 0.07942708333333333 0.5740740740740741 0.0109375 0.046296296296296294
7 0.07135416666666666 0.575462962962963 0.015625 0.04537037037037037
6 0.09921875 0.5763888888888888 0.013020833333333334 0.030555555555555555
8 0.09739583333333333 0.562037037037037 0.010416666666666666 0.02962962962962963
8 0.055989583333333336 0.5625 0.011979166666666667 0.023148148148148147
6 0.05677083333333333 0.5856481481481481 0.010416666666666666 0.03611111111111111
4 0.2916666666666667 0.5861111111111111 0.07395833333333333 0.08703703703703704
1 0.35130208333333335 0.5856481481481481 0.06197916666666667 0.12129629629629629
7 0.5252604166666667 0.5310185185185186 0.019270833333333334 0.03611111111111111
7 0.5466145833333333 0.5393518518518519 0.0171875 0.049074074074074076
4 0.45859375 0.612037037037037 0.19010416666666666 0.2111111111111111
6 0.46510416666666665 0.6685185185185185 0.12708333333333333 0.19074074074074074
8 0.41953125 0.5893518518518519 0.04010416666666667 0.1398148148148148
8 0.45390625 0.5921296296296297 0.0515625 0.1527777777777778
13 0.18463541666666666 0.6143518518518518 0.14114583333333333 0.24351851851851852
8 0.19947916666666668 0.5166666666666667 0.034375 0.14814814814814814
8 0.1640625 0.5115740740740741 0.04895833333333333 0.1398148148148148
6 0.9830729166666666 0.625462962962963 0.0296875 0.05092592592592592
8 0.9375 0.5541666666666667 0.10833333333333334 0.13425925925925927
4 0.7700520833333333 0.700925925925926 0.4588541666666667 0.4537037037037037
6 0.02109375 0.6208333333333333 0.0421875 0.05648148148148148
13 0.029947916666666668 0.5819444444444445 0.05260416666666667 0.08611111111111111
8 0.02890625 0.5541666666666667 0.0203125 0.049074074074074076
6 0.037760416666666664 0.6064814814814815 0.019270833333333334 0.06111111111111111
8 0.0171875 0.5708333333333333 0.019791666666666666 0.03981481481481482
10 0.2643229166666667 0.612037037037037 0.0046875 0.012962962962962963
10 0.3307291666666667 0.6300925925925925 0.008333333333333333 0.013888888888888888
10 0.4708333333333333 0.6601851851851852 0.013541666666666667 0.024074074074074074