1 0.5119791666666667 0.5287037037037037 0.05416666666666667 0.02962962962962963
7 0.5630208333333333 0.5356481481481481 0.014583333333333334 0.041666666666666664
1 0.5890625 0.5296296296296297 0.015625 0.016666666666666666
4 0.6247395833333333 0.5467592592592593 0.043229166666666666 0.04351851851851852
8 0.6596354166666667 0.537962962962963 0.016145833333333335 0.03148148148148148
7 0.6453125 0.5532407407407407 0.013541666666666667 0.03981481481481482
6 0.7002604166666667 0.5763888888888888 0.022395833333333334 0.05092592592592592
1 0.74453125 0.5416666666666666 0.050520833333333334 0.11296296296296296
8 0.5768229166666666 0.5439814814814815 0.021354166666666667 0.05092592592592592
6 0.5822916666666667 0.6101851851851852 0.016666666666666666 0.08518518518518518
6 0.60234375 0.6375 0.0390625 0.11018518518518519
8 0.603125 0.5888888888888889 0.04479166666666667 0.13703703703703704
6 0.62890625 0.6449074074074074 0.0359375 0.13055555555555556
8 0.6307291666666667 0.6078703703703704 0.03854166666666667 0.16203703703703703
6 0.6765625 0.7041666666666667 0.07395833333333333 0.23055555555555557
8 0.6692708333333334 0.624537037037037 0.06875 0.18796296296296297
8 0.6833333333333333 0.6643518518518519 0.078125 0.275
7 0.7216145833333333 0.65 0.034895833333333334 0.21666666666666667
7 0.7528645833333333 0.6407407407407407 0.033854166666666664 0.21851851851851853
7 0.7885416666666667 0.7222222222222222 0.06354166666666666 0.32037037037037036
7 0.8653645833333333 0.7652777777777777 0.0859375 0.4009259259259259
4 0.5239583333333333 0.6625 0.13854166666666667 0.27870370370370373
7 0.5567708333333333 0.6791666666666667 0.08958333333333333 0.3768518518518518
7 0.39895833333333336 0.5425925925925926 0.015625 0.06851851851851852
7 0.4432291666666667 0.7337962962962963 0.075 0.42314814814814816
7 0.4161458333333333 0.6898148148148148 0.05625 0.35555555555555557
7 0.2046875 0.7268518518518519 0.07708333333333334 0.3685185185185185
7 0.15052083333333333 0.600462962962963 0.059375 0.33425925925925926
7 0.09791666666666667 0.5939814814814814 0.075 0.4064814814814815
7 0.03984375 0.5800925925925926 0.0671875 0.45092592592592595
7 0.021354166666666667 0.7375 0.042708333333333334 0.25833333333333336
8 0.6028645833333334 0.5879629629629629 0.0234375 0.09074074074074075