7 0.9276041666666667 0.5893518518518519 0.03854166666666667 0.262037037037037
7 0.86953125 0.5189814814814815 0.025520833333333333 0.11203703703703703
7 0.85078125 0.5777777777777777 0.0296875 0.11666666666666667
7 0.8294270833333334 0.5435185185185185 0.0296875 0.10185185185185185
7 0.8856770833333333 0.6083333333333333 0.03697916666666667 0.17222222222222222
7 0.7182291666666667 0.5467592592592593 0.013541666666666667 0.017592592592592594
7 0.67421875 0.6361111111111111 0.0578125 0.21666666666666667
7 0.63046875 0.712037037037037 0.0234375 0.18333333333333332
7 0.62265625 0.6865740740740741 0.0390625 0.25462962962962965
7 0.63984375 0.7134259259259259 0.027604166666666666 0.20092592592592592
7 0.6002604166666666 0.575 0.022395833333333334 0.05555555555555555
7 0.60078125 0.6791666666666667 0.0421875 0.26944444444444443
7 0.6322916666666667 0.5689814814814815 0.017708333333333333 0.05277777777777778
7 0.5080729166666667 0.6319444444444444 0.03802083333333333 0.19722222222222222
7 0.57578125 0.5763888888888888 0.018229166666666668 0.06944444444444445
7 0.4627604166666667 0.549074074074074 0.008854166666666666 0.027777777777777776
7 0.4466145833333333 0.6583333333333333 0.0578125 0.3277777777777778
7 0.29713541666666665 0.5694444444444444 0.034895833333333334 0.10740740740740741
7 0.27291666666666664 0.6101851851851852 0.03229166666666667 0.14074074074074075
7 0.32369791666666664 0.6861111111111111 0.0703125 0.27037037037037037
7 0.4278645833333333 0.7194444444444444 0.07447916666666667 0.29814814814814816
7 0.38828125 0.7481481481481481 0.0703125 0.3648148148148148
7 0.47291666666666665 0.549074074074074 0.008333333333333333 0.022222222222222223
14 0.46770833333333334 0.5476851851851852 0.013541666666666667 0.021296296296296296
1 0.57265625 0.5675925925925925 0.050520833333333334 0.05740740740740741
1 0.3580729166666667 0.5828703703703704 0.10260416666666666 0.12129629629629629
6 0.29973958333333334 0.6087962962962963 0.018229166666666668 0.058333333333333334
6 0.23229166666666667 0.8592592592592593 0.23541666666666666 0.2796296296296296
6 0.30494791666666665 0.7615740740740741 0.06510416666666667 0.2361111111111111
6 0.54453125 0.7462962962962963 0.12864583333333332 0.19444444444444445
6 0.571875 0.8606481481481482 0.209375 0.275
6 0.7291666666666666 0.8541666666666666 0.215625 0.287962962962963
8 0.5104166666666666 0.725925925925926 0.07395833333333333 0.35555555555555557
8 0.2734375 0.7828703703703703 0.14166666666666666 0.4287037037037037
8 0.1953125 0.7907407407407407 0.16666666666666666 0.4148148148148148
8 0.6888020833333334 0.7819444444444444 0.13072916666666667 0.4305555555555556
8 0.7497395833333333 0.7833333333333333 0.15364583333333334 0.42962962962962964
8 0.5403645833333334 0.775 0.14114583333333333 0.4444444444444444
4 0.49557291666666664 0.6398148148148148 0.08072916666666667 0.20925925925925926
4 0.7903645833333334 0.7425925925925926 0.29739583333333336 0.39444444444444443
7 0.31796875 0.25416666666666665 0.024479166666666666 0.049074074074074076