6 0.07213541666666666 0.6435185185185185 0.0890625 0.12037037037037036
7 0.35520833333333335 0.5449074074074074 0.0125 0.03611111111111111
7 0.37473958333333335 0.5370370370370371 0.011979166666666667 0.027777777777777776
6 0.43255208333333334 0.6972222222222222 0.06197916666666667 0.17777777777777778
8 0.44479166666666664 0.6287037037037037 0.03125 0.19444444444444445
8 0.4278645833333333 0.625462962962963 0.05677083333333333 0.2064814814814815
6 0.47630208333333335 0.5712962962962963 0.021354166666666667 0.06666666666666667
8 0.4739583333333333 0.5527777777777778 0.025 0.05740740740740741
8 0.47421875 0.5541666666666667 0.021354166666666667 0.06574074074074074
6 0.48932291666666666 0.5449074074074074 0.013020833333333334 0.03796296296296296
8 0.48828125 0.5375 0.011979166666666667 0.03981481481481482
6 0.5127604166666667 0.5467592592592593 0.011979166666666667 0.028703703703703703
8 0.5122395833333333 0.5361111111111111 0.013020833333333334 0.037037037037037035
6 0.50625 0.5453703703703704 0.00625 0.016666666666666666
8 0.5046875 0.5319444444444444 0.009375 0.03425925925925926
6 0.4388020833333333 0.5638888888888889 0.009895833333333333 0.025925925925925925
4 0.45234375 0.538425925925926 0.0203125 0.032407407407407406
13 0.49270833333333336 0.5226851851851851 0.014583333333333334 0.025
13 0.5026041666666666 0.5171296296296296 0.014583333333333334 0.03611111111111111
6 0.5385416666666667 0.5212962962962963 0.003125 0.007407407407407408
8 0.5388020833333333 0.5171296296296296 0.0026041666666666665 0.010185185185185186
4 0.5453125 0.5143518518518518 0.003125 0.008333333333333333
4 0.540625 0.513425925925926 0.004166666666666667 0.006481481481481481
4 0.534375 0.5143518518518518 0.004166666666666667 0.008333333333333333
7 0.5302083333333333 0.5180555555555556 0.003125 0.008333333333333333
7 0.5338541666666666 0.5162037037037037 0.0020833333333333333 0.008333333333333333
3 0.57421875 0.5125 0.0546875 0.12314814814814815
4 0.6044270833333333 0.5796296296296296 0.08072916666666667 0.11296296296296296
4 0.6338541666666667 0.5222222222222223 0.011458333333333333 0.020370370370370372
1 0.6450520833333333 0.5236111111111111 0.005729166666666666 0.025
1 0.6510416666666666 0.525 0.011458333333333333 0.025925925925925925
4 0.6651041666666667 0.5268518518518519 0.008333333333333333 0.025925925925925925
1 0.6997395833333333 0.5300925925925926 0.019270833333333334 0.04537037037037037
1 0.7453125 0.5356481481481481 0.028125 0.04351851851851852
13 0.6760416666666667 0.525 0.013541666666666667 0.037037037037037035
6 0.6708333333333333 0.538425925925926 0.009375 0.025
8 0.6700520833333333 0.5300925925925926 0.0078125 0.032407407407407406
6 0.11901041666666666 0.65 0.0515625 0.08703703703703704