14 0.08307291666666666 0.41712962962962963 0.024479166666666666 0.03611111111111111
7 0.065625 0.41574074074074074 0.010416666666666666 0.03333333333333333
8 0.058333333333333334 0.4115740740740741 0.013541666666666667 0.03796296296296296
4 0.030729166666666665 0.4097222222222222 0.053125 0.041666666666666664
8 0.02421875 0.4111111111111111 0.018229166666666668 0.044444444444444446
1 0.16666666666666666 0.4861111111111111 0.14270833333333333 0.16296296296296298
8 0.0796875 0.425 0.019791666666666666 0.027777777777777776
6 0.31536458333333334 0.5402777777777777 0.10260416666666666 0.13425925925925927
7 0.40703125 0.49074074074074076 0.03177083333333333 0.0962962962962963
7 0.47161458333333334 0.5333333333333333 0.0515625 0.20555555555555555
6 0.71328125 0.6064814814814815 0.15572916666666667 0.2037037037037037
6 0.6794270833333333 0.6032407407407407 0.1359375 0.20833333333333334
6 0.76015625 0.762962962962963 0.20677083333333332 0.2796296296296296
6 0.30572916666666666 0.6226851851851852 0.07708333333333334 0.10648148148148148
6 0.5302083333333333 0.7300925925925926 0.203125 0.2324074074074074
6 0.40338541666666666 0.6972222222222222 0.16614583333333333 0.337037037037037
7 0.5669270833333333 0.725925925925926 0.13697916666666668 0.4703703703703704
4 0.1828125 0.7050925925925926 0.365625 0.5879629629629629
8 0.3734375 0.6143518518518518 0.11458333333333333 0.2916666666666667
13 0.17109375 0.38333333333333336 0.09010416666666667 0.05185185185185185
14 0.13489583333333333 0.40324074074074073 0.04479166666666667 0.010185185185185186