7 0.5190104166666667 0.5388888888888889 0.005729166666666666 0.012962962962962963
7 0.5135416666666667 0.5412037037037037 0.005208333333333333 0.008333333333333333
7 0.5052083333333334 0.5402777777777777 0.010416666666666666 0.017592592592592594
7 0.4830729166666667 0.6527777777777778 0.043229166666666666 0.3277777777777778
7 0.49609375 0.5731481481481482 0.011979166666666667 0.05555555555555555
7 0.50625 0.5699074074074074 0.021875 0.06388888888888888
7 0.41432291666666665 0.5375 0.0171875 0.06018518518518518
7 0.403125 0.5388888888888889 0.0125 0.05185185185185185
7 0.43307291666666664 0.5921296296296297 0.0171875 0.05277777777777778
7 0.446875 0.6930555555555555 0.06770833333333333 0.3138888888888889
7 0.5033854166666667 0.7055555555555556 0.0640625 0.3037037037037037
7 0.69453125 0.513425925925926 0.0078125 0.017592592592592594
7 0.6747395833333333 0.6111111111111112 0.018229166666666668 0.12407407407407407
7 0.6565104166666667 0.6333333333333333 0.0328125 0.18518518518518517
7 0.5830729166666667 0.6199074074074075 0.0296875 0.1712962962962963
7 0.6828125 0.6194444444444445 0.029166666666666667 0.14444444444444443
7 0.32421875 0.5597222222222222 0.0296875 0.1527777777777778
7 0.29401041666666666 0.5296296296296297 0.0203125 0.15925925925925927
7 0.26171875 0.5513888888888889 0.028645833333333332 0.14537037037037037
7 0.37604166666666666 0.5810185185185185 0.029166666666666667 0.05462962962962963
7 0.37473958333333335 0.7226851851851852 0.06302083333333333 0.3101851851851852
7 0.296875 0.7856481481481481 0.07708333333333334 0.38796296296296295
7 0.15546875 0.7689814814814815 0.09635416666666667 0.4546296296296296
6 0.3653645833333333 0.6921296296296297 0.09427083333333333 0.17314814814814813
6 0.4125 0.6708333333333333 0.03854166666666667 0.14166666666666666
6 0.40911458333333334 0.5796296296296296 0.024479166666666666 0.04259259259259259
6 0.5536458333333333 0.7078703703703704 0.08020833333333334 0.17685185185185184
6 0.4440104166666667 0.6314814814814815 0.058854166666666666 0.1111111111111111
6 0.5716145833333334 0.6611111111111111 0.0453125 0.1685185185185185
6 0.6971354166666667 0.6291666666666667 0.0671875 0.10277777777777777
6 0.81015625 0.625462962962963 0.08072916666666667 0.10462962962962963
4 0.525 0.5902777777777778 0.036458333333333336 0.10648148148148148
13 0.60625 0.5953703703703703 0.090625 0.18703703703703703
8 0.5682291666666667 0.6416666666666667 0.04791666666666667 0.2037037037037037
8 0.5283854166666667 0.5745370370370371 0.0328125 0.0824074074074074
8 0.5403645833333334 0.6555555555555556 0.0453125 0.23703703703703705