7 0.3528645833333333 0.5708333333333333 0.011979166666666667 0.058333333333333334
6 0.36380208333333336 0.5638888888888889 0.0109375 0.024074074074074074
6 0.3828125 0.5671296296296297 0.011458333333333333 0.025
8 0.38177083333333334 0.562962962962963 0.007291666666666667 0.03333333333333333
6 0.3958333333333333 0.575462962962963 0.010416666666666666 0.026851851851851852
8 0.39296875 0.5634259259259259 0.0067708333333333336 0.03981481481481482
8 0.39609375 0.5648148148148148 0.011979166666666667 0.03888888888888889
7 0.4036458333333333 0.5578703703703703 0.007291666666666667 0.030555555555555555
7 0.4192708333333333 0.5578703703703703 0.007291666666666667 0.026851851851851852
6 0.4315104166666667 0.5847222222222223 0.0203125 0.041666666666666664
8 0.4328125 0.5689814814814815 0.014583333333333334 0.05092592592592592
7 0.42864583333333334 0.5532407407407407 0.005208333333333333 0.023148148148148147
7 0.4356770833333333 0.5532407407407407 0.005729166666666666 0.025
7 0.4427083333333333 0.5513888888888889 0.009375 0.023148148148148147
7 0.4434895833333333 0.5726851851851852 0.0109375 0.05092592592592592
7 0.46145833333333336 0.5703703703703704 0.009375 0.05740740740740741
7 0.45338541666666665 0.5712962962962963 0.0109375 0.05740740740740741
7 0.46822916666666664 0.5712962962962963 0.011458333333333333 0.05555555555555555
7 0.47369791666666666 0.5680555555555555 0.0078125 0.05462962962962963
7 0.47890625 0.5694444444444444 0.009895833333333333 0.06296296296296296
7 0.4861979166666667 0.5560185185185185 0.005729166666666666 0.025
7 0.48984375 0.5560185185185185 0.008854166666666666 0.021296296296296296
7 0.5036458333333333 0.5694444444444444 0.011458333333333333 0.05925925925925926
7 0.5140625 0.5703703703703704 0.010416666666666666 0.05740740740740741
7 0.5203125 0.5717592592592593 0.00625 0.05648148148148148
7 0.5247395833333334 0.5712962962962963 0.009895833333333333 0.05555555555555555
7 0.5346354166666667 0.5694444444444444 0.011979166666666667 0.05925925925925926
7 0.5401041666666667 0.5550925925925926 0.007291666666666667 0.030555555555555555
7 0.5671875 0.5546296296296296 0.011458333333333333 0.03518518518518519
7 0.58359375 0.5560185185185185 0.009895833333333333 0.03425925925925926
7 0.5901041666666667 0.5597222222222222 0.010416666666666666 0.032407407407407406
7 0.60234375 0.5689814814814815 0.0109375 0.05648148148148148
1 0.6013020833333333 0.5657407407407408 0.0390625 0.06296296296296296
1 0.6317708333333333 0.5662037037037037 0.030208333333333334 0.05648148148148148
7 0.6317708333333333 0.5768518518518518 0.013541666666666667 0.07222222222222222
7 0.64609375 0.575925925925926 0.022395833333333334 0.08148148148148149
7 0.6541666666666667 0.5444444444444444 0.004166666666666667 0.016666666666666666
7 0.6557291666666667 0.5634259259259259 0.009375 0.05092592592592592
7 0.6658854166666667 0.5791666666666667 0.0203125 0.09722222222222222
7 0.6786458333333333 0.5717592592592593 0.0125 0.06574074074074074
7 0.69921875 0.5550925925925926 0.008854166666666666 0.05092592592592592
7 0.6880208333333333 0.5606481481481481 0.008333333333333333 0.05277777777777778
7 0.6934895833333333 0.5625 0.0140625 0.058333333333333334
7 0.7203125 0.5574074074074075 0.022916666666666665 0.07407407407407407
7 0.7338541666666667 0.5708333333333333 0.009375 0.05277777777777778
6 0.7065104166666667 0.625462962962963 0.06197916666666667 0.09907407407407408
7 0.7919270833333333 0.5532407407407407 0.015104166666666667 0.05092592592592592
7 0.7815104166666667 0.600462962962963 0.0203125 0.15833333333333333
7 0.8015625 0.5990740740740741 0.030208333333333334 0.16666666666666666
7 0.90703125 0.6217592592592592 0.03697916666666667 0.1712962962962963
6 0.5799479166666667 0.5856481481481481 0.033854166666666664 0.04722222222222222
8 0.5763020833333333 0.5773148148148148 0.0140625 0.06574074074074074
2 0.5557291666666667 0.6069444444444444 0.026041666666666668 0.06388888888888888
8 0.5559895833333334 0.5814814814814815 0.0203125 0.1037037037037037
6 0.4119791666666667 0.6407407407407407 0.03854166666666667 0.12222222222222222
8 0.4114583333333333 0.6097222222222223 0.03958333333333333 0.125
13 0.3328125 0.5726851851851852 0.0375 0.075
13 0.22682291666666668 0.6166666666666667 0.19947916666666668 0.27037037037037037
6 0.21901041666666668 0.7930555555555555 0.15885416666666666 0.29907407407407405
8 0.23072916666666668 0.7101851851851851 0.096875 0.2796296296296296
7 0.09348958333333333 0.6 0.0328125 0.08148148148148149
6 0.10130208333333333 0.6842592592592592 0.059895833333333336 0.13518518518518519
14 0.10989583333333333 0.6125 0.07395833333333333 0.18611111111111112
13 0.1375 0.5287037037037037 0.159375 0.14444444444444443
14 0.05 0.6106481481481482 0.06458333333333334 0.15092592592592594
7 0.07552083333333333 0.6856481481481481 0.026041666666666668 0.14166666666666666
7 0.037760416666666664 0.6703703703703704 0.0328125 0.22037037037037038
7 0.029427083333333333 0.7513888888888889 0.058854166666666666 0.38055555555555554
14 0.8846354166666667 0.6018518518518519 0.1171875 0.19814814814814816
14 0.4942708333333333 0.5643518518518519 0.040625 0.06944444444444445