4 0.37447916666666664 0.5236111111111111 0.011458333333333333 0.021296296296296296
4 0.36822916666666666 0.5861111111111111 0.04375 0.11481481481481481
13 0.46171875 0.5254629629629629 0.18072916666666666 0.36203703703703705
4 0.5645833333333333 0.5648148148148148 0.015625 0.06666666666666667
4 0.5989583333333334 0.5648148148148148 0.065625 0.1037037037037037
4 0.6619791666666667 0.5421296296296296 0.07291666666666667 0.04722222222222222
7 0.7247395833333333 0.5402777777777777 0.030729166666666665 0.03796296296296296
7 0.7940104166666667 0.5555555555555556 0.04635416666666667 0.09814814814814815
4 0.715625 0.7490740740740741 0.30104166666666665 0.3907407407407407
4 0.07630208333333334 0.7337962962962963 0.15260416666666668 0.3490740740740741
7 0.221875 0.5120370370370371 0.009375 0.014814814814814815
7 0.16848958333333333 0.5180555555555556 0.013020833333333334 0.023148148148148147
1 0.23880208333333333 0.7564814814814815 0.25885416666666666 0.48148148148148145