7 0.1109375 0.3787037037037037 0.0125 0.027777777777777776
7 0.24192708333333332 0.45740740740740743 0.0140625 0.06296296296296296
7 0.25390625 0.4527777777777778 0.015104166666666667 0.05740740740740741
8 0.18151041666666667 0.6527777777777778 0.12447916666666667 0.3962962962962963
6 0.18541666666666667 0.7671296296296296 0.175 0.4027777777777778
6 0.3768229166666667 0.7680555555555556 0.1296875 0.4009259259259259
8 0.40703125 0.6291666666666667 0.0984375 0.36203703703703705
8 0.3684895833333333 0.649537037037037 0.10989583333333333 0.3712962962962963
8 0.37447916666666664 0.5976851851851852 0.059375 0.14907407407407408
3 0.35520833333333335 0.4398148148148148 0.18333333333333332 0.28888888888888886
13 0.4635416666666667 0.41944444444444445 0.0125 0.016666666666666666
1 0.4513020833333333 0.43148148148148147 0.008854166666666666 0.024074074074074074
14 0.47213541666666664 0.42268518518518516 0.008854166666666666 0.013888888888888888
4 0.50546875 0.41574074074074074 0.0171875 0.016666666666666666
3 0.490625 0.4162037037037037 0.021875 0.023148148148148147
1 0.47239583333333335 0.4828703703703704 0.04375 0.11574074074074074
1 0.49270833333333336 0.42824074074074076 0.026041666666666668 0.01574074074074074
1 0.5158854166666667 0.49722222222222223 0.06510416666666667 0.15185185185185185
4 0.5630208333333333 0.47685185185185186 0.03958333333333333 0.0962962962962963
7 0.5677083333333334 0.4236111111111111 0.007291666666666667 0.023148148148148147
7 0.59765625 0.4398148148148148 0.0140625 0.05740740740740741
7 0.5755208333333334 0.4361111111111111 0.011458333333333333 0.03888888888888889
7 0.6497395833333334 0.4986111111111111 0.028645833333333332 0.15462962962962962
0 0.6747395833333333 0.45 0.028645833333333332 0.03333333333333333
7 0.7614583333333333 0.4412037037037037 0.017708333333333333 0.026851851851851852
4 0.7364583333333333 0.5282407407407408 0.14479166666666668 0.16574074074074074
13 0.86640625 0.425462962962963 0.1421875 0.11388888888888889
7 0.9880208333333333 0.5370370370370371 0.020833333333333332 0.1648148148148148