1 0.27760416666666665 0.7 0.14791666666666667 0.40370370370370373
13 0.56796875 0.6592592592592592 0.4453125 0.6796296296296296
8 0.5359375 0.49444444444444446 0.11666666666666667 0.387037037037037
7 0.6138020833333333 0.49907407407407406 0.08802083333333334 0.37592592592592594
1 0.8044270833333333 0.5541666666666667 0.0421875 0.0787037037037037
4 0.83125 0.5773148148148148 0.058333333333333334 0.08981481481481482
7 0.7973958333333333 0.5837962962962963 0.023958333333333335 0.14351851851851852
7 0.8513020833333333 0.586574074074074 0.0328125 0.14537037037037037
6 0.8979166666666667 0.6819444444444445 0.0875 0.19907407407407407
8 0.8901041666666667 0.6351851851851852 0.046875 0.20555555555555555
6 0.96171875 0.6902777777777778 0.07552083333333333 0.17685185185185184