6 0.6453125 0.3814814814814815 0.004166666666666667 0.027777777777777776
1 0.6302083333333334 0.37916666666666665 0.023958333333333335 0.04537037037037037
6 0.5901041666666667 0.4074074074074074 0.011458333333333333 0.040740740740740744
6 0.5653645833333333 0.4064814814814815 0.0140625 0.044444444444444446
8 0.5888020833333333 0.39166666666666666 0.011979166666666667 0.05555555555555555
8 0.5666666666666667 0.38796296296296295 0.011458333333333333 0.040740740740740744
6 0.5541666666666667 0.4152777777777778 0.016666666666666666 0.04351851851851852
8 0.5541666666666667 0.3773148148148148 0.005208333333333333 0.010185185185185186
8 0.55234375 0.4027777777777778 0.021354166666666667 0.053703703703703705
1 0.6075520833333333 0.38657407407407407 0.03697916666666667 0.05462962962962963
4 0.5078125 0.42407407407407405 0.058333333333333334 0.08333333333333333
6 0.5971354166666667 0.41712962962962963 0.016145833333333335 0.030555555555555555
8 0.5994791666666667 0.4101851851851852 0.027083333333333334 0.07222222222222222
6 0.6177083333333333 0.4875 0.051041666666666666 0.14907407407407408
8 0.6151041666666667 0.4462962962962963 0.052083333333333336 0.1425925925925926
13 0.39296875 0.38842592592592595 0.0859375 0.2712962962962963
13 0.2109375 0.42777777777777776 0.3145833333333333 0.4666666666666667