1 0.47369791666666666 0.5560185185185185 0.0203125 0.04537037037037037
1 0.4583333333333333 0.5601851851851852 0.027083333333333334 0.05555555555555555
1 0.4375 0.562962962962963 0.03229166666666667 0.06296296296296296
13 0.57421875 0.5421296296296296 0.009895833333333333 0.04351851851851852
13 0.5927083333333333 0.5333333333333333 0.03125 0.08148148148148149
4 0.5984375 0.5666666666666667 0.03333333333333333 0.05
8 0.5677083333333334 0.549537037037037 0.00625 0.021296296296296296
6 0.5674479166666667 0.5569444444444445 0.0067708333333333336 0.017592592592592594
8 0.5536458333333333 0.5574074074074075 0.011458333333333333 0.040740740740740744
4 0.5385416666666667 0.5662037037037037 0.034375 0.049074074074074076
3 0.76953125 0.5217592592592593 0.05260416666666667 0.028703703703703703
13 0.7138020833333333 0.5263888888888889 0.0390625 0.06574074074074074
13 0.7513020833333334 0.5273148148148148 0.030729166666666665 0.019444444444444445
4 0.72421875 0.5555555555555556 0.022395833333333334 0.03333333333333333
4 0.7479166666666667 0.5513888888888889 0.0375 0.049074074074074076
4 0.7791666666666667 0.5546296296296296 0.035416666666666666 0.053703703703703705
13 0.8911458333333333 0.4810185185185185 0.215625 0.475
14 0.5619791666666667 0.5513888888888889 0.011458333333333333 0.019444444444444445