7 0.06614583333333333 0.4097222222222222 0.021875 0.10277777777777777
7 0.09192708333333334 0.39675925925925926 0.0296875 0.14351851851851852
8 0.11458333333333333 0.3902777777777778 0.036458333333333336 0.08796296296296297
8 0.08880208333333334 0.5472222222222223 0.07135416666666666 0.3111111111111111
6 0.09635416666666667 0.6587962962962963 0.090625 0.2916666666666667
6 0.14765625 0.49027777777777776 0.04635416666666667 0.11203703703703703
6 0.18802083333333333 0.5101851851851852 0.09791666666666667 0.1111111111111111
2 0.2598958333333333 0.513425925925926 0.11666666666666667 0.18981481481481483
6 0.29791666666666666 0.5152777777777777 0.17291666666666666 0.2564814814814815
6 0.34765625 0.5074074074074074 0.2046875 0.2777777777777778
2 0.9411458333333333 0.7481481481481481 0.11666666666666667 0.3277777777777778
13 0.034895833333333334 0.4356481481481482 0.06979166666666667 0.8712962962962963
7 0.18359375 0.49444444444444446 0.06822916666666666 0.3148148148148148
6 0.11979166666666667 0.4324074074074074 0.0375 0.11296296296296296