9 0.06640625 0.23287037037037037 0.016145833333333335 0.08611111111111111
9 0.10729166666666666 0.0625 0.03333333333333333 0.125
9 0.08723958333333333 0.14537037037037037 0.03177083333333333 0.05185185185185185
4 0.023177083333333334 0.34629629629629627 0.04635416666666667 0.09444444444444444
14 0.054427083333333334 0.30277777777777776 0.0453125 0.014814814814814815
4 0.06380208333333333 0.3578703703703704 0.10364583333333334 0.10833333333333334
6 0.01328125 0.48935185185185187 0.025520833333333333 0.2324074074074074
6 0.05260416666666667 0.46620370370370373 0.084375 0.17314814814814813
8 0.03958333333333333 0.4148148148148148 0.06354166666666666 0.2037037037037037
8 0.007291666666666667 0.425462962962963 0.014583333333333334 0.1175925925925926
6 0.1765625 0.5060185185185185 0.12604166666666666 0.23425925925925925
8 0.1625 0.43194444444444446 0.08645833333333333 0.2712962962962963
4 0.75859375 0.7101851851851851 0.4817708333333333 0.5777777777777777