6 0.10833333333333334 0.6092592592592593 0.025 0.05
8 0.10885416666666667 0.5814814814814815 0.01875 0.04814814814814815
6 0.13463541666666667 0.6375 0.043229166666666666 0.09166666666666666
8 0.14036458333333332 0.6189814814814815 0.03697916666666667 0.11944444444444445
4 0.22890625 0.6069444444444444 0.09635416666666667 0.10092592592592593
4 0.2986979166666667 0.5902777777777778 0.07135416666666666 0.0712962962962963
1 0.38359375 0.5763888888888888 0.0484375 0.06944444444444445
8 0.40390625 0.5523148148148148 0.0078125 0.021296296296296296
8 0.3770833333333333 0.5634259259259259 0.013541666666666667 0.028703703703703703
8 0.36796875 0.5814814814814815 0.018229166666666668 0.06666666666666667
6 0.3645833333333333 0.6037037037037037 0.013541666666666667 0.027777777777777776
4 0.41875 0.5532407407407407 0.025 0.026851851851851852
4 0.45703125 0.5523148148148148 0.0203125 0.026851851851851852
4 0.4197916666666667 0.6569444444444444 0.15208333333333332 0.19537037037037036
4 0.4940104166666667 0.5888888888888889 0.0546875 0.09814814814814815
3 0.47604166666666664 0.5314814814814814 0.021875 0.03888888888888889
3 0.5125 0.5319444444444444 0.057291666666666664 0.11018518518518519
3 0.5442708333333334 0.525 0.013541666666666667 0.03333333333333333
13 0.56171875 0.5120370370370371 0.013020833333333334 0.016666666666666666
3 0.5622395833333333 0.5226851851851851 0.016145833333333335 0.026851851851851852
6 0.5703125 0.5268518518518519 0.005208333333333333 0.011111111111111112
8 0.5716145833333334 0.5263888888888889 0.005729166666666666 0.012037037037037037
1 0.5440104166666667 0.5416666666666666 0.015104166666666667 0.03518518518518519
4 0.5705729166666667 0.5486111111111112 0.019270833333333334 0.030555555555555555
6 0.5627604166666667 0.6467592592592593 0.04010416666666667 0.14351851851851852
8 0.5588541666666667 0.6134259259259259 0.03958333333333333 0.14351851851851852
4 0.94453125 0.5837962962962963 0.0234375 0.030555555555555555
6 0.94375 0.5875 0.008333333333333333 0.030555555555555555
6 0.9604166666666667 0.5898148148148148 0.011458333333333333 0.024074074074074074
6 0.9747395833333333 0.5921296296296297 0.0067708333333333336 0.04537037037037037
4 0.9690104166666667 0.5782407407407407 0.018229166666666668 0.041666666666666664
10 0.24557291666666667 0.5152777777777777 0.0109375 0.023148148148148147
10 0.40729166666666666 0.5217592592592593 0.00625 0.013888888888888888
10 0.42473958333333334 0.5115740740740741 0.0067708333333333336 0.01574074074074074