6 0.05546875 0.9305555555555556 0.1109375 0.13333333333333333
8 0.06041666666666667 0.9685185185185186 0.08229166666666667 0.053703703703703705
9 0.34869791666666666 0.375 0.016145833333333335 0.10555555555555556
6 0.6276041666666666 0.5171296296296296 0.0125 0.025
6 0.6723958333333333 0.5236111111111111 0.011458333333333333 0.030555555555555555
8 0.6721354166666667 0.5152777777777777 0.013020833333333334 0.041666666666666664
4 0.8986979166666667 0.4824074074074074 0.021354166666666667 0.02962962962962963
4 0.88125 0.4935185185185185 0.026041666666666668 0.037037037037037035
4 0.9481770833333333 0.46944444444444444 0.018229166666666668 0.024074074074074074
4 0.9216145833333333 0.4740740740740741 0.015104166666666667 0.022222222222222223
6 0.9161458333333333 0.4912037037037037 0.007291666666666667 0.017592592592592594
6 0.9252604166666667 0.487962962962963 0.009895833333333333 0.018518518518518517
8 0.9247395833333333 0.47685185185185186 0.009895833333333333 0.016666666666666666
8 0.91640625 0.48009259259259257 0.0078125 0.025
6 0.88203125 0.513425925925926 0.009895833333333333 0.028703703703703703
8 0.8828125 0.5032407407407408 0.010416666666666666 0.03611111111111111
6 0.8919270833333334 0.5296296296296297 0.022395833333333334 0.046296296296296294
8 0.88828125 0.513425925925926 0.021354166666666667 0.049074074074074076
6 0.8671875 0.5259259259259259 0.016666666666666666 0.03148148148148148
8 0.8661458333333333 0.5143518518518518 0.0125 0.04351851851851852
4 0.9734375 0.5060185185185185 0.028125 0.04351851851851852
4 0.9776041666666667 0.5138888888888888 0.03229166666666667 0.053703703703703705
4 0.93671875 0.5416666666666666 0.08489583333333334 0.08888888888888889
8 0.9393229166666667 0.47129629629629627 0.0067708333333333336 0.016666666666666666
6 0.93984375 0.47962962962962963 0.005729166666666666 0.014814814814814815
4 0.9380208333333333 0.49398148148148147 0.026041666666666668 0.012037037037037037