1 0.0640625 0.3425925925925926 0.026041666666666668 0.025925925925925925
8 0.07552083333333333 0.34629629629629627 0.013541666666666667 0.024074074074074074
8 0.06536458333333334 0.3490740740740741 0.011979166666666667 0.02962962962962963
8 0.04869791666666667 0.3472222222222222 0.011979166666666667 0.027777777777777776
6 0.029166666666666667 0.3648148148148148 0.01875 0.040740740740740744
8 0.029166666666666667 0.34953703703703703 0.0125 0.03611111111111111
6 0.006510416666666667 0.37824074074074077 0.011979166666666667 0.03611111111111111
8 0.007552083333333333 0.35 0.015104166666666667 0.03333333333333333
14 0.09947916666666666 0.3439814814814815 0.029166666666666667 0.041666666666666664
6 0.12161458333333333 0.3861111111111111 0.015104166666666667 0.044444444444444446
1 0.07682291666666667 0.462037037037037 0.0953125 0.20555555555555555
8 0.17161458333333332 0.42268518518518516 0.04114583333333333 0.08055555555555556
6 0.10104166666666667 0.5814814814814815 0.09791666666666667 0.25555555555555554
8 0.090625 0.5055555555555555 0.05416666666666667 0.25555555555555554
8 0.11119791666666666 0.5120370370370371 0.0796875 0.2814814814814815
13 0.56796875 0.4986111111111111 0.8630208333333333 0.9972222222222222