3 0.5276041666666667 0.3976851851851852 0.05520833333333333 0.04537037037037037
14 0.4796875 0.40879629629629627 0.029166666666666667 0.028703703703703703
4 0.44583333333333336 0.4699074074074074 0.019791666666666666 0.09907407407407408
4 0.46197916666666666 0.41898148148148145 0.035416666666666666 0.017592592592592594
4 0.4622395833333333 0.46944444444444444 0.04010416666666667 0.10185185185185185
6 0.459375 0.48935185185185187 0.014583333333333334 0.05648148148148148
8 0.46848958333333335 0.4601851851851852 0.0140625 0.05740740740740741
7 0.6828125 0.45925925925925926 0.015625 0.05
6 0.903125 0.5009259259259259 0.08645833333333333 0.17777777777777778
6 0.9533854166666667 0.4976851851851852 0.0921875 0.17685185185185184
6 0.9591145833333333 0.5305555555555556 0.08072916666666667 0.16296296296296298
8 0.8481770833333333 0.4962962962962963 0.050520833333333334 0.18703703703703703
7 0.6885416666666667 0.46296296296296297 0.017708333333333333 0.05185185185185185
6 0.7440104166666667 0.46805555555555556 0.0359375 0.07314814814814814
7 0.6953125 0.46111111111111114 0.016666666666666666 0.04814814814814815
4 0.55 0.5972222222222222 0.24166666666666667 0.3907407407407407
3 0.22135416666666666 0.49953703703703706 0.4427083333333333 0.9990740740740741