8 0.013020833333333334 0.36898148148148147 0.00625 0.008333333333333333
8 0.02734375 0.37453703703703706 0.0078125 0.017592592592592594
8 0.03411458333333333 0.37546296296296294 0.005729166666666666 0.017592592592592594
8 0.03802083333333333 0.3773148148148148 0.009375 0.017592592592592594
4 0.03697916666666667 0.412962962962963 0.020833333333333332 0.05925925925925926
4 0.018229166666666668 0.4111111111111111 0.036458333333333336 0.07592592592592592
1 0.057291666666666664 0.4203703703703704 0.0375 0.08148148148148149
1 0.08463541666666667 0.42962962962962964 0.0453125 0.0962962962962963
1 0.15546875 0.4527777777777778 0.11614583333333334 0.14629629629629629
10 0.20911458333333333 0.5148148148148148 0.0171875 0.025925925925925925
1 0.63984375 0.5833333333333334 0.20260416666666667 0.2722222222222222
1 0.9489583333333333 0.6532407407407408 0.1 0.33055555555555555
7 0.3658854166666667 0.4615740740740741 0.0296875 0.12129629629629629
6 0.0203125 0.6041666666666666 0.040625 0.15092592592592594
8 0.01796875 0.45925925925925926 0.0359375 0.16296296296296298
10 0.03463541666666667 0.4449074074074074 0.0078125 0.012037037037037037