14 0.5471354166666667 0.5236111111111111 0.0078125 0.013888888888888888
14 0.5739583333333333 0.5291666666666667 0.030208333333333334 0.028703703703703703
4 0.5533854166666666 0.5291666666666667 0.008854166666666666 0.01574074074074074
6 0.5473958333333333 0.5532407407407407 0.013541666666666667 0.032407407407407406
8 0.5473958333333333 0.5458333333333333 0.0125 0.032407407407407406
8 0.5015625 0.5324074074074074 0.008333333333333333 0.011111111111111112
7 0.49270833333333336 0.5291666666666667 0.00625 0.010185185185185186
8 0.5203125 0.5393518518518519 0.007291666666666667 0.017592592592592594
6 0.49140625 0.5564814814814815 0.009895833333333333 0.024074074074074074
8 0.49192708333333335 0.538425925925926 0.0078125 0.01574074074074074
8 0.49296875 0.5462962962962963 0.011979166666666667 0.02962962962962963
7 0.4822916666666667 0.5416666666666666 0.005208333333333333 0.020370370370370372
8 0.47213541666666664 0.5342592592592592 0.0067708333333333336 0.014814814814814815
7 0.46119791666666665 0.5300925925925926 0.0067708333333333336 0.013888888888888888
6 0.5018229166666667 0.5689814814814815 0.011979166666666667 0.025
8 0.50234375 0.5532407407407407 0.0140625 0.04537037037037037
6 0.5283854166666667 0.5671296296296297 0.0140625 0.03611111111111111
8 0.5278645833333333 0.5504629629629629 0.016145833333333335 0.04722222222222222
6 0.5140625 0.5800925925925926 0.016666666666666666 0.04722222222222222
8 0.5138020833333333 0.5574074074074075 0.018229166666666668 0.05555555555555555
14 0.45598958333333334 0.5375 0.0140625 0.023148148148148147
6 0.4432291666666667 0.5731481481481482 0.016666666666666666 0.044444444444444446
8 0.44375 0.5532407407407407 0.016666666666666666 0.04351851851851852
6 0.4674479166666667 0.5810185185185185 0.021354166666666667 0.05462962962962963
8 0.4674479166666667 0.5625 0.018229166666666668 0.06574074074074074
4 0.3841145833333333 0.5375 0.0234375 0.025
6 0.2955729166666667 0.5939814814814814 0.049479166666666664 0.08611111111111111
6 0.4265625 0.6194444444444445 0.034375 0.08333333333333333
8 0.42526041666666664 0.5833333333333334 0.0359375 0.11851851851851852
6 0.37838541666666664 0.7930555555555555 0.12864583333333332 0.3398148148148148
8 0.4046875 0.6935185185185185 0.065625 0.30925925925925923
8 0.37135416666666665 0.6861111111111111 0.11458333333333333 0.32592592592592595
6 0.25729166666666664 0.5606481481481481 0.042708333333333334 0.041666666666666664
7 0.08932291666666667 0.5412037037037037 0.018229166666666668 0.028703703703703703
7 0.11171875 0.5328703703703703 0.016145833333333335 0.021296296296296296
6 0.04739583333333333 0.5986111111111111 0.05 0.0787037037037037
6 0.016145833333333335 0.6032407407407407 0.029166666666666667 0.08981481481481482
13 0.7125 0.5398148148148149 0.259375 0.38333333333333336
6 0.6799479166666667 0.8148148148148148 0.14114583333333333 0.3333333333333333
8 0.6622395833333333 0.6939814814814815 0.0953125 0.35462962962962963
8 0.68671875 0.6962962962962963 0.11197916666666667 0.3296296296296296