13 0.44479166666666664 0.5259259259259259 0.042708333333333334 0.1037037037037037
1 0.4354166666666667 0.5638888888888889 0.04479166666666667 0.09074074074074075
13 0.5072916666666667 0.5277777777777778 0.09270833333333334 0.2
7 0.5565104166666667 0.5486111111111112 0.013020833333333334 0.04537037037037037
7 0.5861979166666667 0.5337962962962963 0.013020833333333334 0.019444444444444445
7 0.5666666666666667 0.5361111111111111 0.008333333333333333 0.02962962962962963
4 0.6002604166666666 0.6328703703703704 0.11927083333333334 0.18055555555555555
1 0.8552083333333333 0.7620370370370371 0.2708333333333333 0.4722222222222222
7 0.38723958333333336 0.5564814814814815 0.015104166666666667 0.07777777777777778
4 0.3341145833333333 0.5796296296296296 0.09947916666666666 0.12222222222222222
4 0.246875 0.5546296296296296 0.16041666666666668 0.07037037037037037
4 0.19505208333333332 0.7796296296296297 0.39010416666666664 0.4351851851851852