13 0.08333333333333333 0.5254629629629629 0.16666666666666666 0.1527777777777778
3 0.26927083333333335 0.5226851851851851 0.034375 0.08796296296296297
3 0.209375 0.5222222222222223 0.09583333333333334 0.11481481481481481
13 0.28958333333333336 0.5282407407407408 0.009375 0.04351851851851852
13 0.3223958333333333 0.524537037037037 0.058333333333333334 0.058333333333333334
4 0.3651041666666667 0.538425925925926 0.06041666666666667 0.0712962962962963
13 0.42890625 0.5189814814814815 0.013020833333333334 0.025
13 0.41848958333333336 0.5152777777777777 0.0109375 0.025
10 0.4388020833333333 0.4685185185185185 0.07864583333333333 0.027777777777777776
10 0.4158854166666667 0.512962962962963 0.0046875 0.009259259259259259
4 0.5091145833333334 0.5254629629629629 0.005729166666666666 0.008333333333333333
6 0.5640625 0.5731481481481482 0.021875 0.06111111111111111
8 0.5638020833333334 0.5550925925925926 0.0171875 0.06018518518518518
4 0.6346354166666667 0.5375 0.0171875 0.025
6 0.29791666666666666 0.5597222222222222 0.011458333333333333 0.023148148148148147
8 0.29973958333333334 0.549074074074074 0.008854166666666666 0.037037037037037035
8 0.296875 0.549074074074074 0.009375 0.037037037037037035
10 0.3609375 0.48564814814814816 0.028125 0.06018518518518518