7 0.409375 0.537962962962963 0.011458333333333333 0.05555555555555555
7 0.4171875 0.5430555555555555 0.015625 0.04351851851851852
7 0.32578125 0.5597222222222222 0.025520833333333333 0.1175925925925926
7 0.3888020833333333 0.6694444444444444 0.06614583333333333 0.26666666666666666
7 0.4388020833333333 0.6337962962962963 0.04010416666666667 0.27870370370370373
7 0.4583333333333333 0.6847222222222222 0.051041666666666666 0.2712962962962963
7 0.6708333333333333 0.625462962962963 0.029166666666666667 0.18055555555555555
7 0.4744791666666667 0.6226851851851852 0.025 0.16018518518518518
7 0.48385416666666664 0.5472222222222223 0.010416666666666666 0.024074074074074074
7 0.48098958333333336 0.5708333333333333 0.016145833333333335 0.05462962962962963
7 0.4934895833333333 0.6231481481481481 0.033854166666666664 0.17037037037037037
7 0.5205729166666667 0.5398148148148149 0.008854166666666666 0.018518518518518517
7 0.5119791666666667 0.5995370370370371 0.015625 0.11944444444444445
7 0.6052083333333333 0.5976851851851852 0.009375 0.06574074074074074
7 0.60859375 0.5805555555555556 0.015104166666666667 0.09259259259259259
7 0.6377604166666667 0.5824074074074074 0.016145833333333335 0.09814814814814815
7 0.6388020833333333 0.5222222222222223 0.009895833333333333 0.022222222222222223
7 0.5247395833333334 0.5412037037037037 0.0067708333333333336 0.010185185185185186
7 0.6544270833333333 0.7018518518518518 0.0953125 0.2611111111111111
7 0.5744791666666667 0.7097222222222223 0.08645833333333333 0.26944444444444443
6 0.5223958333333333 0.637962962962963 0.026041666666666668 0.09444444444444444
6 0.06145833333333333 0.7625 0.121875 0.39166666666666666
6 0.5653645833333333 0.6962962962962963 0.05364583333333333 0.1685185185185185
6 0.41171875 0.6421296296296296 0.033854166666666664 0.10462962962962963
6 0.41484375 0.5694444444444444 0.018229166666666668 0.022222222222222223
6 0.7411458333333333 0.6060185185185185 0.053125 0.08611111111111111
6 0.64609375 0.6134259259259259 0.0296875 0.05648148148148148
13 0.5700520833333333 0.575 0.06614583333333333 0.12962962962962962
7 0.7203125 0.5037037037037037 0.014583333333333334 0.027777777777777776
8 0.5119791666666667 0.5601851851851852 0.013541666666666667 0.044444444444444446
8 0.5153645833333333 0.600925925925926 0.018229166666666668 0.11481481481481481
8 0.51875 0.6074074074074074 0.017708333333333333 0.11851851851851852
8 0.5192708333333333 0.6032407407407407 0.030208333333333334 0.11203703703703703
8 0.5229166666666667 0.6111111111111112 0.028125 0.13518518518518519
8 0.53203125 0.6305555555555555 0.044270833333333336 0.18888888888888888
8 0.56640625 0.6365740740740741 0.05260416666666667 0.2101851851851852
1 0.8697916666666666 0.7189814814814814 0.22604166666666667 0.41574074074074074
7 0.6234375 0.6166666666666667 0.029166666666666667 0.15925925925925927
7 0.3138020833333333 0.55 0.0171875 0.12037037037037036
4 0.5033854166666667 0.5481481481481482 0.013020833333333334 0.011111111111111112