3 0.4296875 0.3300925925925926 0.034375 0.04537037037037037
3 0.40911458333333334 0.324537037037037 0.0109375 0.025
3 0.39895833333333336 0.3296296296296296 0.016666666666666666 0.027777777777777776
4 0.384375 0.34074074074074073 0.014583333333333334 0.020370370370370372
4 0.35651041666666666 0.337037037037037 0.009895833333333333 0.016666666666666666
1 0.365625 0.3425925925925926 0.0125 0.022222222222222223
6 0.36614583333333334 0.35 0.007291666666666667 0.014814814814814815
8 0.3658854166666667 0.3435185185185185 0.0067708333333333336 0.016666666666666666
4 0.4114583333333333 0.35 0.016666666666666666 0.03148148148148148
6 0.45026041666666666 0.3509259259259259 0.0078125 0.022222222222222223
8 0.45026041666666666 0.3458333333333333 0.0067708333333333336 0.023148148148148147
6 0.46875 0.3587962962962963 0.010416666666666666 0.025
8 0.46848958333333335 0.35185185185185186 0.008854166666666666 0.03333333333333333
6 0.4979166666666667 0.36527777777777776 0.015625 0.032407407407407406
8 0.49765625 0.3592592592592593 0.013020833333333334 0.03518518518518519
7 0.8114583333333333 0.44166666666666665 0.015625 0.15555555555555556
7 0.9609375 0.4046296296296296 0.016666666666666666 0.08333333333333333
7 0.9375 0.38981481481481484 0.008333333333333333 0.044444444444444446
6 0.8830729166666667 0.43657407407407406 0.04114583333333333 0.07685185185185185
8 0.8807291666666667 0.4078703703703704 0.030208333333333334 0.08611111111111111
4 0.49635416666666665 0.44583333333333336 0.08958333333333333 0.1361111111111111
6 0.3138020833333333 0.538425925925926 0.0609375 0.21388888888888888
8 0.31171875 0.5111111111111111 0.06927083333333334 0.23703703703703705
7 0.1234375 0.425462962962963 0.0125 0.04351851851851852
3 0.7065104166666667 0.3537037037037037 0.2515625 0.3277777777777778