9 0.35520833333333335 0.37916666666666665 0.016666666666666666 0.10277777777777777
6 0.603125 0.5449074074074074 0.015625 0.04351851851851852
8 0.6020833333333333 0.5356481481481481 0.01875 0.05277777777777778
6 0.6291666666666667 0.5203703703703704 0.015625 0.024074074074074074
6 0.7197916666666667 0.5037037037037037 0.011458333333333333 0.022222222222222223
8 0.7197916666666667 0.4986111111111111 0.010416666666666666 0.026851851851851852
4 0.8619791666666666 0.5166666666666667 0.035416666666666666 0.044444444444444446
4 0.9338541666666667 0.4740740740740741 0.016666666666666666 0.020370370370370372
6 0.9356770833333333 0.48148148148148145 0.0067708333333333336 0.016666666666666666
8 0.9359375 0.4740740740740741 0.00625 0.016666666666666666
6 0.9455729166666667 0.48055555555555557 0.0067708333333333336 0.018518518518518517
8 0.9455729166666667 0.4736111111111111 0.005729166666666666 0.023148148148148147
4 0.9080729166666667 0.48194444444444445 0.019270833333333334 0.026851851851851852
6 0.9002604166666667 0.4925925925925926 0.008854166666666666 0.024074074074074074
8 0.9 0.4837962962962963 0.009375 0.032407407407407406
8 0.88359375 0.5041666666666667 0.009895833333333333 0.03425925925925926
6 0.8830729166666667 0.512962962962963 0.0109375 0.03518518518518519
6 0.88984375 0.5138888888888888 0.0140625 0.037037037037037035
8 0.88984375 0.5032407407407408 0.013020833333333334 0.041666666666666664
4 0.9169270833333333 0.5138888888888888 0.03802083333333333 0.04814814814814815
4 0.96796875 0.512962962962963 0.05677083333333333 0.053703703703703705
6 0.7713541666666667 0.5560185185185185 0.03958333333333333 0.06759259259259259
8 0.7729166666666667 0.5444444444444444 0.01875 0.07037037037037037