4 0.4244791666666667 0.575925925925926 0.014583333333333334 0.03888888888888889
4 0.4317708333333333 0.5810185185185185 0.016666666666666666 0.028703703703703703
6 0.43411458333333336 0.586574074074074 0.0046875 0.021296296296296296
8 0.434375 0.5782407407407407 0.005208333333333333 0.030555555555555555
6 0.42890625 0.5879629629629629 0.0109375 0.027777777777777776
8 0.42864583333333334 0.5768518518518518 0.011458333333333333 0.037037037037037035
6 0.4505208333333333 0.587037037037037 0.0125 0.03148148148148148
8 0.4473958333333333 0.5777777777777777 0.00625 0.044444444444444446
8 0.45208333333333334 0.575 0.0125 0.040740740740740744
6 0.4635416666666667 0.5916666666666667 0.015625 0.03888888888888889
8 0.46197916666666666 0.5740740740740741 0.013541666666666667 0.05185185185185185
10 0.45859375 0.6050925925925926 0.0067708333333333336 0.013888888888888888
6 0.46901041666666665 0.5851851851851851 0.0109375 0.03333333333333333
8 0.4671875 0.5712962962962963 0.00625 0.02962962962962963
8 0.4705729166666667 0.5731481481481482 0.008854166666666666 0.03518518518518519
4 0.47552083333333334 0.575 0.0125 0.03148148148148148
4 0.4828125 0.5787037037037037 0.020833333333333332 0.037037037037037035
6 0.49453125 0.586574074074074 0.011979166666666667 0.028703703703703703
8 0.49375 0.5768518518518518 0.010416666666666666 0.040740740740740744
6 0.5052083333333334 0.5856481481481481 0.013541666666666667 0.032407407407407406
8 0.5036458333333333 0.575 0.010416666666666666 0.04814814814814815
4 0.5098958333333333 0.5685185185185185 0.008333333333333333 0.024074074074074074
4 0.49635416666666665 0.5675925925925925 0.013541666666666667 0.024074074074074074
13 0.5471354166666667 0.562962962962963 0.06197916666666667 0.0962962962962963
6 0.5434895833333333 0.5949074074074074 0.04010416666666667 0.08611111111111111
8 0.5359375 0.5819444444444445 0.017708333333333333 0.09722222222222222
8 0.54453125 0.5814814814814815 0.027604166666666666 0.0962962962962963
10 0.5809895833333333 0.6356481481481482 0.015104166666666667 0.021296296296296296
10 0.384375 0.5921296296296297 0.004166666666666667 0.006481481481481481
13 0.6161458333333333 0.5430555555555555 0.10208333333333333 0.10833333333333334
3 0.6729166666666667 0.5564814814814815 0.016666666666666666 0.03888888888888889
13 0.6919270833333333 0.5578703703703703 0.0296875 0.08425925925925926
4 0.7265625 0.5648148148148148 0.09270833333333334 0.10185185185185185
6 0.7838541666666666 0.5787037037037037 0.03125 0.06851851851851852
8 0.7786458333333334 0.5638888888888889 0.017708333333333333 0.07777777777777778
8 0.7869791666666667 0.5550925925925926 0.021875 0.0787037037037037
3 0.7890625 0.5398148148148149 0.03125 0.037037037037037035
8 0.8203125 0.5509259259259259 0.010416666666666666 0.020370370370370372
8 0.83359375 0.5513888888888889 0.0067708333333333336 0.023148148148148147
7 0.8690104166666667 0.5347222222222222 0.018229166666666668 0.03981481481481482
4 0.91796875 0.5680555555555555 0.1609375 0.18981481481481483
6 0.91875 0.6171296296296296 0.11458333333333333 0.1638888888888889
8 0.9190104166666667 0.5611111111111111 0.06822916666666666 0.18703703703703703
3 0.34375 0.5569444444444445 0.020833333333333332 0.05092592592592592
3 0.38619791666666664 0.5546296296296296 0.07864583333333333 0.09259259259259259
6 0.37135416666666665 0.5782407407407407 0.017708333333333333 0.025
8 0.37109375 0.5694444444444444 0.0140625 0.03888888888888889
8 0.34322916666666664 0.5722222222222222 0.008333333333333333 0.020370370370370372
8 0.3458333333333333 0.5712962962962963 0.00625 0.022222222222222223
10 0.3625 0.5856481481481481 0.004166666666666667 0.006481481481481481
10 0.35260416666666666 0.5833333333333334 0.003125 0.005555555555555556
10 0.33932291666666664 0.5796296296296296 0.0026041666666666665 0.005555555555555556
3 0.32838541666666665 0.5643518518518519 0.015104166666666667 0.03981481481481482
4 0.3260416666666667 0.5837962962962963 0.020833333333333332 0.06018518518518518
4 0.2942708333333333 0.5930555555555556 0.03854166666666667 0.0824074074074074
6 0.31588541666666664 0.625 0.033854166666666664 0.10185185185185185
8 0.3151041666666667 0.5986111111111111 0.03333333333333333 0.11203703703703703
7 0.2708333333333333 0.5763888888888888 0.00625 0.026851851851851852
7 0.2643229166666667 0.5773148148148148 0.005729166666666666 0.032407407407407406
1 0.23776041666666667 0.5787037037037037 0.022395833333333334 0.04259259259259259
7 0.196875 0.5925925925925926 0.014583333333333334 0.05
6 0.13359375 0.5995370370370371 0.04010416666666667 0.049074074074074076
7 0.15130208333333334 0.5995370370370371 0.0171875 0.08981481481481482
7 0.10625 0.5851851851851851 0.005208333333333333 0.037037037037037035
7 0.09348958333333333 0.5879629629629629 0.0109375 0.06296296296296296
7 0.08359375 0.5837962962962963 0.011979166666666667 0.06574074074074074
7 0.07265625 0.5856481481481481 0.009895833333333333 0.06759259259259259
7 0.059895833333333336 0.5837962962962963 0.010416666666666666 0.06388888888888888
1 0.6330729166666667 0.5675925925925925 0.0578125 0.0962962962962963
4 0.59609375 0.5810185185185185 0.0890625 0.09351851851851851