7 0.23072916666666668 0.5712962962962963 0.026041666666666668 0.05185185185185185
7 0.2903645833333333 0.5611111111111111 0.013020833333333334 0.05555555555555555
4 0.296875 0.5601851851851852 0.015625 0.04259259259259259
1 0.38359375 0.7097222222222223 0.1890625 0.4009259259259259
7 0.47630208333333335 0.6791666666666667 0.024479166666666666 0.23425925925925925
7 0.5059895833333333 0.5606481481481481 0.0171875 0.04537037037037037
1 0.6125 0.6106481481481482 0.09583333333333334 0.19722222222222222
1 0.7328125 0.5361111111111111 0.13020833333333334 0.07407407407407407
4 0.7744791666666667 0.7449074074074075 0.23333333333333334 0.375
7 0.5393229166666667 0.7643518518518518 0.1078125 0.462037037037037
6 0.6244791666666667 0.8398148148148148 0.171875 0.30925925925925923
8 0.63125 0.749537037037037 0.11354166666666667 0.4361111111111111
6 0.8197916666666667 0.5527777777777778 0.03125 0.03888888888888889
8 0.81796875 0.5393518518518519 0.011979166666666667 0.03981481481481482