14 0.40859375 0.5291666666666667 0.009895833333333333 0.019444444444444445
14 0.43515625 0.5365740740740741 0.009895833333333333 0.013888888888888888
7 0.45703125 0.5523148148148148 0.005729166666666666 0.026851851851851852
14 0.4640625 0.5671296296296297 0.0125 0.019444444444444445
8 0.46432291666666664 0.5574074074074075 0.008854166666666666 0.03518518518518519
7 0.4700520833333333 0.5606481481481481 0.0067708333333333336 0.032407407407407406
7 0.475 0.5583333333333333 0.00625 0.03148148148148148
4 0.48151041666666666 0.5560185185185185 0.016145833333333335 0.032407407407407406
4 0.515625 0.5731481481481482 0.029166666666666667 0.05555555555555555
7 0.5263020833333333 0.5763888888888888 0.013020833333333334 0.06388888888888888
7 0.5395833333333333 0.5828703703703704 0.0125 0.075
7 0.5361979166666667 0.5851851851851851 0.0109375 0.07592592592592592
1 0.5591145833333333 0.5944444444444444 0.033854166666666664 0.11296296296296296
1 0.6127604166666667 0.6328703703703704 0.10364583333333334 0.1935185185185185
6 0.8427083333333333 0.6263888888888889 0.05 0.06574074074074074
6 0.8682291666666667 0.6754629629629629 0.07291666666666667 0.14907407407407408
6 0.8041666666666667 0.7425925925925926 0.10833333333333334 0.2388888888888889
8 0.775 0.6421296296296296 0.06770833333333333 0.2935185185185185
8 0.8028645833333333 0.6777777777777778 0.07552083333333333 0.20555555555555555
8 0.4895833333333333 0.5726851851851852 0.014583333333333334 0.06018518518518518
6 0.4895833333333333 0.5879629629629629 0.017708333333333333 0.03333333333333333
8 0.48359375 0.5717592592592593 0.0109375 0.05277777777777778
6 0.5080729166666667 0.700462962962963 0.06197916666666667 0.1787037037037037
8 0.50546875 0.6388888888888888 0.059895833333333336 0.2037037037037037
4 0.41770833333333335 0.5398148148148149 0.026041666666666668 0.007407407407407408
8 0.44192708333333336 0.5421296296296296 0.0067708333333333336 0.006481481481481481
4 0.42109375 0.6277777777777778 0.10572916666666667 0.17222222222222222
8 0.38567708333333334 0.5587962962962963 0.008854166666666666 0.03796296296296296
7 0.37786458333333334 0.5699074074074074 0.011979166666666667 0.05462962962962963
7 0.3625 0.5819444444444445 0.011458333333333333 0.04351851851851852
6 0.3484375 0.586574074074074 0.019791666666666666 0.05277777777777778
6 0.3299479166666667 0.5847222222222223 0.019270833333333334 0.049074074074074076
14 0.2786458333333333 0.6018518518518519 0.06979166666666667 0.0962962962962963
7 0.28619791666666666 0.625 0.027604166666666666 0.18888888888888888
6 0.026302083333333334 0.8115740740740741 0.05260416666666667 0.1935185185185185
6 0.24479166666666666 0.825 0.19791666666666666 0.337037037037037
8 0.27057291666666666 0.775 0.12135416666666667 0.4444444444444444
8 0.22083333333333333 0.7592592592592593 0.17083333333333334 0.44074074074074077