4 0.41822916666666665 0.5587962962962963 0.010416666666666666 0.025
1 0.42265625 0.5583333333333333 0.008854166666666666 0.040740740740740744
1 0.4375 0.5611111111111111 0.028125 0.053703703703703705
4 0.4505208333333333 0.5675925925925925 0.023958333333333335 0.05925925925925926
4 0.4752604166666667 0.5791666666666667 0.0609375 0.08796296296296297
8 0.4984375 0.55 0.008333333333333333 0.03333333333333333
14 0.5721354166666667 0.5425925925925926 0.018229166666666668 0.018518518518518517
4 0.5385416666666667 0.5537037037037037 0.051041666666666666 0.05925925925925926
6 0.5434895833333333 0.600462962962963 0.030729166666666665 0.0712962962962963
8 0.540625 0.5782407407407407 0.020833333333333332 0.09166666666666666
8 0.5479166666666667 0.5814814814814815 0.023958333333333335 0.08703703703703704
8 0.6119791666666666 0.5296296296296297 0.008333333333333333 0.011111111111111112
13 0.70390625 0.5305555555555556 0.03697916666666667 0.07962962962962963
6 0.8786458333333333 0.5486111111111112 0.011458333333333333 0.026851851851851852
8 0.8760416666666667 0.5370370370370371 0.011458333333333333 0.02962962962962963
6 0.9552083333333333 0.5518518518518518 0.015625 0.027777777777777776
8 0.95078125 0.5361111111111111 0.015104166666666667 0.03148148148148148
4 0.7588541666666667 0.5703703703703704 0.08854166666666667 0.1037037037037037
6 0.7114583333333333 0.6060185185185185 0.06041666666666667 0.09907407407407408
8 0.7098958333333333 0.5736111111111111 0.034375 0.11018518518518519
4 0.3971354166666667 0.5703703703703704 0.04010416666666667 0.06111111111111111
7 0.29713541666666665 0.5675925925925925 0.0078125 0.027777777777777776
7 0.3026041666666667 0.5685185185185185 0.008333333333333333 0.037037037037037035
1 0.3463541666666667 0.5888888888888889 0.05625 0.10925925925925926
7 0.2708333333333333 0.5625 0.005208333333333333 0.01574074074074074
7 0.25833333333333336 0.5717592592592593 0.00625 0.032407407407407406
7 0.25390625 0.5736111111111111 0.005729166666666666 0.03611111111111111
6 0.21119791666666668 0.5837962962962963 0.009895833333333333 0.030555555555555555
7 0.1875 0.5657407407407408 0.010416666666666666 0.024074074074074074
6 0.2643229166666667 0.6708333333333333 0.0296875 0.10462962962962963
8 0.26484375 0.6023148148148149 0.0265625 0.08981481481481482
6 0.2947916666666667 0.7041666666666667 0.06354166666666666 0.20092592592592592
8 0.29583333333333334 0.6504629629629629 0.06354166666666666 0.1935185185185185
6 0.0234375 0.6587962962962963 0.023958333333333335 0.049074074074074076
2 0.046875 0.8097222222222222 0.09375 0.20833333333333334
8 0.029427083333333333 0.7236111111111111 0.058854166666666666 0.3194444444444444
4 0.9846354166666667 0.662962962962963 0.0296875 0.13518518518518519
4 0.6309895833333333 0.5814814814814815 0.09635416666666667 0.10555555555555556