10 0.3033854166666667 0.34953703703703703 0.033854166666666664 0.04351851851851852
13 0.4109375 0.5662037037037037 0.3177083333333333 0.7805555555555556
14 0.54921875 0.43194444444444446 0.03177083333333333 0.1712962962962963
6 0.5802083333333333 0.5319444444444444 0.05520833333333333 0.15833333333333333
8 0.5783854166666667 0.49027777777777776 0.0390625 0.1638888888888889
6 0.6130208333333333 0.4837962962962963 0.030208333333333334 0.08611111111111111
8 0.6088541666666667 0.4532407407407407 0.030208333333333334 0.09722222222222222
7 0.6518229166666667 0.43796296296296294 0.018229166666666668 0.07777777777777778
7 0.75234375 0.45092592592592595 0.030729166666666665 0.10185185185185185
3 0.9223958333333333 0.5175925925925926 0.15416666666666667 0.6907407407407408
10 0.25833333333333336 0.48842592592592593 0.007291666666666667 0.010185185185185186
10 0.11223958333333334 0.5523148148148148 0.015104166666666667 0.023148148148148147
7 0.11380208333333333 0.48703703703703705 0.018229166666666668 0.08333333333333333
1 0.12916666666666668 0.5069444444444444 0.017708333333333333 0.09722222222222222
1 0.1796875 0.4912037037037037 0.09583333333333334 0.11203703703703703
1 0.27760416666666665 0.4652777777777778 0.041666666666666664 0.05648148148148148
1 0.3015625 0.4625 0.01875 0.03611111111111111
10 0.28619791666666666 0.41435185185185186 0.0067708333333333336 0.013888888888888888