13 0.3338541666666667 0.5111111111111111 0.027083333333333334 0.024074074074074074
13 0.37942708333333336 0.5152777777777777 0.0484375 0.026851851851851852
4 0.41744791666666664 0.5467592592592593 0.049479166666666664 0.07314814814814814
10 0.45755208333333336 0.5097222222222222 0.0078125 0.013888888888888888
7 0.4471354166666667 0.5435185185185185 0.005729166666666666 0.018518518518518517
6 0.47994791666666664 0.5370370370370371 0.005729166666666666 0.022222222222222223
13 0.5236979166666667 0.5231481481481481 0.013020833333333334 0.027777777777777776
13 0.4942708333333333 0.5212962962962963 0.0125 0.022222222222222223
13 0.5091145833333334 0.5208333333333334 0.0140625 0.021296296296296296
14 0.5013020833333334 0.5268518518518519 0.011979166666666667 0.025925925925925925
4 0.49453125 0.5333333333333333 0.013020833333333334 0.018518518518518517
6 0.5028645833333333 0.5356481481481481 0.0036458333333333334 0.010185185185185186
8 0.503125 0.5305555555555556 0.004166666666666667 0.009259259259259259
4 0.51171875 0.5398148148148149 0.021354166666666667 0.02962962962962963
4 0.5416666666666666 0.5300925925925926 0.00625 0.013888888888888888
13 0.5526041666666667 0.5333333333333333 0.020833333333333332 0.04259259259259259
4 0.8018229166666667 0.5518518518518518 0.043229166666666666 0.046296296296296294
6 0.8104166666666667 0.5703703703703704 0.020833333333333332 0.04259259259259259
8 0.80859375 0.5550925925925926 0.0109375 0.049074074074074076
13 0.9247395833333333 0.5662037037037037 0.03177083333333333 0.04537037037037037
4 0.9046875 0.5722222222222222 0.026041666666666668 0.040740740740740744
4 0.9471354166666667 0.575925925925926 0.0140625 0.03518518518518519
4 0.9723958333333333 0.5773148148148148 0.05416666666666667 0.04351851851851852
7 0.3203125 0.5106481481481482 0.005208333333333333 0.019444444444444445