14 0.51015625 0.4840277777777778 0.015625 0.04583333333333333
14 0.5359375 0.4708333333333333 0.0265625 0.022222222222222223
4 0.535546875 0.5048611111111111 0.03359375 0.07083333333333333
14 0.559375 0.4625 0.0234375 0.019444444444444445
13 0.64765625 0.4756944444444444 0.0328125 0.0375
14 0.58125 0.46805555555555556 0.028125 0.022222222222222223
4 0.638671875 0.4986111111111111 0.02890625 0.03611111111111111
4 0.672265625 0.5118055555555555 0.04609375 0.06805555555555555
4 0.559765625 0.49583333333333335 0.02265625 0.05
4 0.59453125 0.5048611111111111 0.0578125 0.07916666666666666
4 0.612890625 0.5451388888888888 0.08984375 0.12638888888888888
3 0.46953125 0.4513888888888889 0.05625 0.10833333333333334
6 0.53671875 0.5229166666666667 0.01875 0.04861111111111111
8 0.533984375 0.49930555555555556 0.01953125 0.0625
8 0.46953125 0.4826388888888889 0.00625 0.03194444444444444
8 0.51015625 0.48125 0.00625 0.029166666666666667
1 0.48984375 0.5118055555555555 0.0375 0.0875
6 0.46640625 0.5208333333333334 0.009375 0.04722222222222222
6 0.5140625 0.5402777777777777 0.0203125 0.05555555555555555
8 0.515625 0.5104166666666666 0.0203125 0.08472222222222223
6 0.474609375 0.5381944444444444 0.02421875 0.08472222222222223
8 0.476171875 0.5111111111111111 0.02578125 0.07777777777777778
4 0.4484375 0.5361111111111111 0.0171875 0.13055555555555556
13 0.81796875 0.5472222222222223 0.2765625 0.5166666666666667
13 0.24921875 0.5034722222222222 0.4015625 0.8875
4 0.9640625 0.9159722222222222 0.06875 0.16527777777777777
14 0.004296875 0.8930555555555556 0.00859375 0.10833333333333334