4 0.9125 0.3819444444444444 0.0125 0.05092592592592592
3 0.87109375 0.36157407407407405 0.0703125 0.20462962962962963
4 0.9388020833333334 0.3587962962962963 0.0296875 0.026851851851851852
4 0.86953125 0.4550925925925926 0.06614583333333333 0.16203703703703703
4 0.9361979166666666 0.38055555555555554 0.025520833333333333 0.037037037037037035
4 0.94453125 0.3990740740740741 0.03177083333333333 0.06851851851851852
4 0.9677083333333333 0.41064814814814815 0.05625 0.11203703703703703
4 0.9869791666666666 0.44675925925925924 0.023958333333333335 0.13055555555555556
6 0.92109375 0.41574074074074074 0.021354166666666667 0.05740740740740741
8 0.9197916666666667 0.3962962962962963 0.020833333333333332 0.07407407407407407
3 0.42239583333333336 0.49953703703703706 0.8447916666666667 0.9990740740740741