4 0.14036458333333332 0.6865740740740741 0.28072916666666664 0.35648148148148145
7 0.29713541666666665 0.5837962962962963 0.0140625 0.08611111111111111
6 0.4192708333333333 0.5796296296296296 0.029166666666666667 0.06666666666666667
8 0.41953125 0.5694444444444444 0.019270833333333334 0.06666666666666667
1 0.39296875 0.5643518518518519 0.04739583333333333 0.07314814814814814
1 0.43411458333333336 0.5587962962962963 0.0421875 0.06944444444444445
1 0.45 0.5574074074074075 0.030208333333333334 0.05925925925925926
1 0.45546875 0.549537037037037 0.022395833333333334 0.04537037037037037
6 0.48020833333333335 0.700925925925926 0.07083333333333333 0.24259259259259258
6 0.5114583333333333 0.6143518518518518 0.03854166666666667 0.11203703703703703
8 0.5083333333333333 0.5851851851851851 0.035416666666666666 0.11851851851851852
8 0.48125 0.6412037037037037 0.06354166666666666 0.23055555555555557
10 0.5213541666666667 0.5217592592592593 0.016666666666666666 0.023148148148148147
7 0.5604166666666667 0.549074074074074 0.009375 0.037037037037037035
6 0.5888020833333333 0.5597222222222222 0.0067708333333333336 0.017592592592592594
6 0.6049479166666667 0.562037037037037 0.009895833333333333 0.022222222222222223
6 0.6263020833333334 0.5578703703703703 0.0109375 0.032407407407407406
8 0.6260416666666667 0.549074074074074 0.010416666666666666 0.03518518518518519
8 0.6044270833333333 0.549074074074074 0.0109375 0.03518518518518519
8 0.5885416666666666 0.5509259259259259 0.008333333333333333 0.027777777777777776
4 0.66171875 0.5712962962962963 0.0578125 0.08518518518518518
7 0.715625 0.5587962962962963 0.009375 0.03611111111111111
8 0.73828125 0.549074074074074 0.005729166666666666 0.016666666666666666
6 0.7377604166666667 0.5541666666666667 0.008854166666666666 0.013888888888888888
3 0.740625 0.5412037037037037 0.009375 0.017592592592592594
6 0.7427083333333333 0.5486111111111112 0.003125 0.006481481481481481
8 0.7427083333333333 0.5449074074074074 0.003125 0.008333333333333333
7 0.7700520833333333 0.5513888888888889 0.0046875 0.021296296296296296
7 0.7763020833333333 0.5578703703703703 0.0078125 0.030555555555555555
7 0.7833333333333333 0.5592592592592592 0.007291666666666667 0.03148148148148148
6 0.7981770833333334 0.5666666666666667 0.011979166666666667 0.03148148148148148
8 0.7973958333333333 0.5587962962962963 0.010416666666666666 0.03796296296296296
4 0.8153645833333333 0.5583333333333333 0.0328125 0.03148148148148148
6 0.8502604166666666 0.6310185185185185 0.028645833333333332 0.0712962962962963
8 0.8450520833333334 0.6041666666666666 0.034895833333333334 0.11388888888888889
4 0.9635416666666666 0.6129629629629629 0.071875 0.11481481481481481
6 0.9541666666666667 0.6796296296296296 0.04895833333333333 0.14629629629629629
8 0.95234375 0.6425925925925926 0.0546875 0.18703703703703703
1 0.8997395833333334 0.6143518518518518 0.08385416666666666 0.1787037037037037
10 0.8119791666666667 0.5888888888888889 0.016666666666666666 0.04814814814814815
7 0.13151041666666666 0.5541666666666667 0.030729166666666665 0.062037037037037036
14 0.5450520833333333 0.5430555555555555 0.019270833333333334 0.030555555555555555
4 0.5744791666666667 0.5486111111111112 0.013541666666666667 0.026851851851851852