7 0.18385416666666668 0.5611111111111111 0.011458333333333333 0.06111111111111111
3 0.38958333333333334 0.5120370370370371 0.025 0.03148148148148148
3 0.37161458333333336 0.5162037037037037 0.013020833333333334 0.041666666666666664
13 0.35520833333333335 0.5185185185185185 0.03333333333333333 0.053703703703703705
13 0.31223958333333335 0.5180555555555556 0.0515625 0.07685185185185185
7 0.30052083333333335 0.5449074074074074 0.008333333333333333 0.03611111111111111
6 0.36041666666666666 0.5412037037037037 0.009375 0.021296296296296296
8 0.35989583333333336 0.5347222222222222 0.00625 0.030555555555555555
6 0.39791666666666664 0.524537037037037 0.003125 0.012037037037037037
8 0.39791666666666664 0.5194444444444445 0.003125 0.011111111111111112
14 0.415625 0.5009259259259259 0.013541666666666667 0.022222222222222223
10 0.43125 0.4699074074074074 0.05416666666666667 0.019444444444444445
13 0.45078125 0.5032407407407408 0.011979166666666667 0.025
6 0.4783854166666667 0.5203703703703704 0.0046875 0.012962962962962963
8 0.47890625 0.5162037037037037 0.0046875 0.01574074074074074
4 0.49244791666666665 0.5273148148148148 0.019270833333333334 0.03611111111111111
13 0.5736979166666667 0.5032407407407408 0.030729166666666665 0.032407407407407406
4 0.5963541666666666 0.513425925925926 0.0125 0.008333333333333333
13 0.9377604166666667 0.5421296296296296 0.12135416666666667 0.11018518518518519