10 0.023697916666666666 0.30833333333333335 0.0296875 0.06111111111111111
2 0.05234375 0.4685185185185185 0.025520833333333333 0.08888888888888889
6 0.09479166666666666 0.4638888888888889 0.042708333333333334 0.07962962962962963
8 0.14505208333333333 0.3972222222222222 0.013020833333333334 0.04259259259259259
6 0.15729166666666666 0.4166666666666667 0.011458333333333333 0.02962962962962963
6 0.14401041666666667 0.4152777777777778 0.009895833333333333 0.023148148148148147
6 0.1859375 0.46944444444444444 0.036458333333333336 0.11666666666666667
4 0.2833333333333333 0.4101851851851852 0.052083333333333336 0.04814814814814815
7 0.2630208333333333 0.41898148148148145 0.025 0.05648148148148148
6 0.26067708333333334 0.5259259259259259 0.10364583333333334 0.11851851851851852
8 0.259375 0.4912037037037037 0.04791666666666667 0.12314814814814815
10 0.2994791666666667 0.3902777777777778 0.0125 0.01574074074074074
10 0.35442708333333334 0.3537037037037037 0.016145833333333335 0.02962962962962963
10 0.35104166666666664 0.3861111111111111 0.009375 0.014814814814814815
10 0.3651041666666667 0.38657407407407407 0.008333333333333333 0.019444444444444445
8 0.33489583333333334 0.41759259259259257 0.009375 0.016666666666666666
6 0.33541666666666664 0.40879629629629627 0.017708333333333333 0.03425925925925926
6 0.36770833333333336 0.4125 0.017708333333333333 0.025
8 0.3971354166666667 0.42824074074074076 0.016145833333333335 0.05277777777777778
6 0.3971354166666667 0.4375 0.013020833333333334 0.03981481481481482
4 0.31171875 0.48148148148148145 0.10052083333333334 0.1259259259259259
4 0.4309895833333333 0.41435185185185186 0.016145833333333335 0.026851851851851852
8 0.42630208333333336 0.41064814814814815 0.008854166666666666 0.032407407407407406
8 0.4244791666666667 0.44675925925925924 0.022916666666666665 0.06759259259259259
6 0.42135416666666664 0.462037037037037 0.023958333333333335 0.05925925925925926
6 0.45598958333333334 0.45 0.0203125 0.05
8 0.4552083333333333 0.43657407407407406 0.014583333333333334 0.05462962962962963
14 0.4583333333333333 0.41435185185185186 0.017708333333333333 0.03425925925925926
14 0.44114583333333335 0.412962962962963 0.011458333333333333 0.03148148148148148
13 0.4981770833333333 0.4203703703703704 0.03802083333333333 0.07222222222222222
6 0.8151041666666666 0.46574074074074073 0.029166666666666667 0.05555555555555555
6 0.8010416666666667 0.4685185185185185 0.023958333333333335 0.04814814814814815
6 0.86875 0.4787037037037037 0.03125 0.053703703703703705
6 0.8846354166666667 0.487962962962963 0.033854166666666664 0.053703703703703705
4 0.9453125 0.4976851851851852 0.1 0.09722222222222222
4 0.9158854166666667 0.7509259259259259 0.1671875 0.4962962962962963
6 0.4244791666666667 0.42407407407407405 0.009375 0.025925925925925925
3 0.46770833333333334 0.4125 0.026041666666666668 0.05277777777777778
6 0.4859375 0.4546296296296296 0.01875 0.05555555555555555
8 0.48489583333333336 0.4388888888888889 0.01875 0.05185185185185185
8 0.3229166666666667 0.41805555555555557 0.00625 0.012037037037037037
7 0.9848958333333333 0.47638888888888886 0.016666666666666666 0.03981481481481482