14 0.3734375 0.5708333333333333 0.0125 0.019444444444444445
6 0.37473958333333335 0.5861111111111111 0.009895833333333333 0.03148148148148148
8 0.37421875 0.5777777777777777 0.009895833333333333 0.037037037037037035
7 0.3828125 0.5819444444444445 0.010416666666666666 0.05277777777777778
6 0.4361979166666667 0.5856481481481481 0.013020833333333334 0.03611111111111111
7 0.44140625 0.6041666666666666 0.0109375 0.05462962962962963
7 0.4236979166666667 0.5648148148148148 0.0046875 0.012962962962962963
7 0.41015625 0.5972222222222222 0.0078125 0.06481481481481481
7 0.42135416666666664 0.5935185185185186 0.013541666666666667 0.07407407407407407
14 0.33645833333333336 0.5689814814814815 0.0125 0.023148148148148147
7 0.33046875 0.5773148148148148 0.0046875 0.026851851851851852
7 0.34270833333333334 0.5745370370370371 0.004166666666666667 0.025
7 0.33619791666666665 0.586574074074074 0.0109375 0.06018518518518518
7 0.30520833333333336 0.5726851851851852 0.007291666666666667 0.030555555555555555
7 0.30963541666666666 0.5587962962962963 0.0026041666666666665 0.008333333333333333
7 0.31223958333333335 0.5712962962962963 0.0067708333333333336 0.03518518518518519
7 0.31927083333333334 0.5847222222222223 0.009375 0.049074074074074076
7 0.32708333333333334 0.586574074074074 0.010416666666666666 0.05648148148148148
7 0.3184895833333333 0.5884259259259259 0.005729166666666666 0.041666666666666664
6 0.30442708333333335 0.5949074074074074 0.022395833333333334 0.03425925925925926
1 0.28619791666666666 0.5694444444444444 0.030729166666666665 0.06481481481481481
7 0.26953125 0.5902777777777778 0.013020833333333334 0.05648148148148148
7 0.35625 0.5777777777777777 0.008333333333333333 0.018518518518518517
7 0.36432291666666666 0.6226851851851852 0.022395833333333334 0.16574074074074074
7 0.3484375 0.6398148148148148 0.030208333333333334 0.15555555555555556
7 0.2955729166666667 0.6685185185185185 0.05364583333333333 0.21666666666666667
7 0.46067708333333335 0.6166666666666667 0.022395833333333334 0.12777777777777777
7 0.4786458333333333 0.6092592592592593 0.019791666666666666 0.1388888888888889
8 0.49635416666666665 0.6291666666666667 0.027083333333333334 0.16203703703703703
6 0.49270833333333336 0.7138888888888889 0.025 0.08518518518518518
8 0.5119791666666667 0.6615740740740741 0.04791666666666667 0.23981481481481481
8 0.5541666666666667 0.6833333333333333 0.08854166666666667 0.2537037037037037
6 0.5528645833333333 0.7736111111111111 0.1203125 0.23796296296296296
7 0.6005208333333333 0.6620370370370371 0.03125 0.19814814814814816
6 0.6598958333333333 0.7662037037037037 0.08125 0.22314814814814815
8 0.6606770833333333 0.7263888888888889 0.07760416666666667 0.31203703703703706
8 0.7244791666666667 0.6370370370370371 0.05625 0.15185185185185185
8 0.7296875 0.7837962962962963 0.08541666666666667 0.425
8 0.7364583333333333 0.6884259259259259 0.06979166666666667 0.16203703703703703
8 0.7653645833333333 0.8009259259259259 0.09427083333333333 0.3925925925925926
8 0.88359375 0.7893518518518519 0.21927083333333333 0.41759259259259257
6 0.83046875 0.9097222222222222 0.33697916666666666 0.17685185185185184
7 0.4005208333333333 0.6328703703703704 0.03229166666666667 0.14907407407407408
7 0.1078125 0.5921296296296297 0.035416666666666666 0.10462962962962963
7 0.11875 0.6134259259259259 0.0375 0.07685185185185185