3 0.0921875 0.5310185185185186 0.184375 0.18425925925925926
6 0.19036458333333334 0.600462962962963 0.027604166666666666 0.04351851851851852
8 0.19505208333333332 0.5851851851851851 0.015104166666666667 0.07037037037037037
8 0.18671875 0.5828703703703704 0.0203125 0.058333333333333334
4 0.37213541666666666 0.5351851851851852 0.0078125 0.012962962962962963
6 0.3614583333333333 0.5550925925925926 0.007291666666666667 0.019444444444444445
8 0.36432291666666666 0.5481481481481482 0.0067708333333333336 0.024074074074074074
8 0.3619791666666667 0.5504629629629629 0.008333333333333333 0.025
8 0.36171875 0.5476851851851852 0.0046875 0.012037037037037037
6 0.29322916666666665 0.5597222222222222 0.008333333333333333 0.021296296296296296
8 0.29296875 0.5532407407407407 0.0078125 0.028703703703703703
14 0.4010416666666667 0.5268518518518519 0.00625 0.012962962962962963
14 0.41041666666666665 0.5310185185185186 0.009375 0.013888888888888888
13 0.4276041666666667 0.5296296296296297 0.026041666666666668 0.03888888888888889
10 0.428125 0.512962962962963 0.009375 0.016666666666666666
6 0.45208333333333334 0.5416666666666666 0.005208333333333333 0.009259259259259259
8 0.45234375 0.5370370370370371 0.0046875 0.014814814814814815
6 0.5046875 0.5518518518518518 0.010416666666666666 0.025925925925925925
8 0.5041666666666667 0.5416666666666666 0.008333333333333333 0.027777777777777776
4 0.6041666666666666 0.5435185185185185 0.01875 0.018518518518518517
4 0.6940104166666666 0.6027777777777777 0.1203125 0.15925925925925927
1 0.7625 0.5481481481481482 0.036458333333333336 0.06111111111111111
10 0.4778645833333333 0.44305555555555554 0.13072916666666667 0.04722222222222222