14 0.5119791666666667 0.524074074074074 0.017708333333333333 0.03148148148148148
4 0.53515625 0.5231481481481481 0.0078125 0.014814814814814815
3 0.60546875 0.5194444444444445 0.008854166666666666 0.037037037037037035
4 0.5307291666666667 0.5314814814814814 0.017708333333333333 0.024074074074074074
13 0.596875 0.5171296296296296 0.013541666666666667 0.05092592592592592
6 0.5111979166666667 0.5398148148148149 0.005729166666666666 0.011111111111111112
3 0.56484375 0.5222222222222223 0.0546875 0.1037037037037037
8 0.51015625 0.5310185185185186 0.009895833333333333 0.019444444444444445
4 0.6236979166666666 0.600925925925926 0.09427083333333333 0.13518518518518519
4 0.4778645833333333 0.5333333333333333 0.019270833333333334 0.02962962962962963
6 0.5200520833333333 0.5430555555555555 0.0078125 0.017592592592592594
6 0.5002604166666667 0.5453703703703704 0.0078125 0.020370370370370372
8 0.5205729166666667 0.5328703703703703 0.0109375 0.026851851851851852
8 0.5 0.5347222222222222 0.010416666666666666 0.030555555555555555
4 0.88515625 0.5916666666666667 0.12447916666666667 0.12222222222222222
13 0.29375 0.5722222222222222 0.13958333333333334 0.2518518518518518
10 0.37057291666666664 0.49907407407407406 0.05260416666666667 0.04259259259259259