7 0.32890625 0.5287037037037037 0.0046875 0.012962962962962963
7 0.32916666666666666 0.5439814814814815 0.010416666666666666 0.025
10 0.4635416666666667 0.5300925925925926 0.011458333333333333 0.012037037037037037
13 0.503125 0.5435185185185185 0.013541666666666667 0.011111111111111112
6 0.4984375 0.549537037037037 0.003125 0.008333333333333333
4 0.47734375 0.5481481481481482 0.005729166666666666 0.011111111111111112
4 0.47239583333333335 0.5518518518518518 0.0125 0.011111111111111112
7 0.46979166666666666 0.5504629629629629 0.004166666666666667 0.013888888888888888
7 0.48411458333333335 0.5615740740740741 0.008854166666666666 0.03981481481481482
14 0.5125 0.5486111111111112 0.007291666666666667 0.01574074074074074
13 0.5205729166666667 0.5449074074074074 0.0140625 0.026851851851851852
1 0.53828125 0.5592592592592592 0.019270833333333334 0.046296296296296294
7 0.5208333333333334 0.5523148148148148 0.004166666666666667 0.017592592592592594
6 0.5182291666666666 0.5652777777777778 0.007291666666666667 0.019444444444444445
8 0.51796875 0.5583333333333333 0.0078125 0.02962962962962963
8 0.4986979166666667 0.5430555555555555 0.0046875 0.010185185185185186