7 0.41796875 0.5462962962962963 0.011979166666666667 0.06111111111111111
4 0.49322916666666666 0.5347222222222222 0.0125 0.017592592592592594
4 0.47994791666666664 0.5324074074074074 0.015104166666666667 0.018518518518518517
7 0.46432291666666664 0.5259259259259259 0.0046875 0.011111111111111112
7 0.46822916666666664 0.5222222222222223 0.005208333333333333 0.011111111111111112
7 0.4708333333333333 0.5263888888888889 0.00625 0.010185185185185186
4 0.46953125 0.5560185185185185 0.025520833333333333 0.05648148148148148
8 0.4828125 0.5342592592592592 0.008333333333333333 0.016666666666666666
8 0.49322916666666666 0.5347222222222222 0.009375 0.019444444444444445
7 0.5033854166666667 0.5328703703703703 0.0078125 0.021296296296296296
13 0.5270833333333333 0.5333333333333333 0.03854166666666667 0.1
1 0.44166666666666665 0.5638888888888889 0.040625 0.09074074074074075
14 0.54765625 0.538425925925926 0.008854166666666666 0.03425925925925926
7 0.5528645833333333 0.5472222222222223 0.0109375 0.05185185185185185
7 0.559375 0.5333333333333333 0.005208333333333333 0.014814814814814815
7 0.56875 0.5254629629629629 0.00625 0.01574074074074074
6 0.5596354166666667 0.5611111111111111 0.009895833333333333 0.040740740740740744
8 0.5638020833333334 0.5402777777777777 0.0078125 0.025
6 0.5713541666666667 0.5861111111111111 0.023958333333333335 0.07037037037037037
8 0.5713541666666667 0.5597222222222222 0.020833333333333332 0.075
4 0.5950520833333334 0.5569444444444445 0.0328125 0.06388888888888888
6 0.6 0.5824074074074074 0.01875 0.05
4 0.6408854166666667 0.5425925925925926 0.07239583333333334 0.08518518518518518
6 0.6145833333333334 0.5935185185185186 0.027083333333333334 0.06666666666666667
6 0.6510416666666666 0.5930555555555556 0.06354166666666666 0.0787037037037037
6 0.67578125 0.575462962962963 0.05364583333333333 0.06018518518518518
6 0.67890625 0.6171296296296296 0.07552083333333333 0.125
6 0.6861979166666666 0.6523148148148148 0.04635416666666667 0.08796296296296297
6 0.8223958333333333 0.5851851851851851 0.027083333333333334 0.05925925925925926
1 0.7575520833333333 0.6138888888888889 0.11614583333333334 0.19444444444444445
6 0.77265625 0.6898148148148148 0.14739583333333334 0.17037037037037037
7 0.92890625 0.5958333333333333 0.034895833333333334 0.11944444444444445
6 0.95625 0.8731481481481481 0.084375 0.2518518518518518
6 0.96484375 0.8814814814814815 0.06927083333333334 0.2351851851851852
7 0.8786458333333333 0.7768518518518519 0.08645833333333333 0.4444444444444444
7 0.63828125 0.6111111111111112 0.0296875 0.1648148148148148
4 0.50234375 0.6106481481481482 0.0984375 0.14166666666666666
6 0.9802083333333333 0.6393518518518518 0.03854166666666667 0.08981481481481482
7 0.3453125 0.5439814814814815 0.008333333333333333 0.0787037037037037
7 0.353125 0.5430555555555555 0.013541666666666667 0.08611111111111111
6 0.303125 0.5606481481481481 0.035416666666666666 0.09537037037037037
7 0.20963541666666666 0.586574074074074 0.0359375 0.15833333333333333
7 0.3927083333333333 0.524537037037037 0.00625 0.03611111111111111
8 0.49609375 0.5222222222222223 0.0046875 0.005555555555555556