14 0.5114583333333333 0.5300925925925926 0.011458333333333333 0.017592592592592594
14 0.5244791666666667 0.5351851851851852 0.014583333333333334 0.016666666666666666
8 0.5122395833333333 0.5513888888888889 0.009895833333333333 0.04537037037037037
8 0.5145833333333333 0.549537037037037 0.010416666666666666 0.041666666666666664
8 0.57265625 0.5435185185185185 0.0067708333333333336 0.022222222222222223
4 0.5708333333333333 0.5592592592592592 0.007291666666666667 0.03333333333333333
13 0.55625 0.5472222222222223 0.027083333333333334 0.05740740740740741
7 0.4825520833333333 0.5569444444444445 0.011979166666666667 0.049074074074074076
7 0.5018229166666667 0.5550925925925926 0.009895833333333333 0.05277777777777778
8 0.521875 0.5513888888888889 0.015625 0.04537037037037037
6 0.52109375 0.5699074074074074 0.0109375 0.032407407407407406
8 0.5411458333333333 0.5532407407407407 0.008333333333333333 0.04722222222222222
8 0.578125 0.5532407407407407 0.007291666666666667 0.032407407407407406
6 0.5815104166666667 0.5638888888888889 0.008854166666666666 0.025925925925925925
8 0.58203125 0.5476851851851852 0.0109375 0.023148148148148147
6 0.6057291666666667 0.562962962962963 0.016666666666666666 0.03148148148148148
6 0.5911458333333334 0.5675925925925925 0.013541666666666667 0.03518518518518519
8 0.5903645833333333 0.5583333333333333 0.013020833333333334 0.04259259259259259
6 0.6591145833333333 0.5768518518518518 0.0203125 0.046296296296296294
6 0.5338541666666666 0.5819444444444445 0.01875 0.05462962962962963
8 0.5341145833333333 0.5574074074074075 0.0203125 0.06111111111111111
7 0.37473958333333335 0.5791666666666667 0.0265625 0.12685185185185185
6 0.8380208333333333 0.6560185185185186 0.046875 0.10277777777777777
4 0.7494791666666667 0.6435185185185185 0.159375 0.20185185185185187