10 0.3385416666666667 0.47962962962962963 0.028125 0.03148148148148148
10 0.32135416666666666 0.5032407407407408 0.05 0.04351851851851852
10 0.4078125 0.5037037037037037 0.00625 0.009259259259259259
10 0.4359375 0.5078703703703704 0.00625 0.012037037037037037
10 0.16302083333333334 0.4828703703703704 0.007291666666666667 0.019444444444444445
10 0.11197916666666667 0.4777777777777778 0.008333333333333333 0.016666666666666666
10 0.07604166666666666 0.4759259259259259 0.007291666666666667 0.012962962962962963
10 0.04869791666666667 0.4842592592592593 0.0067708333333333336 0.012962962962962963
10 0.04088541666666667 0.48703703703703705 0.0067708333333333336 0.011111111111111112
13 0.47708333333333336 0.5157407407407407 0.009375 0.016666666666666666
13 0.4666666666666667 0.5157407407407407 0.011458333333333333 0.03148148148148148
13 0.4557291666666667 0.5162037037037037 0.015625 0.03796296296296296
14 0.48984375 0.5208333333333334 0.0067708333333333336 0.013888888888888888
14 0.4979166666666667 0.5208333333333334 0.008333333333333333 0.012037037037037037
13 0.5049479166666667 0.5152777777777777 0.008854166666666666 0.023148148148148147
13 0.5200520833333333 0.5162037037037037 0.018229166666666668 0.03981481481481482
4 0.50859375 0.5333333333333333 0.018229166666666668 0.024074074074074074
6 0.471875 0.5574074074074075 0.010416666666666666 0.025925925925925925
8 0.47291666666666665 0.5481481481481482 0.0125 0.04259259259259259
4 0.4979166666666667 0.575925925925926 0.057291666666666664 0.08333333333333333
4 0.6903645833333333 0.4726851851851852 0.016145833333333335 0.012037037037037037
6 0.68828125 0.5449074074074074 0.008854166666666666 0.019444444444444445
8 0.6880208333333333 0.538425925925926 0.007291666666666667 0.023148148148148147
3 0.62421875 0.5162037037037037 0.04010416666666667 0.04722222222222222
6 0.6018229166666667 0.5981481481481481 0.03177083333333333 0.07222222222222222
8 0.6020833333333333 0.5722222222222222 0.029166666666666667 0.09814814814814815
8 0.6018229166666667 0.5717592592592593 0.027604166666666666 0.09537037037037037
14 0.19427083333333334 0.4689814814814815 0.015625 0.008333333333333333
4 0.23697916666666666 0.46805555555555556 0.009375 0.004629629629629629