4 0.4625 0.4962962962962963 0.005208333333333333 0.007407407407407408
8 0.46484375 0.500462962962963 0.0046875 0.019444444444444445
6 0.465625 0.5050925925925925 0.005208333333333333 0.019444444444444445
6 0.4440104166666667 0.5037037037037037 0.0046875 0.014814814814814815
8 0.44453125 0.4986111111111111 0.005729166666666666 0.01574074074074074
8 0.4513020833333333 0.4986111111111111 0.0036458333333333334 0.012037037037037037
8 0.45390625 0.5069444444444444 0.0067708333333333336 0.025
8 0.43776041666666665 0.49907407407407406 0.005729166666666666 0.014814814814814815
6 0.43802083333333336 0.5060185185185185 0.00625 0.01574074074074074
6 0.45625 0.5282407407407408 0.010416666666666666 0.028703703703703703
8 0.45625 0.5199074074074074 0.009375 0.03611111111111111
6 0.41640625 0.5277777777777778 0.0109375 0.03148148148148148
8 0.4161458333333333 0.5189814814814815 0.008333333333333333 0.03611111111111111
6 0.44453125 0.5625 0.0203125 0.062037037037037036
8 0.4453125 0.5462962962962963 0.01875 0.07037037037037037
8 0.3963541666666667 0.5185185185185185 0.010416666666666666 0.025925925925925925
6 0.39895833333333336 0.5662037037037037 0.022916666666666665 0.06944444444444445
8 0.39921875 0.5518518518518518 0.021354166666666667 0.07407407407407407
6 0.0875 0.49166666666666664 0.021875 0.022222222222222223
4 0.11432291666666666 0.49675925925925923 0.0484375 0.03425925925925926
6 0.0203125 0.500462962962963 0.021875 0.026851851851851852
6 0.04088541666666667 0.5027777777777778 0.0296875 0.03333333333333333
6 0.2109375 0.7125 0.07604166666666666 0.2175925925925926
8 0.21197916666666666 0.6550925925925926 0.06458333333333334 0.2212962962962963
8 0.7033854166666667 0.524537037037037 0.015104166666666667 0.03611111111111111
8 0.63203125 0.5259259259259259 0.013020833333333334 0.040740740740740744
6 0.63359375 0.538425925925926 0.013020833333333334 0.03796296296296296
4 0.6880208333333333 0.5740740740740741 0.09375 0.10185185185185185
6 0.59765625 0.5282407407407408 0.0109375 0.026851851851851852
8 0.5963541666666666 0.5189814814814815 0.008333333333333333 0.03425925925925926
7 0.5697916666666667 0.5157407407407407 0.005208333333333333 0.025925925925925925
6 0.5651041666666666 0.5199074074074074 0.008333333333333333 0.019444444444444445
8 0.56484375 0.5143518518518518 0.0078125 0.028703703703703703
6 0.525 0.5143518518518518 0.00625 0.01574074074074074
8 0.5239583333333333 0.5083333333333333 0.00625 0.027777777777777776
6 0.010416666666666666 0.9740740740740741 0.020833333333333332 0.046296296296296294