10 0.15104166666666666 0.3625 0.020833333333333332 0.06574074074074074
10 0.3893229166666667 0.4671296296296296 0.016145833333333335 0.03796296296296296
10 0.4510416666666667 0.500462962962963 0.0125 0.025
10 0.3341145833333333 0.4962962962962963 0.005729166666666666 0.016666666666666666
13 0.35833333333333334 0.5226851851851851 0.0625 0.06018518518518518
10 0.45078125 0.5361111111111111 0.0078125 0.011111111111111112
10 0.44609375 0.5361111111111111 0.0046875 0.011111111111111112
14 0.5354166666666667 0.5564814814814815 0.007291666666666667 0.012962962962962963
13 0.6552083333333333 0.5277777777777778 0.03229166666666667 0.024074074074074074
14 0.50546875 0.5587962962962963 0.0046875 0.008333333333333333
14 0.5255208333333333 0.5574074074074075 0.00625 0.009259259259259259