4 0.5533854166666666 0.5439814814814815 0.0078125 0.008333333333333333
8 0.5408854166666667 0.5449074074074074 0.0046875 0.013888888888888888
8 0.5325520833333334 0.5444444444444444 0.0046875 0.011111111111111112
6 0.5333333333333333 0.5476851851851852 0.003125 0.006481481481481481
8 0.52421875 0.5439814814814815 0.0046875 0.012037037037037037
6 0.525 0.5486111111111112 0.005208333333333333 0.012037037037037037
8 0.5208333333333334 0.5458333333333333 0.007291666666666667 0.021296296296296296
6 0.5203125 0.5509259259259259 0.00625 0.014814814814814815
6 0.50859375 0.5638888888888889 0.018229166666666668 0.046296296296296294
8 0.5088541666666667 0.549074074074074 0.016666666666666666 0.06111111111111111
6 0.47734375 0.5513888888888889 0.009895833333333333 0.03425925925925926
8 0.47708333333333336 0.5398148148148149 0.010416666666666666 0.027777777777777776
6 0.4869791666666667 0.5662037037037037 0.01875 0.04351851851851852
8 0.4875 0.5504629629629629 0.014583333333333334 0.058333333333333334
4 0.46067708333333335 0.537962962962963 0.013020833333333334 0.020370370370370372
7 0.4010416666666667 0.5412037037037037 0.010416666666666666 0.03611111111111111
7 0.39114583333333336 0.537962962962963 0.010416666666666666 0.02962962962962963
7 0.378125 0.5351851851851852 0.010416666666666666 0.018518518518518517
4 0.36015625 0.5611111111111111 0.1109375 0.06851851851851852
7 0.29140625 0.5884259259259259 0.0265625 0.08425925925925926
4 0.6098958333333333 0.5504629629629629 0.016666666666666666 0.021296296296296296
4 0.63046875 0.5560185185185185 0.011979166666666667 0.01574074074074074
8 0.6494791666666667 0.5564814814814815 0.008333333333333333 0.020370370370370372
6 0.64921875 0.562962962962963 0.008854166666666666 0.012962962962962963
4 0.6997395833333333 0.5703703703703704 0.016145833333333335 0.03518518518518519
1 0.6734375 0.5657407407407408 0.019791666666666666 0.040740740740740744
6 0.71015625 0.5805555555555556 0.008854166666666666 0.025925925925925925
8 0.7106770833333333 0.5694444444444444 0.0078125 0.03518518518518519
6 0.7309895833333333 0.5805555555555556 0.0140625 0.03333333333333333
8 0.7299479166666667 0.5717592592592593 0.009895833333333333 0.03981481481481482
7 0.7549479166666667 0.5773148148148148 0.013020833333333334 0.03425925925925926
4 0.8002604166666667 0.5893518518518519 0.08072916666666667 0.09907407407407408
7 0.87890625 0.5995370370370371 0.016145833333333335 0.07314814814814814
6 0.8859375 0.6125 0.016666666666666666 0.058333333333333334
8 0.8890625 0.5916666666666667 0.010416666666666666 0.05185185185185185
4 0.95625 0.6314814814814815 0.08541666666666667 0.15185185185185185
4 0.94609375 0.8893518518518518 0.10677083333333333 0.21944444444444444