10 0.43854166666666666 0.5222222222222223 0.007291666666666667 0.016666666666666666
13 0.5604166666666667 0.5449074074074074 0.009375 0.013888888888888888
13 0.5325520833333334 0.5291666666666667 0.0067708333333333336 0.03425925925925926
13 0.54375 0.5296296296296297 0.020833333333333332 0.044444444444444446
4 0.5393229166666667 0.5472222222222223 0.0067708333333333336 0.022222222222222223
4 0.5481770833333334 0.5467592592592593 0.019270833333333334 0.030555555555555555
4 0.5236979166666667 0.5476851851851852 0.0171875 0.025
4 0.5052083333333334 0.5601851851851852 0.03333333333333333 0.05
6 0.475 0.5537037037037037 0.013541666666666667 0.014814814814814815
7 0.47239583333333335 0.5509259259259259 0.00625 0.02962962962962963
6 0.41171875 0.5731481481481482 0.0140625 0.044444444444444446
8 0.40989583333333335 0.5666666666666667 0.015625 0.05555555555555555