13 0.6794270833333333 0.5430555555555555 0.008854166666666666 0.013888888888888888
4 0.66875 0.5564814814814815 0.008333333333333333 0.012962962962962963
8 0.6752604166666667 0.549074074074074 0.0046875 0.011111111111111112
4 0.6783854166666666 0.5527777777777778 0.0078125 0.014814814814814815
6 0.66796875 0.5671296296296297 0.0067708333333333336 0.012037037037037037
6 0.6713541666666667 0.5666666666666667 0.005208333333333333 0.016666666666666666
8 0.6671875 0.5592592592592592 0.005208333333333333 0.014814814814814815
8 0.6713541666666667 0.5583333333333333 0.004166666666666667 0.011111111111111112
6 0.68125 0.5689814814814815 0.00625 0.012037037037037037
8 0.68046875 0.5638888888888889 0.005729166666666666 0.022222222222222223
4 0.69296875 0.5648148148148148 0.019270833333333334 0.027777777777777776
4 0.7111979166666667 0.5662037037037037 0.0203125 0.030555555555555555
6 0.7247395833333333 0.5763888888888888 0.021354166666666667 0.013888888888888888
8 0.7229166666666667 0.5606481481481481 0.015625 0.041666666666666664
13 0.7721354166666666 0.5550925925925926 0.0828125 0.08055555555555556
4 0.8330729166666667 0.5745370370370371 0.0234375 0.032407407407407406
4 0.9734375 0.5875 0.052083333333333336 0.07685185185185185
14 0.5643229166666667 0.5481481481481482 0.0078125 0.016666666666666666
4 0.5598958333333334 0.5513888888888889 0.0125 0.017592592592592594
6 0.5575520833333333 0.5583333333333333 0.0036458333333333334 0.009259259259259259
8 0.5575520833333333 0.5523148148148148 0.0036458333333333334 0.013888888888888888
8 0.5153645833333333 0.5425925925925926 0.005729166666666666 0.009259259259259259
1 0.5393229166666667 0.5527777777777778 0.021354166666666667 0.05185185185185185
14 0.5036458333333333 0.5398148148148149 0.010416666666666666 0.011111111111111112
3 0.47265625 0.5328703703703703 0.0515625 0.09537037037037037
4 0.5052083333333334 0.5787037037037037 0.04375 0.06666666666666667
6 0.18333333333333332 0.5972222222222222 0.034375 0.07777777777777778
8 0.18255208333333334 0.5777777777777777 0.024479166666666666 0.09074074074074075
8 0.3138020833333333 0.5944444444444444 0.0109375 0.08703703703703704
8 0.32526041666666666 0.5893518518518519 0.0359375 0.11944444444444445
6 0.321875 0.6231481481481481 0.03229166666666667 0.09259259259259259
6 0.9638020833333333 0.9263888888888889 0.07135416666666666 0.14537037037037037
8 0.4083333333333333 0.5421296296296296 0.003125 0.006481481481481481
8 0.4119791666666667 0.5611111111111111 0.009375 0.046296296296296294
6 0.41067708333333336 0.575462962962963 0.011979166666666667 0.023148148148148147
8 0.39401041666666664 0.6435185185185185 0.06302083333333333 0.20185185185185187
6 0.8583333333333333 0.8291666666666667 0.21666666666666667 0.3398148148148148
8 0.8377604166666667 0.7643518518518518 0.14114583333333333 0.44166666666666665
8 0.9072916666666667 0.7703703703703704 0.15625 0.45555555555555555
8 0.6505208333333333 0.5578703703703703 0.010416666666666666 0.019444444444444445
6 0.6502604166666667 0.5657407407407408 0.008854166666666666 0.011111111111111112
6 0.39296875 0.7148148148148148 0.0703125 0.17222222222222222