7 0.6703125 0.44907407407407407 0.011458333333333333 0.03888888888888889
7 0.6986979166666667 0.4486111111111111 0.011979166666666667 0.04537037037037037
13 0.4703125 0.43472222222222223 0.010416666666666666 0.03796296296296296
4 0.4752604166666667 0.44351851851851853 0.0140625 0.024074074074074074
4 0.4510416666666667 0.43194444444444446 0.017708333333333333 0.010185185185185186
4 0.44921875 0.45555555555555555 0.025520833333333333 0.040740740740740744
1 0.3958333333333333 0.5236111111111111 0.084375 0.18796296296296297
7 0.3536458333333333 0.44907407407407407 0.010416666666666666 0.05740740740740741
6 0.334375 0.5333333333333333 0.040625 0.1111111111111111
8 0.33098958333333334 0.4976851851851852 0.04010416666666667 0.12314814814814815
4 0.49765625 0.4648148148148148 0.0390625 0.06481481481481481
4 0.5528645833333333 0.5254629629629629 0.1109375 0.15462962962962962
7 0.43671875 0.43425925925925923 0.0046875 0.027777777777777776
6 0.43359375 0.45046296296296295 0.0046875 0.023148148148148147
8 0.4309895833333333 0.43472222222222223 0.0078125 0.019444444444444445
13 0.4786458333333333 0.42453703703703705 0.0125 0.028703703703703703
14 0.4630208333333333 0.4398148148148148 0.005208333333333333 0.020370370370370372
8 0.45807291666666666 0.4356481481481482 0.005729166666666666 0.012037037037037037