3 0.3807291666666667 0.399537037037037 0.007291666666666667 0.05092592592592592
8 0.3684895833333333 0.40879629629629627 0.0078125 0.012037037037037037
10 0.31666666666666665 0.35138888888888886 0.01875 0.04537037037037037
7 0.31145833333333334 0.41574074074074074 0.009375 0.037037037037037035
7 0.37447916666666664 0.4097222222222222 0.007291666666666667 0.013888888888888888
4 0.34869791666666666 0.4305555555555556 0.07239583333333334 0.03148148148148148
8 0.3106770833333333 0.4356481481481482 0.008854166666666666 0.025
8 0.30390625 0.43657407407407406 0.0078125 0.023148148148148147
8 0.2994791666666667 0.4393518518518518 0.015625 0.026851851851851852
8 0.28828125 0.44027777777777777 0.016145833333333335 0.030555555555555555
8 0.27682291666666664 0.4412037037037037 0.013020833333333334 0.030555555555555555
8 0.2671875 0.4462962962962963 0.010416666666666666 0.020370370370370372
8 0.24765625 0.44027777777777777 0.016145833333333335 0.025
8 0.21979166666666666 0.44351851851851853 0.011458333333333333 0.016666666666666666
8 0.20885416666666667 0.44166666666666665 0.009375 0.024074074074074074
7 0.20026041666666666 0.43333333333333335 0.011979166666666667 0.03518518518518519
8 0.19348958333333333 0.44074074074074077 0.011979166666666667 0.018518518518518517
8 0.18489583333333334 0.4444444444444444 0.019791666666666666 0.022222222222222223
7 0.07265625 0.45925925925925926 0.03177083333333333 0.1425925925925926
4 0.1796875 0.6046296296296296 0.196875 0.3111111111111111
4 0.3807291666666667 0.7148148148148148 0.31145833333333334 0.5685185185185185
6 0.2015625 0.7875 0.065625 0.23981481481481481
8 0.22291666666666668 0.5648148148148148 0.07083333333333333 0.23703703703703705
1 0.02109375 0.7328703703703704 0.0421875 0.5324074074074074
13 0.47630208333333335 0.4111111111111111 0.18802083333333333 0.4722222222222222
4 0.5734375 0.4162037037037037 0.013541666666666667 0.021296296296296296
4 0.6028645833333334 0.4203703703703704 0.0140625 0.022222222222222223
6 0.675 0.43703703703703706 0.01875 0.027777777777777776
6 0.8174479166666667 0.5370370370370371 0.05260416666666667 0.10185185185185185
8 0.8208333333333333 0.5162037037037037 0.04375 0.12685185185185185
7 0.6572916666666667 0.44305555555555554 0.008333333333333333 0.04537037037037037
7 0.5890625 0.43287037037037035 0.008333333333333333 0.021296296296296296
7 0.5830729166666667 0.4356481481481482 0.005729166666666666 0.030555555555555555
1 0.5739583333333333 0.4398148148148148 0.016666666666666666 0.040740740740740744