4 0.46927083333333336 0.538425925925926 0.007291666666666667 0.012037037037037037
4 0.5377604166666666 0.5407407407407407 0.015104166666666667 0.020370370370370372
13 0.6302083333333334 0.5435185185185185 0.027083333333333334 0.040740740740740744
6 0.60546875 0.5546296296296296 0.011979166666666667 0.012962962962962963
8 0.60546875 0.5509259259259259 0.005729166666666666 0.020370370370370372
7 0.609375 0.5453703703703704 0.003125 0.009259259259259259
7 0.6135416666666667 0.5472222222222223 0.003125 0.014814814814814815
14 0.4625 0.5365740740740741 0.007291666666666667 0.012037037037037037
14 0.309375 0.5064814814814815 0.020833333333333332 0.022222222222222223
14 0.2747395833333333 0.49722222222222223 0.028645833333333332 0.024074074074074074
13 0.18177083333333333 0.4537037037037037 0.06875 0.07592592592592592