3 0.5015625 0.45069444444444445 0.021875 0.03194444444444444
14 0.522265625 0.4625 0.01796875 0.013888888888888888
14 0.483203125 0.46111111111111114 0.01171875 0.025
8 0.52421875 0.46458333333333335 0.009375 0.009722222222222222
14 0.478125 0.47291666666666665 0.0140625 0.0375
1 0.467578125 0.47152777777777777 0.01328125 0.0375
1 0.4921875 0.475 0.015625 0.030555555555555555
8 0.477734375 0.47708333333333336 0.01484375 0.0375
14 0.503125 0.47152777777777777 0.025 0.0125
8 0.41875 0.46944444444444444 0.0046875 0.022222222222222223
1 0.452734375 0.4777777777777778 0.03203125 0.03888888888888889
8 0.426953125 0.4798611111111111 0.01015625 0.0375
4 0.525 0.5361111111111111 0.084375 0.1361111111111111
13 0.591796875 0.4638888888888889 0.08671875 0.11666666666666667
6 0.56484375 0.5194444444444445 0.0125 0.058333333333333334
8 0.549609375 0.46597222222222223 0.00859375 0.009722222222222222
4 0.704296875 0.48541666666666666 0.03671875 0.03194444444444444
8 0.6359375 0.475 0.003125 0.008333333333333333
8 0.6421875 0.46875 0.0046875 0.015277777777777777
4 0.673046875 0.47291666666666665 0.04140625 0.006944444444444444
8 0.647265625 0.47152777777777777 0.00703125 0.006944444444444444
8 0.659375 0.4701388888888889 0.0046875 0.006944444444444444
1 0.60234375 0.5083333333333333 0.0640625 0.10277777777777777
8 0.68828125 0.4666666666666667 0.00625 0.011111111111111112
8 0.69609375 0.4666666666666667 0.00625 0.011111111111111112
8 0.84375 0.49236111111111114 0.0171875 0.02361111111111111
4 0.8296875 0.5298611111111111 0.0703125 0.09027777777777778
6 0.850390625 0.5104166666666666 0.01640625 0.018055555555555554
8 0.75 0.4618055555555556 0.0109375 0.009722222222222222
4 0.769140625 0.5243055555555556 0.10234375 0.1125
8 0.434765625 0.48125 0.01796875 0.029166666666666667
4 0.667578125 0.5576388888888889 0.11171875 0.1625
6 0.44296875 0.4888888888888889 0.00625 0.016666666666666666
6 0.5921875 0.5736111111111111 0.04375 0.1111111111111111
8 0.59296875 0.5506944444444445 0.046875 0.1763888888888889
6 0.61875 0.6340277777777777 0.075 0.17916666666666667
8 0.615625 0.5666666666666667 0.065625 0.18611111111111112
6 0.77890625 0.6826388888888889 0.0375 0.1625
8 0.756640625 0.5375 0.03984375 0.13333333333333333
6 0.723828125 0.7597222222222222 0.12265625 0.2972222222222222
8 0.720703125 0.6479166666666667 0.10546875 0.33194444444444443
4 0.98125 0.5881944444444445 0.0359375 0.13472222222222222
7 0.28125 0.4576388888888889 0.0125 0.0375
4 0.362890625 0.5458333333333333 0.12890625 0.18055555555555555
4 0.468359375 0.6555555555555556 0.20390625 0.3333333333333333
6 0.275 0.5652777777777778 0.05625 0.10277777777777777
8 0.2859375 0.5465277777777777 0.0421875 0.15694444444444444
7 0.288671875 0.4597222222222222 0.00859375 0.03611111111111111
6 0.22265625 0.5819444444444445 0.0828125 0.15555555555555556
8 0.2265625 0.5284722222222222 0.0484375 0.10416666666666667
6 0.235546875 0.6083333333333333 0.08671875 0.19444444444444445
8 0.238671875 0.5743055555555555 0.06640625 0.19305555555555556
13 0.085546875 0.425 0.16953125 0.35833333333333334
6 0.1046875 0.6805555555555556 0.115625 0.2111111111111111
8 0.105859375 0.6166666666666667 0.08515625 0.2611111111111111
13 0.054296875 0.7 0.10859375 0.5972222222222222
14 0.958203125 0.8868055555555555 0.08203125 0.22083333333333333
14 0.53984375 0.46041666666666664 0.0140625 0.015277777777777777