10 0.12630208333333334 0.2935185185185185 0.018229166666666668 0.03518518518518519
3 0.22916666666666666 0.41944444444444445 0.0625 0.05925925925925926
4 0.18203125 0.4263888888888889 0.016145833333333335 0.025
4 0.19244791666666666 0.42962962962962964 0.019270833333333334 0.024074074074074074
4 0.25807291666666665 0.4439814814814815 0.034895833333333334 0.05462962962962963
4 0.2911458333333333 0.44166666666666665 0.03229166666666667 0.03888888888888889
4 0.26796875 0.4361111111111111 0.027604166666666666 0.040740740740740744
4 0.3104166666666667 0.4388888888888889 0.023958333333333335 0.03518518518518519
7 0.27890625 0.44027777777777777 0.0078125 0.03981481481481482
7 0.31588541666666664 0.4439814814814815 0.005729166666666666 0.03611111111111111
6 0.3260416666666667 0.4486111111111111 0.011458333333333333 0.023148148148148147
8 0.32395833333333335 0.44305555555555554 0.005208333333333333 0.03425925925925926
1 0.334375 0.44074074074074077 0.019791666666666666 0.03333333333333333
1 0.35442708333333334 0.43842592592592594 0.016145833333333335 0.025
8 0.3653645833333333 0.4444444444444444 0.008854166666666666 0.037037037037037035
6 0.3651041666666667 0.45046296296296295 0.015625 0.025
9 0.39557291666666666 0.38101851851851853 0.005729166666666666 0.021296296296296296
7 0.40911458333333334 0.4439814814814815 0.0078125 0.01574074074074074
7 0.4278645833333333 0.4388888888888889 0.0036458333333333334 0.016666666666666666
7 0.4231770833333333 0.44305555555555554 0.0046875 0.017592592592592594
9 0.4869791666666667 0.3212962962962963 0.022916666666666665 0.011111111111111112
10 0.5046875 0.4023148148148148 0.03333333333333333 0.013888888888888888
6 0.3455729166666667 0.48935185185185187 0.027604166666666666 0.06388888888888888
8 0.34453125 0.45046296296296295 0.027604166666666666 0.06018518518518518
8 0.346875 0.4648148148148148 0.023958333333333335 0.08148148148148149
4 0.45078125 0.5564814814814815 0.14114583333333333 0.21296296296296297
4 0.47213541666666664 0.4476851851851852 0.008854166666666666 0.010185185185185186
14 0.47942708333333334 0.4462962962962963 0.005729166666666666 0.016666666666666666
7 0.4703125 0.44722222222222224 0.003125 0.009259259259259259
4 0.49166666666666664 0.45555555555555555 0.025 0.03888888888888889
4 0.5119791666666667 0.4537037037037037 0.014583333333333334 0.02962962962962963
13 0.5309895833333333 0.43148148148148147 0.03697916666666667 0.07777777777777778
7 0.5109375 0.45231481481481484 0.005208333333333333 0.025
4 0.534375 0.4615740740740741 0.03229166666666667 0.05092592592592592
4 0.5786458333333333 0.4847222222222222 0.06979166666666667 0.09351851851851851
8 0.6020833333333333 0.4462962962962963 0.00625 0.016666666666666666
8 0.609375 0.4615740740740741 0.008333333333333333 0.04351851851851852
8 0.6127604166666667 0.46296296296296297 0.0046875 0.03888888888888889
6 0.60859375 0.4666666666666667 0.011979166666666667 0.03148148148148148
6 0.62578125 0.4625 0.008854166666666666 0.025
8 0.6252604166666667 0.44907407407407407 0.0067708333333333336 0.014814814814814815
13 0.6703125 0.4412037037037037 0.06354166666666666 0.10277777777777777
4 0.71171875 0.4708333333333333 0.018229166666666668 0.04722222222222222
6 0.6919270833333333 0.4828703703703704 0.0203125 0.017592592592592594
1 0.7315104166666667 0.4699074074074074 0.03177083333333333 0.06018518518518518
1 0.7497395833333333 0.4708333333333333 0.0109375 0.05092592592592592
13 0.7807291666666667 0.46111111111111114 0.053125 0.09814814814814815
4 0.8411458333333334 0.4875 0.09583333333333334 0.10277777777777777
7 0.87265625 0.45185185185185184 0.011979166666666667 0.018518518518518517
6 0.90390625 0.48333333333333334 0.0078125 0.025925925925925925
6 0.9166666666666666 0.48009259259259257 0.008333333333333333 0.032407407407407406
6 0.9307291666666667 0.48055555555555557 0.0125 0.03888888888888889
7 0.9890625 0.47962962962962963 0.014583333333333334 0.04259259259259259
4 0.9901041666666667 0.5356481481481481 0.016666666666666666 0.12314814814814815
6 0.9567708333333333 0.562037037037037 0.057291666666666664 0.14814814814814814
8 0.9505208333333334 0.55 0.057291666666666664 0.20185185185185187
4 0.9026041666666667 0.7912037037037037 0.19375 0.41574074074074074
10 0.0953125 0.11435185185185186 0.029166666666666667 0.07685185185185185
14 0.49375 0.43333333333333335 0.021875 0.005555555555555556
13 0.5104166666666666 0.4300925925925926 0.007291666666666667 0.021296296296296296
8 0.5625 0.43333333333333335 0.00625 0.009259259259259259
6 0.94296875 0.4787037037037037 0.013020833333333334 0.03518518518518519