9 0.83125 0.274537037037037 0.014583333333333334 0.05648148148148148
9 0.85859375 0.2513888888888889 0.019270833333333334 0.05462962962962963
14 0.9020833333333333 0.3824074074074074 0.03229166666666667 0.05
7 0.8244791666666667 0.3611111111111111 0.014583333333333334 0.040740740740740744
7 0.8994791666666667 0.37222222222222223 0.010416666666666666 0.040740740740740744
7 0.8864583333333333 0.37222222222222223 0.010416666666666666 0.03148148148148148
7 0.83125 0.3578703703703704 0.007291666666666667 0.021296296296296296
1 0.8572916666666667 0.3726851851851852 0.059375 0.025
8 0.8927083333333333 0.375 0.008333333333333333 0.012962962962962963
8 0.8966145833333333 0.399537037037037 0.022395833333333334 0.06388888888888888
4 0.9424479166666667 0.41805555555555557 0.07135416666666666 0.09907407407407408
4 0.9763020833333333 0.5180555555555556 0.04635416666666667 0.24351851851851852
7 0.7986979166666667 0.34814814814814815 0.0109375 0.024074074074074074
7 0.8036458333333333 0.350462962962963 0.015625 0.019444444444444445
7 0.78671875 0.34814814814814815 0.013020833333333334 0.027777777777777776
10 0.7721354166666666 0.25833333333333336 0.024479166666666666 0.044444444444444446
7 0.76484375 0.3490740740740741 0.008854166666666666 0.016666666666666666
7 0.62578125 0.36574074074074076 0.0203125 0.053703703703703705
7 0.41015625 0.425 0.0453125 0.2351851851851852
10 0.4161458333333333 0.22268518518518518 0.05416666666666667 0.09166666666666666
6 0.89375 0.4152777777777778 0.0125 0.026851851851851852
1 0.7653645833333333 0.3662037037037037 0.05572916666666667 0.021296296296296296
1 0.6994791666666667 0.3712962962962963 0.08229166666666667 0.020370370370370372
1 0.4901041666666667 0.525 0.18958333333333333 0.3074074074074074
4 0.8622395833333333 0.45185185185185184 0.09427083333333333 0.14074074074074075
4 0.7197916666666667 0.5916666666666667 0.3458333333333333 0.4685185185185185
6 0.13854166666666667 0.6472222222222223 0.27708333333333335 0.32592592592592595
8 0.13723958333333333 0.5990740740740741 0.19114583333333332 0.3537037037037037
6 0.3625 0.7134259259259259 0.23541666666666666 0.39351851851851855
8 0.3776041666666667 0.6 0.13125 0.37777777777777777
4 0.15442708333333333 0.8606481481481482 0.30885416666666665 0.27685185185185185
3 0.9578125 0.35 0.08333333333333333 0.12962962962962962
10 0.4171875 0.3 0.028125 0.018518518518518517