3 0.5026041666666666 0.4337962962962963 0.01875 0.04351851851851852
3 0.4356770833333333 0.4287037037037037 0.12239583333333333 0.14629629629629629
13 0.30859375 0.47962962962962963 0.1859375 0.30925925925925923
4 0.409375 0.48703703703703705 0.05416666666666667 0.08333333333333333
1 0.5028645833333333 0.44675925925925924 0.0171875 0.03425925925925926
8 0.49661458333333336 0.4537037037037037 0.0067708333333333336 0.027777777777777776
8 0.4984375 0.45046296296296295 0.00625 0.030555555555555555
10 0.47734375 0.4759259259259259 0.0046875 0.009259259259259259
10 0.49557291666666664 0.46574074074074073 0.0036458333333333334 0.005555555555555556
10 0.4513020833333333 0.49444444444444446 0.0046875 0.009259259259259259
10 0.38567708333333334 0.5337962962962963 0.009895833333333333 0.017592592592592594
4 0.09479166666666666 0.6759259259259259 0.18958333333333333 0.26666666666666666
10 0.09557291666666666 0.7273148148148149 0.0296875 0.04722222222222222
3 0.11145833333333334 0.44027777777777777 0.22291666666666668 0.4324074074074074
14 0.5197916666666667 0.4425925925925926 0.013541666666666667 0.02962962962962963
13 0.5421875 0.4476851851851852 0.03854166666666667 0.10462962962962963
13 0.5848958333333333 0.4388888888888889 0.025 0.05925925925925926
7 0.60703125 0.44305555555555554 0.0067708333333333336 0.032407407407407406
7 0.5997395833333333 0.44305555555555554 0.0046875 0.026851851851851852
4 0.5653645833333333 0.4615740740740741 0.015104166666666667 0.04722222222222222
6 0.59296875 0.5074074074074074 0.028645833333333332 0.07962962962962963
8 0.5955729166666667 0.4810185185185185 0.03177083333333333 0.09166666666666666
6 0.6174479166666667 0.47824074074074074 0.015104166666666667 0.04722222222222222
8 0.6161458333333333 0.46620370370370373 0.013541666666666667 0.05648148148148148
6 0.6338541666666667 0.5 0.030208333333333334 0.06851851851851852
8 0.63203125 0.47685185185185186 0.0265625 0.08703703703703704
6 0.703125 0.5125 0.03229166666666667 0.10462962962962963
8 0.6997395833333333 0.47314814814814815 0.034895833333333334 0.06851851851851852
6 0.6809895833333334 0.6763888888888889 0.10572916666666667 0.30092592592592593
8 0.6809895833333334 0.5837962962962963 0.09739583333333333 0.30648148148148147
6 0.8028645833333333 0.6282407407407408 0.09010416666666667 0.21944444444444444
8 0.7744791666666667 0.5462962962962963 0.03333333333333333 0.22037037037037038
8 0.8018229166666667 0.5560185185185185 0.0640625 0.24166666666666667