14 0.53671875 0.5560185185185185 0.0109375 0.021296296296296296
7 0.5348958333333333 0.5657407407407408 0.007291666666666667 0.046296296296296294
6 0.5424479166666667 0.5662037037037037 0.0109375 0.026851851851851852
8 0.5416666666666666 0.5606481481481481 0.008333333333333333 0.03796296296296296
7 0.5494791666666666 0.5439814814814815 0.005208333333333333 0.017592592592592594
6 0.5486979166666667 0.5814814814814815 0.0109375 0.040740740740740744
8 0.5502604166666667 0.5680555555555555 0.0109375 0.05277777777777778
6 0.55859375 0.5884259259259259 0.0171875 0.05277777777777778
8 0.5583333333333333 0.575925925925926 0.016666666666666666 0.06481481481481481
7 0.5721354166666667 0.5657407407407408 0.011979166666666667 0.05185185185185185
7 0.57734375 0.5481481481481482 0.0078125 0.024074074074074074
7 0.5921875 0.55 0.009375 0.03518518518518519
7 0.61171875 0.5648148148148148 0.0109375 0.03518518518518519
7 0.6171875 0.5648148148148148 0.010416666666666666 0.03518518518518519
7 0.6302083333333334 0.5921296296296297 0.017708333333333333 0.09907407407407408
8 0.6481770833333333 0.5574074074074075 0.013020833333333334 0.03148148148148148
8 0.64921875 0.5861111111111111 0.021354166666666667 0.0962962962962963
8 0.6606770833333333 0.5810185185185185 0.0359375 0.08796296296296297
6 0.6471354166666666 0.6037037037037037 0.015104166666666667 0.018518518518518517
7 0.73125 0.5685185185185185 0.013541666666666667 0.016666666666666666
7 0.7841145833333333 0.5481481481481482 0.03697916666666667 0.06851851851851852
7 0.8098958333333334 0.5523148148148148 0.027083333333333334 0.05648148148148148
7 0.8440104166666667 0.575462962962963 0.015104166666666667 0.026851851851851852
7 0.8716145833333333 0.5680555555555555 0.0484375 0.0824074074074074
7 0.9291666666666667 0.6138888888888889 0.03854166666666667 0.12037037037037036
8 0.5708333333333333 0.6078703703703704 0.021875 0.11574074074074074
8 0.578125 0.6129629629629629 0.03229166666666667 0.1388888888888889
6 0.60078125 0.6925925925925925 0.059895833333333336 0.16666666666666666
8 0.6028645833333334 0.6425925925925926 0.059895833333333336 0.20555555555555555
7 0.5026041666666666 0.5717592592592593 0.013541666666666667 0.062037037037037036
7 0.51796875 0.5638888888888889 0.008854166666666666 0.05
7 0.5083333333333333 0.5824074074074074 0.01875 0.08703703703703704
7 0.5244791666666667 0.5847222222222223 0.01875 0.08611111111111111
4 0.5263020833333333 0.5694444444444444 0.021354166666666667 0.03518518518518519
7 0.49453125 0.6787037037037037 0.0546875 0.2388888888888889
7 0.31875 0.5583333333333333 0.0375 0.16296296296296298
7 0.2677083333333333 0.5273148148148148 0.046875 0.2361111111111111
7 0.2234375 0.5606481481481481 0.027083333333333334 0.1527777777777778
7 0.19973958333333333 0.5305555555555556 0.04635416666666667 0.22592592592592592
7 0.17057291666666666 0.5305555555555556 0.0484375 0.19814814814814816
7 0.1234375 0.5263888888888889 0.03854166666666667 0.2064814814814815
7 0.08802083333333334 0.5064814814814815 0.030208333333333334 0.22592592592592592
7 0.06328125 0.5203703703703704 0.0546875 0.2388888888888889
7 0.021614583333333333 0.5060185185185185 0.0421875 0.30277777777777776
7 0.45703125 0.7300925925925926 0.08385416666666666 0.4842592592592593
7 0.35572916666666665 0.7555555555555555 0.071875 0.3537037037037037
7 0.36354166666666665 0.7699074074074074 0.10208333333333333 0.4564814814814815
4 0.8052083333333333 0.7865740740740741 0.38645833333333335 0.425