3 0.69296875 0.5453703703703704 0.0078125 0.018518518518518517
4 0.7078125 0.5444444444444444 0.009375 0.007407407407407408
14 0.71875 0.5532407407407407 0.011458333333333333 0.008333333333333333
13 0.6760416666666667 0.5541666666666667 0.03229166666666667 0.03796296296296296
4 0.6947916666666667 0.5601851851851852 0.00625 0.018518518518518517
4 0.7057291666666666 0.5634259259259259 0.021875 0.030555555555555555
4 0.7088541666666667 0.5657407407407408 0.021875 0.024074074074074074
4 0.7799479166666666 0.5736111111111111 0.0140625 0.028703703703703703
4 0.7677083333333333 0.5763888888888888 0.025 0.028703703703703703
4 0.7541666666666667 0.5722222222222222 0.022916666666666665 0.03333333333333333
4 0.73515625 0.5694444444444444 0.04114583333333333 0.03148148148148148
4 0.8177083333333334 0.5648148148148148 0.016666666666666666 0.012962962962962963
13 0.8408854166666667 0.5625 0.027604166666666666 0.021296296296296296
1 0.8166666666666667 0.5824074074074074 0.014583333333333334 0.027777777777777776
4 0.8283854166666667 0.5796296296296296 0.0109375 0.020370370370370372
4 0.8403645833333333 0.5824074074074074 0.013020833333333334 0.027777777777777776
4 0.8778645833333333 0.586574074074074 0.0359375 0.03796296296296296
4 0.890625 0.5939814814814814 0.016666666666666666 0.030555555555555555
8 0.9028645833333333 0.5888888888888889 0.009895833333333333 0.04259259259259259
8 0.90625 0.5949074074074074 0.004166666666666667 0.032407407407407406
6 0.8424479166666666 0.7546296296296297 0.19635416666666666 0.22592592592592592
8 0.8361979166666667 0.6773148148148148 0.09010416666666667 0.23425925925925925
13 0.5854166666666667 0.5333333333333333 0.017708333333333333 0.03148148148148148
4 0.5591145833333333 0.5458333333333333 0.005729166666666666 0.008333333333333333
1 0.57265625 0.5416666666666666 0.024479166666666666 0.022222222222222223
14 0.5484375 0.5444444444444444 0.007291666666666667 0.012962962962962963
8 0.55390625 0.5453703703703704 0.0078125 0.011111111111111112
8 0.5375 0.5435185185185185 0.003125 0.005555555555555556
6 0.5395833333333333 0.5592592592592592 0.005208333333333333 0.009259259259259259
8 0.53984375 0.5527777777777778 0.008854166666666666 0.027777777777777776
4 0.5549479166666667 0.5949074074074074 0.05260416666666667 0.09166666666666666
6 0.5921875 0.6615740740740741 0.06666666666666667 0.11018518518518519
8 0.57734375 0.6157407407407407 0.0328125 0.13148148148148148
8 0.5989583333333334 0.6074074074074074 0.04583333333333333 0.1425925925925926
3 0.47890625 0.5310185185185186 0.07135416666666666 0.1287037037037037
6 0.15208333333333332 0.6046296296296296 0.046875 0.09444444444444444
8 0.15234375 0.575 0.028645833333333332 0.10555555555555556
6 0.39791666666666664 0.5935185185185186 0.025 0.06111111111111111
8 0.39947916666666666 0.5731481481481482 0.014583333333333334 0.07777777777777778
8 0.39479166666666665 0.5694444444444444 0.022916666666666665 0.06851851851851852
1 0.5192708333333333 0.5560185185185185 0.015625 0.04537037037037037