13 0.05364583333333333 0.5259259259259259 0.10729166666666666 0.6851851851851852
10 0.21223958333333334 0.39351851851851855 0.018229166666666668 0.05555555555555555
10 0.33984375 0.49953703703703706 0.005729166666666666 0.01574074074074074
13 0.35260416666666666 0.5203703703703704 0.05625 0.06666666666666667
10 0.40520833333333334 0.4773148148148148 0.015625 0.03425925925925926
10 0.4588541666666667 0.5078703703703704 0.010416666666666666 0.025
10 0.4546875 0.5393518518518519 0.0125 0.013888888888888888
14 0.46875 0.5175925925925926 0.004166666666666667 0.003703703703703704
14 0.47760416666666666 0.5180555555555556 0.005208333333333333 0.004629629629629629
4 0.5067708333333333 0.5587962962962963 0.009375 0.012037037037037037
14 0.5375 0.5592592592592592 0.007291666666666667 0.011111111111111112
13 0.6408854166666667 0.5356481481481481 0.027604166666666666 0.021296296296296296
6 0.9966145833333333 0.5976851851851852 0.0026041666666666665 0.025
8 0.996875 0.575 0.004166666666666667 0.03518518518518519