4 0.6291666666666667 0.562037037037037 0.016666666666666666 0.020370370370370372
14 0.6966145833333334 0.549537037037037 0.0109375 0.017592592592592594
4 0.6984375 0.5717592592592593 0.01875 0.028703703703703703
6 0.7166666666666667 0.5805555555555556 0.013541666666666667 0.018518518518518517
8 0.7145833333333333 0.5712962962962963 0.010416666666666666 0.020370370370370372
4 0.746875 0.575462962962963 0.022916666666666665 0.028703703703703703
6 0.73125 0.5842592592592593 0.016666666666666666 0.016666666666666666
8 0.7247395833333333 0.5685185185185185 0.0067708333333333336 0.03333333333333333
8 0.7322916666666667 0.5694444444444444 0.010416666666666666 0.03518518518518519
8 0.7619791666666667 0.5763888888888888 0.007291666666666667 0.032407407407407406
8 0.7721354166666666 0.5745370370370371 0.0067708333333333336 0.013888888888888888
6 0.7731770833333333 0.587037037037037 0.0109375 0.016666666666666666
6 0.7643229166666666 0.5856481481481481 0.011979166666666667 0.019444444444444445
4 0.7869791666666667 0.5800925925925926 0.025 0.03981481481481482
4 0.8018229166666667 0.5787037037037037 0.013020833333333334 0.03888888888888889
4 0.8361979166666667 0.5833333333333334 0.0671875 0.05555555555555555
4 0.8953125 0.5824074074074074 0.046875 0.04814814814814815
4 0.9372395833333333 0.5837962962962963 0.0265625 0.04722222222222222
4 0.9182291666666667 0.5777777777777777 0.009375 0.024074074074074074
13 0.9700520833333334 0.5875 0.050520833333333334 0.08611111111111111
4 0.9799479166666667 0.5925925925925926 0.0390625 0.07777777777777778
4 0.5815104166666667 0.5592592592592592 0.0109375 0.014814814814814815
14 0.5375 0.5574074074074075 0.015625 0.027777777777777776
1 0.5609375 0.5601851851851852 0.020833333333333332 0.05
8 0.53984375 0.5587962962962963 0.0067708333333333336 0.023148148148148147
6 0.5380208333333333 0.5689814814814815 0.005208333333333333 0.013888888888888888
3 0.50625 0.5370370370370371 0.04479166666666667 0.06296296296296296
8 0.44296875 0.5601851851851852 0.0109375 0.037037037037037035
6 0.44244791666666666 0.5763888888888888 0.0109375 0.023148148148148147
6 0.19427083333333334 0.6064814814814815 0.0375 0.07407407407407407
8 0.19453125 0.5875 0.024479166666666666 0.08425925925925926
6 0.29348958333333336 0.6134259259259259 0.0265625 0.06759259259259259
8 0.28932291666666665 0.5856481481481481 0.027604166666666666 0.09166666666666666
6 0.2638020833333333 0.663425925925926 0.04114583333333333 0.125
8 0.26510416666666664 0.6185185185185185 0.041666666666666664 0.14444444444444443
6 0.4942708333333333 0.7689814814814815 0.09583333333333334 0.2898148148148148
8 0.47994791666666664 0.6916666666666667 0.059895833333333336 0.2851851851851852
8 0.4986979166666667 0.7023148148148148 0.09739583333333333 0.2898148148148148
4 0.03802083333333333 0.8662037037037037 0.07604166666666666 0.262037037037037