7 0.42890625 0.4486111111111111 0.013020833333333334 0.08796296296296297
7 0.44140625 0.4615740740740741 0.016145833333333335 0.10277777777777777
1 0.39166666666666666 0.47638888888888886 0.06354166666666666 0.1287037037037037
4 0.3765625 0.4981481481481482 0.034375 0.06111111111111111
3 0.18151041666666667 0.3490740740740741 0.36302083333333335 0.6555555555555556
3 0.72265625 0.44074074074074077 0.5536458333333333 0.3333333333333333
6 0.5375 0.5476851851851852 0.075 0.09351851851851851
8 0.5377604166666666 0.5125 0.05364583333333333 0.14722222222222223
8 0.7658854166666667 0.5370370370370371 0.04739583333333333 0.07962962962962963
8 0.8354166666666667 0.5375 0.036458333333333336 0.06574074074074074
4 0.6372395833333333 0.7819444444444444 0.7244791666666667 0.43425925925925923
10 0.42239583333333336 0.375 0.014583333333333334 0.020370370370370372
10 0.42213541666666665 0.3912037037037037 0.015104166666666667 0.010185185185185186