3 0.9916666666666667 0.35462962962962963 0.013541666666666667 0.1814814814814815
3 0.8958333333333334 0.33796296296296297 0.18020833333333333 0.3296296296296296
8 0.9856770833333334 0.6208333333333333 0.027604166666666666 0.15833333333333333
7 0.9442708333333333 0.46620370370370373 0.05416666666666667 0.24166666666666667
7 0.9171875 0.4587962962962963 0.022916666666666665 0.22685185185185186
7 0.9104166666666667 0.49212962962962964 0.021875 0.175
7 0.9106770833333333 0.4013888888888889 0.009895833333333333 0.028703703703703703
7 0.8919270833333334 0.4708333333333333 0.0390625 0.2490740740740741
7 0.8583333333333333 0.5 0.04583333333333333 0.2814814814814815
10 0.7661458333333333 0.2796296296296296 0.0125 0.022222222222222223
1 0.7796875 0.36342592592592593 0.030208333333333334 0.03981481481481482
7 0.7903645833333334 0.40879629629629627 0.013020833333333334 0.13240740740740742
7 0.7966145833333333 0.41064814814814815 0.025520833333333333 0.1527777777777778
7 0.7786458333333334 0.4111111111111111 0.019791666666666666 0.15185185185185185
7 0.7619791666666667 0.4152777777777778 0.01875 0.16203703703703703
7 0.7513020833333334 0.41759259259259257 0.030729166666666665 0.1537037037037037
7 0.7471354166666667 0.462037037037037 0.033854166666666664 0.24074074074074073
3 0.3731770833333333 0.49907407407407406 0.7432291666666667 0.9981481481481481
7 0.8059895833333334 0.4111111111111111 0.013020833333333334 0.14074074074074075