14 0.49947916666666664 0.5351851851851852 0.005208333333333333 0.011111111111111112
6 0.5135416666666667 0.5981481481481481 0.03333333333333333 0.09259259259259259
8 0.5213541666666667 0.5550925925925926 0.0125 0.04537037037037037
8 0.5125 0.5740740740740741 0.030208333333333334 0.10925925925925926
4 0.45 0.5342592592592592 0.00625 0.014814814814814815
4 0.42916666666666664 0.5393518518518519 0.013541666666666667 0.023148148148148147
7 0.4466145833333333 0.5361111111111111 0.0036458333333333334 0.016666666666666666
7 0.4432291666666667 0.5370370370370371 0.004166666666666667 0.018518518518518517
7 0.43854166666666666 0.537962962962963 0.004166666666666667 0.022222222222222223
7 0.4354166666666667 0.5393518518518519 0.004166666666666667 0.023148148148148147
6 0.41354166666666664 0.5388888888888889 0.004166666666666667 0.011111111111111112
8 0.41380208333333335 0.5342592592592592 0.0036458333333333334 0.012962962962962963
4 0.025520833333333333 0.5337962962962963 0.051041666666666666 0.1175925925925926
4 0.8026041666666667 0.6138888888888889 0.051041666666666666 0.07037037037037037
4 0.8997395833333334 0.6981481481481482 0.19739583333333333 0.30925925925925923
14 0.359375 0.5199074074074074 0.01875 0.023148148148148147