3 0.5497395833333333 0.5259259259259259 0.022395833333333334 0.014814814814814815
3 0.58984375 0.5291666666666667 0.03177083333333333 0.03425925925925926
14 0.5455729166666666 0.5342592592592592 0.013020833333333334 0.016666666666666666
14 0.5372395833333333 0.55 0.009895833333333333 0.025925925925925925
1 0.546875 0.5537037037037037 0.017708333333333333 0.03888888888888889
1 0.5682291666666667 0.5550925925925926 0.030208333333333334 0.058333333333333334
4 0.58671875 0.5462962962962963 0.009895833333333333 0.027777777777777776
4 0.5947916666666667 0.549074074074074 0.019791666666666666 0.03518518518518519
4 0.6408854166666667 0.5990740740740741 0.10989583333333333 0.17222222222222222
4 0.74296875 0.5430555555555555 0.019270833333333334 0.03796296296296296
3 0.8447916666666667 0.5277777777777778 0.04375 0.06481481481481481
3 0.8872395833333333 0.5287037037037037 0.04635416666666667 0.07777777777777778
13 0.80390625 0.5569444444444445 0.07552083333333333 0.12129629629629629
6 0.8953125 0.5888888888888889 0.03125 0.06666666666666667
8 0.8877604166666667 0.5657407407407408 0.019270833333333334 0.08148148148148149
8 0.8966145833333333 0.5717592592592593 0.025520833333333333 0.07685185185185185
13 0.9489583333333333 0.5217592592592593 0.1 0.15648148148148147
6 0.5651041666666666 0.5833333333333334 0.023958333333333335 0.05925925925925926
8 0.56484375 0.5680555555555555 0.019270833333333334 0.06759259259259259
6 0.5380208333333333 0.6157407407407407 0.0375 0.09814814814814815
8 0.5369791666666667 0.5912037037037037 0.028125 0.09722222222222222
7 0.4203125 0.5680555555555555 0.017708333333333333 0.049074074074074076
6 0.43359375 0.6388888888888888 0.033854166666666664 0.08518518518518518
8 0.43255208333333334 0.5958333333333333 0.0328125 0.08611111111111111
8 0.42942708333333335 0.5949074074074074 0.025520833333333333 0.07314814814814814
1 0.27395833333333336 0.6699074074074074 0.1375 0.24722222222222223
6 0.40911458333333334 0.7287037037037037 0.058854166666666666 0.18333333333333332
8 0.4125 0.6606481481481481 0.06666666666666667 0.20092592592592592
6 0.9041666666666667 0.8810185185185185 0.190625 0.2361111111111111
8 0.90859375 0.7888888888888889 0.18177083333333333 0.4203703703703704