4 0.1296875 0.4273148148148148 0.014583333333333334 0.032407407407407406
4 0.15390625 0.4310185185185185 0.018229166666666668 0.030555555555555555
6 0.13697916666666668 0.4361111111111111 0.011458333333333333 0.027777777777777776
8 0.13776041666666666 0.42592592592592593 0.008854166666666666 0.02962962962962963
7 0.11666666666666667 0.42083333333333334 0.0125 0.028703703703703703
6 0.14895833333333333 0.45925925925925926 0.016666666666666666 0.03148148148148148
8 0.14895833333333333 0.4439814814814815 0.013541666666666667 0.04537037037037037
6 0.16197916666666667 0.45555555555555555 0.0125 0.022222222222222223
8 0.16171875 0.4388888888888889 0.016145833333333335 0.037037037037037035
6 0.12083333333333333 0.4675925925925926 0.017708333333333333 0.03518518518518519
7 0.11197916666666667 0.4601851851851852 0.014583333333333334 0.08518518518518518
7 0.10442708333333334 0.47685185185185186 0.025520833333333333 0.0962962962962963
6 0.17135416666666667 0.4726851851851852 0.017708333333333333 0.04537037037037037
8 0.171875 0.45 0.017708333333333333 0.05740740740740741
1 0.2296875 0.4356481481481482 0.022916666666666665 0.028703703703703703
8 0.2557291666666667 0.4375 0.014583333333333334 0.019444444444444445
1 0.21614583333333334 0.43796296296296294 0.04791666666666667 0.03148148148148148
8 0.19921875 0.5111111111111111 0.04739583333333333 0.18703703703703703
6 0.18697916666666667 0.5643518518518519 0.015625 0.14537037037037037
6 0.5671875 0.7486111111111111 0.12291666666666666 0.2935185185185185
1 0.3625 0.7217592592592592 0.3625 0.5546296296296296
6 0.18385416666666668 0.425462962962963 0.009375 0.021296296296296296