6 0.37213541666666666 0.6833333333333333 0.05677083333333333 0.16111111111111112
8 0.3731770833333333 0.6240740740740741 0.0484375 0.19074074074074074
8 0.3497395833333333 0.6319444444444444 0.06197916666666667 0.21203703703703702
6 0.39088541666666665 0.5902777777777778 0.025520833333333333 0.08055555555555556
8 0.39036458333333335 0.5736111111111111 0.024479166666666666 0.0824074074074074
6 0.42916666666666664 0.5833333333333334 0.019791666666666666 0.05555555555555555
8 0.4348958333333333 0.562962962962963 0.010416666666666666 0.06296296296296296
8 0.42942708333333335 0.5638888888888889 0.021354166666666667 0.06851851851851852
6 0.46588541666666666 0.5717592592592593 0.013020833333333334 0.03796296296296296
8 0.46796875 0.5574074074074075 0.008854166666666666 0.04814814814814815
8 0.46510416666666665 0.5560185185185185 0.014583333333333334 0.05277777777777778
7 0.4515625 0.5430555555555555 0.00625 0.026851851851851852
7 0.45859375 0.5412037037037037 0.0067708333333333336 0.028703703703703703
4 0.4513020833333333 0.5425925925925926 0.016145833333333335 0.025925925925925925
4 0.47578125 0.5370370370370371 0.013020833333333334 0.020370370370370372
4 0.48385416666666664 0.5421296296296296 0.005208333333333333 0.008333333333333333
3 0.51015625 0.5273148148148148 0.030729166666666665 0.06944444444444445
13 0.5447916666666667 0.5541666666666667 0.05520833333333333 0.09537037037037037
4 0.6005208333333333 0.6 0.09895833333333333 0.13518518518518519
1 0.6377604166666667 0.5462962962962963 0.013020833333333334 0.02962962962962963
6 0.6526041666666667 0.5597222222222222 0.0125 0.030555555555555555
8 0.65390625 0.5513888888888889 0.0109375 0.032407407407407406
6 0.6760416666666667 0.5583333333333333 0.0125 0.03333333333333333
6 0.7114583333333333 0.5671296296296297 0.017708333333333333 0.03425925925925926
6 0.73125 0.5828703703703704 0.028125 0.058333333333333334
8 0.7302083333333333 0.5634259259259259 0.021875 0.0712962962962963
4 0.7734375 0.5625 0.04791666666666667 0.05277777777777778
6 0.7760416666666666 0.5708333333333333 0.03125 0.049074074074074076
4 0.8322916666666667 0.562037037037037 0.07708333333333334 0.06111111111111111
6 0.87421875 0.5736111111111111 0.019270833333333334 0.041666666666666664
4 0.9403645833333333 0.5907407407407408 0.11822916666666666 0.16666666666666666