7 0.45729166666666665 0.5805555555555556 0.007291666666666667 0.044444444444444446
14 0.5059895833333333 0.549074074074074 0.009895833333333333 0.016666666666666666
7 0.5010416666666667 0.5902777777777778 0.014583333333333334 0.08611111111111111
14 0.5130208333333334 0.5745370370370371 0.015625 0.03981481481481482
4 0.5328125 0.5851851851851851 0.04375 0.06111111111111111
7 0.5760416666666667 0.5504629629629629 0.007291666666666667 0.019444444444444445
7 0.5697916666666667 0.5652777777777778 0.011458333333333333 0.04537037037037037
7 0.559375 0.5981481481481481 0.019791666666666666 0.1037037037037037
7 0.57578125 0.6023148148148149 0.016145833333333335 0.10462962962962963
7 0.578125 0.6212962962962963 0.015625 0.07777777777777778
7 0.5950520833333334 0.6032407407407407 0.021354166666666667 0.11203703703703703
14 0.6065104166666667 0.5939814814814814 0.015104166666666667 0.04722222222222222
7 0.61875 0.6083333333333333 0.015625 0.08888888888888889
7 0.6408854166666667 0.6125 0.033854166666666664 0.17314814814814813
6 0.7328125 0.6273148148148148 0.06354166666666666 0.12685185185185185
13 0.4765625 0.575 0.03854166666666667 0.0962962962962963
7 0.4390625 0.5643518518518519 0.003125 0.008333333333333333
8 0.4505208333333333 0.5625 0.005208333333333333 0.012037037037037037
8 0.4471354166666667 0.5837962962962963 0.016145833333333335 0.05462962962962963
6 0.4484375 0.5962962962962963 0.01875 0.044444444444444446
7 0.4317708333333333 0.5625 0.004166666666666667 0.008333333333333333
7 0.4359375 0.5805555555555556 0.008333333333333333 0.05185185185185185
7 0.41692708333333334 0.5833333333333334 0.0046875 0.03888888888888889
7 0.4122395833333333 0.5824074074074074 0.0067708333333333336 0.03888888888888889
7 0.42994791666666665 0.5921296296296297 0.011979166666666667 0.075
7 0.42135416666666664 0.5930555555555556 0.0125 0.07314814814814814
7 0.40234375 0.5972222222222222 0.0171875 0.08518518518518518
7 0.3924479166666667 0.5555555555555556 0.0036458333333333334 0.005555555555555556
1 0.30130208333333336 0.6018518518518519 0.08385416666666666 0.16111111111111112
6 0.3171875 0.6587962962962963 0.06041666666666667 0.15092592592592594
7 0.37526041666666665 0.7685185185185185 0.09114583333333333 0.4185185185185185
7 0.10182291666666667 0.6925925925925925 0.05572916666666667 0.12222222222222222
7 0.21901041666666668 0.7620370370370371 0.08072916666666667 0.4703703703703704
7 0.2786458333333333 0.7865740740740741 0.09375 0.42314814814814816
6 0.95546875 0.9027777777777778 0.08489583333333334 0.1925925925925926
8 0.9856770833333334 0.8314814814814815 0.027604166666666666 0.3351851851851852