7 0.12916666666666668 0.5300925925925926 0.0125 0.05462962962962963
7 0.10234375 0.7583333333333333 0.09947916666666666 0.4185185185185185
7 0.13932291666666666 0.5425925925925926 0.027604166666666666 0.08888888888888889
7 0.1828125 0.7175925925925926 0.08229166666666667 0.49074074074074076
7 0.29791666666666666 0.5532407407407407 0.00625 0.030555555555555555
7 0.31588541666666664 0.5435185185185185 0.005729166666666666 0.025925925925925925
7 0.2989583333333333 0.5555555555555556 0.008333333333333333 0.025925925925925925
7 0.25677083333333334 0.7319444444444444 0.06979166666666667 0.3435185185185185
7 0.3221354166666667 0.5439814814814815 0.005729166666666666 0.021296296296296296
7 0.33046875 0.5421296296296296 0.0067708333333333336 0.023148148148148147
7 0.3380208333333333 0.5356481481481481 0.005208333333333333 0.013888888888888888
7 0.3255208333333333 0.5444444444444444 0.007291666666666667 0.018518518518518517
7 0.34010416666666665 0.5532407407407407 0.009375 0.030555555555555555
7 0.3341145833333333 0.5513888888888889 0.008854166666666666 0.032407407407407406
7 0.34739583333333335 0.5541666666666667 0.014583333333333334 0.03425925925925926
7 0.34088541666666666 0.5356481481481481 0.005729166666666666 0.013888888888888888
7 0.353125 0.5509259259259259 0.008333333333333333 0.03518518518518519
7 0.35989583333333336 0.5486111111111112 0.009375 0.030555555555555555
7 0.36953125 0.5648148148148148 0.0140625 0.07222222222222222
7 0.3028645833333333 0.6449074074074074 0.024479166666666666 0.16018518518518518
7 0.31302083333333336 0.6337962962962963 0.025 0.1824074074074074
7 0.3807291666666667 0.5541666666666667 0.009375 0.030555555555555555
8 0.38776041666666666 0.5518518518518518 0.011979166666666667 0.046296296296296294
7 0.32005208333333335 0.7273148148148149 0.0421875 0.33611111111111114
7 0.35052083333333334 0.7782407407407408 0.09583333333333334 0.4324074074074074
7 0.39401041666666664 0.7592592592592593 0.0640625 0.40185185185185185
7 0.4986979166666667 0.5805555555555556 0.021354166666666667 0.09074074074074075
7 0.4197916666666667 0.5675925925925925 0.010416666666666666 0.06851851851851852
7 0.43385416666666665 0.5407407407407407 0.009375 0.03333333333333333
7 0.42526041666666664 0.5671296296296297 0.0140625 0.08981481481481482
7 0.4393229166666667 0.5412037037037037 0.008854166666666666 0.025
7 0.42604166666666665 0.5925925925925926 0.011458333333333333 0.06111111111111111
7 0.4361979166666667 0.5981481481481481 0.025520833333333333 0.10925925925925926
7 0.4635416666666667 0.5574074074074075 0.015625 0.05740740740740741
7 0.4752604166666667 0.5990740740740741 0.0234375 0.14629629629629629
7 0.4356770833333333 0.7851851851851852 0.10572916666666667 0.42777777777777776
7 0.53125 0.5402777777777777 0.019791666666666666 0.04537037037037037
7 0.5625 0.5310185185185186 0.016666666666666666 0.07685185185185185
7 0.59765625 0.5226851851851851 0.018229166666666668 0.0824074074074074
7 0.6338541666666667 0.6129629629629629 0.03333333333333333 0.18888888888888888
7 0.525 0.7759259259259259 0.09270833333333334 0.4462962962962963
7 0.60625 0.7837962962962963 0.11770833333333333 0.4287037037037037
7 0.58671875 0.5805555555555556 0.0140625 0.13333333333333333
7 0.8200520833333333 0.7814814814814814 0.12552083333333333 0.4351851851851852
6 0.5229166666666667 0.6162037037037037 0.06458333333333334 0.0712962962962963
6 0.22057291666666667 0.6060185185185185 0.04114583333333333 0.06574074074074074
6 0.21614583333333334 0.6884259259259259 0.04375 0.1287037037037037
6 0.14270833333333333 0.7796296296296297 0.04895833333333333 0.25925925925925924
6 0.9408854166666667 0.8851851851851852 0.11510416666666666 0.22592592592592592
6 0.5692708333333333 0.6046296296296296 0.0375 0.10740740740740741
4 0.40208333333333335 0.5685185185185185 0.030208333333333334 0.05555555555555555
8 0.5697916666666667 0.586574074074074 0.03125 0.1361111111111111
7 0.32890625 0.5476851851851852 0.013020833333333334 0.026851851851851852