7 0.41328125 0.5680555555555555 0.005729166666666666 0.023148148148148147
3 0.5192708333333333 0.5513888888888889 0.17291666666666666 0.3435185185185185
7 0.62421875 0.5837962962962963 0.0171875 0.11018518518518519
7 0.4200520833333333 0.5675925925925925 0.0036458333333333334 0.020370370370370372
4 0.37890625 0.5703703703703704 0.016145833333333335 0.025925925925925925
14 0.4234375 0.5708333333333333 0.005208333333333333 0.012037037037037037
7 0.36796875 0.5675925925925925 0.005729166666666666 0.016666666666666666
7 0.3997395833333333 0.6129629629629629 0.0265625 0.12777777777777777
4 0.3515625 0.5944444444444444 0.035416666666666666 0.06481481481481481
7 0.29140625 0.5912037037037037 0.011979166666666667 0.030555555555555555
7 0.29401041666666666 0.6023148148148149 0.019270833333333334 0.049074074074074076
14 0.30104166666666665 0.6 0.009375 0.03148148148148148
6 0.3625 0.6435185185185185 0.03229166666666667 0.1037037037037037
7 0.37734375 0.6189814814814815 0.024479166666666666 0.13796296296296295
4 0.25442708333333336 0.6537037037037037 0.16822916666666668 0.12962962962962962
6 0.15598958333333332 0.7013888888888888 0.0703125 0.11203703703703703
6 0.3463541666666667 0.6296296296296297 0.022916666666666665 0.05185185185185185