6 0.07864583333333333 0.8162037037037037 0.15729166666666666 0.3638888888888889
6 0.24635416666666668 0.7597222222222222 0.11770833333333333 0.30833333333333335
7 0.36041666666666666 0.7106481481481481 0.04583333333333333 0.20092592592592592
7 0.3971354166666667 0.6736111111111112 0.05677083333333333 0.2490740740740741
6 0.37109375 0.6421296296296296 0.025520833333333333 0.125
6 0.42630208333333336 0.5967592592592592 0.0296875 0.07314814814814814
6 0.46588541666666666 0.5736111111111111 0.0265625 0.03425925925925926
6 0.4869791666666667 0.5356481481481481 0.008333333333333333 0.021296296296296296
8 0.48723958333333334 0.5277777777777778 0.009895833333333333 0.027777777777777776
6 0.49609375 0.5407407407407407 0.0078125 0.022222222222222223
8 0.49635416666666665 0.5319444444444444 0.009375 0.032407407407407406
1 0.503125 0.5268518518518519 0.017708333333333333 0.03333333333333333
1 0.5138020833333333 0.5398148148148149 0.021354166666666667 0.053703703703703705
6 0.521875 0.5611111111111111 0.01875 0.040740740740740744
8 0.52578125 0.5328703703703703 0.0046875 0.028703703703703703
8 0.5205729166666667 0.5425925925925926 0.015104166666666667 0.053703703703703705
6 0.5375 0.5449074074074074 0.013541666666666667 0.026851851851851852
8 0.5377604166666666 0.5328703703703703 0.011979166666666667 0.03425925925925926
1 0.553125 0.5375 0.023958333333333335 0.05092592592592592
7 0.5723958333333333 0.5277777777777778 0.009375 0.046296296296296294
6 0.6130208333333333 0.5305555555555556 0.019791666666666666 0.03518518518518519
4 0.67109375 0.5287037037037037 0.044270833333333336 0.07777777777777778
6 0.6979166666666666 0.5541666666666667 0.04895833333333333 0.06574074074074074
6 0.7296875 0.5527777777777778 0.04375 0.07222222222222222
6 0.89296875 0.7972222222222223 0.17552083333333332 0.30185185185185187
8 0.84921875 0.6712962962962963 0.058854166666666666 0.29074074074074074
8 0.8841145833333334 0.6916666666666667 0.10677083333333333 0.31666666666666665
6 0.3796875 0.575 0.015625 0.024074074074074074
6 0.37421875 0.5902777777777778 0.019270833333333334 0.03611111111111111
0 0.7669270833333334 0.5925925925925926 0.0328125 0.06111111111111111