13 0.4466145833333333 0.3907407407407407 0.011979166666666667 0.04259259259259259
13 0.42526041666666664 0.4013888888888889 0.03697916666666667 0.09537037037037037
3 0.39401041666666664 0.36944444444444446 0.044270833333333336 0.03148148148148148
1 0.3880208333333333 0.4388888888888889 0.059375 0.11481481481481481
1 0.4552083333333333 0.4064814814814815 0.022916666666666665 0.05
3 0.48776041666666664 0.37962962962962965 0.018229166666666668 0.053703703703703705
13 0.5372395833333333 0.4060185185185185 0.08385416666666666 0.24166666666666667
13 0.6015625 0.38472222222222224 0.059375 0.13425925925925927
3 0.73828125 0.3574074074074074 0.13177083333333334 0.11851851851851852
6 0.6278645833333333 0.44074074074074077 0.0203125 0.06111111111111111
8 0.6247395833333333 0.425 0.021354166666666667 0.07962962962962963
8 0.6315104166666666 0.425 0.0234375 0.07962962962962963
6 0.64453125 0.45925925925925926 0.04010416666666667 0.09259259259259259
8 0.6380208333333334 0.4393518518518518 0.027083333333333334 0.11203703703703703
4 0.7049479166666667 0.4847222222222222 0.14427083333333332 0.2212962962962963
4 0.8171875 0.5898148148148148 0.23645833333333333 0.42777777777777776
6 0.5877604166666667 0.5791666666666667 0.07447916666666667 0.20092592592592592
8 0.58828125 0.5027777777777778 0.07239583333333334 0.24074074074074073
6 0.5049479166666667 0.7189814814814814 0.14427083333333332 0.425
8 0.5028645833333333 0.5930555555555556 0.1296875 0.41944444444444445
6 0.8692708333333333 0.8513888888888889 0.2604166666666667 0.2953703703703704
8 0.9041666666666667 0.6967592592592593 0.190625 0.6046296296296296
10 0.45416666666666666 0.4375 0.00625 0.008333333333333333
10 0.38046875 0.4888888888888889 0.013020833333333334 0.018518518518518517
1 0.2955729166666667 0.4925925925925926 0.12760416666666666 0.22407407407407406
7 0.21458333333333332 0.43194444444444446 0.016666666666666666 0.07314814814814814
3 0.09947916666666666 0.4111111111111111 0.19895833333333332 0.32037037037037036
4 0.47317708333333336 0.38657407407407407 0.0140625 0.01574074074074074