4 0.10703125 0.5333333333333333 0.013020833333333334 0.011111111111111112
4 0.06067708333333333 0.5708333333333333 0.016145833333333335 0.026851851851851852
1 0.039322916666666666 0.6782407407407407 0.07760416666666667 0.275
4 0.04609375 0.8222222222222222 0.0921875 0.3425925925925926
4 0.10598958333333333 0.6157407407407407 0.10052083333333334 0.17222222222222222
7 0.17265625 0.5569444444444445 0.0203125 0.032407407407407406
4 0.14791666666666667 0.6666666666666666 0.13541666666666666 0.21481481481481482
4 0.28828125 0.7615740740740741 0.3151041666666667 0.43796296296296294
8 0.375 0.799537037037037 0.21666666666666667 0.39166666666666666
8 0.33307291666666666 0.7574074074074074 0.1109375 0.35
8 0.8942708333333333 0.8541666666666666 0.21041666666666667 0.2824074074074074
4 0.7666666666666667 0.7680555555555556 0.4625 0.4583333333333333