6 0.07708333333333334 0.6337962962962963 0.08229166666666667 0.16018518518518518
6 0.16770833333333332 0.6402777777777777 0.10625 0.16574074074074074
7 0.2643229166666667 0.5472222222222223 0.025520833333333333 0.0962962962962963
7 0.2734375 0.6143518518518518 0.06666666666666667 0.17314814814814813
7 0.27578125 0.6884259259259259 0.06197916666666667 0.3212962962962963
1 0.34739583333333335 0.6087962962962963 0.084375 0.18425925925925926
7 0.4036458333333333 0.6092592592592593 0.028125 0.15185185185185185
1 0.40572916666666664 0.525 0.023958333333333335 0.046296296296296294
1 0.44895833333333335 0.5310185185185186 0.017708333333333333 0.05462962962962963
1 0.4375 0.5351851851851852 0.03229166666666667 0.06296296296296296
6 0.43776041666666665 0.5722222222222222 0.0265625 0.05740740740740741
8 0.4348958333333333 0.5458333333333333 0.01875 0.06759259259259259
6 0.4588541666666667 0.5467592592592593 0.021875 0.03611111111111111
8 0.45989583333333334 0.5351851851851852 0.011458333333333333 0.044444444444444446
6 0.48046875 0.525 0.0203125 0.027777777777777776
6 0.4940104166666667 0.549074074074074 0.013020833333333334 0.046296296296296294
6 0.50625 0.562037037037037 0.015625 0.037037037037037035
1 0.5283854166666667 0.5486111111111112 0.04114583333333333 0.07314814814814814
6 0.5411458333333333 0.5717592592592593 0.027083333333333334 0.06018518518518518
7 0.56328125 0.5699074074074074 0.016145833333333335 0.09907407407407408
7 0.6361979166666667 0.6222222222222222 0.028645833333333332 0.08703703703703704
14 0.715625 0.6328703703703704 0.12291666666666666 0.27685185185185185
7 0.7736979166666667 0.6342592592592593 0.03177083333333333 0.24444444444444444
8 0.9598958333333333 0.7833333333333333 0.07708333333333334 0.42777777777777776
1 0.38046875 0.5097222222222222 0.011979166666666667 0.028703703703703703
7 0.38828125 0.5226851851851851 0.0078125 0.03981481481481482
7 0.38333333333333336 0.5481481481481482 0.009375 0.06296296296296296