7 0.0125 0.6430555555555556 0.025 0.15833333333333333
10 0.20182291666666666 0.4888888888888889 0.0296875 0.046296296296296294
6 0.2903645833333333 0.6615740740740741 0.05364583333333333 0.10833333333333334
8 0.30104166666666665 0.6134259259259259 0.028125 0.13240740740740742
8 0.28359375 0.6097222222222223 0.04114583333333333 0.125
6 0.31015625 0.5828703703703704 0.0296875 0.058333333333333334
8 0.3109375 0.5578703703703703 0.020833333333333332 0.04351851851851852
6 0.4015625 0.5731481481481482 0.016666666666666666 0.044444444444444446
8 0.4010416666666667 0.5583333333333333 0.016666666666666666 0.053703703703703705
8 0.42291666666666666 0.5476851851851852 0.014583333333333334 0.04351851851851852
8 0.42734375 0.5351851851851852 0.0078125 0.020370370370370372
8 0.4440104166666667 0.5351851851851852 0.009895833333333333 0.014814814814814815
8 0.46171875 0.5328703703703703 0.0067708333333333336 0.019444444444444445
8 0.44973958333333336 0.5328703703703703 0.0078125 0.01574074074074074
4 0.4510416666666667 0.5273148148148148 0.008333333333333333 0.013888888888888888
4 0.4783854166666667 0.5259259259259259 0.0109375 0.014814814814814815
4 0.4940104166666667 0.5208333333333334 0.0109375 0.017592592592592594
4 0.50546875 0.5259259259259259 0.0109375 0.012962962962962963
4 0.49322916666666666 0.5518518518518518 0.03229166666666667 0.046296296296296294
4 0.45208333333333334 0.6023148148148149 0.08854166666666667 0.13796296296296295
3 0.5252604166666667 0.5212962962962963 0.021354166666666667 0.03148148148148148
4 0.5377604166666666 0.5361111111111111 0.013020833333333334 0.024074074074074074
4 0.5479166666666667 0.5370370370370371 0.016666666666666666 0.025925925925925925
1 0.5658854166666667 0.5361111111111111 0.013020833333333334 0.02962962962962963
4 0.5802083333333333 0.5462962962962963 0.021875 0.03333333333333333
4 0.58828125 0.5574074074074075 0.03697916666666667 0.053703703703703705
4 0.65234375 0.575 0.05677083333333333 0.07407407407407407
1 0.68984375 0.5634259259259259 0.033854166666666664 0.06944444444444445
4 0.7723958333333333 0.6277777777777778 0.13125 0.16111111111111112