14 0.4828125 0.5125 0.009375 0.013888888888888888
7 0.484375 0.5138888888888888 0.004166666666666667 0.012962962962962963
7 0.48125 0.5162037037037037 0.005208333333333333 0.013888888888888888
7 0.47630208333333335 0.513425925925926 0.0046875 0.010185185185185186
14 0.48984375 0.5291666666666667 0.011979166666666667 0.026851851851851852
7 0.4830729166666667 0.5310185185185186 0.005729166666666666 0.032407407407407406
6 0.525 0.5416666666666666 0.007291666666666667 0.024074074074074074
7 0.53671875 0.5194444444444445 0.005729166666666666 0.022222222222222223
6 0.6020833333333333 0.5615740740740741 0.021875 0.062037037037037036
7 0.6244791666666667 0.5560185185185185 0.01875 0.10648148148148148
7 0.5333333333333333 0.5412037037037037 0.011458333333333333 0.058333333333333334
6 0.5489583333333333 0.5935185185185186 0.053125 0.08703703703703704
8 0.5408854166666667 0.5736111111111111 0.024479166666666666 0.11203703703703703
7 0.5604166666666667 0.5861111111111111 0.021875 0.13518518518518519
7 0.5854166666666667 0.5916666666666667 0.034375 0.14074074074074075
6 0.7580729166666667 0.8356481481481481 0.12447916666666667 0.325
8 0.76328125 0.7203703703703703 0.1078125 0.3592592592592593
7 0.9778645833333334 0.8467592592592592 0.04114583333333333 0.30092592592592593
4 0.5078125 0.5370370370370371 0.0375 0.04259259259259259
13 0.46432291666666664 0.5259259259259259 0.019270833333333334 0.046296296296296294
7 0.41015625 0.524074074074074 0.0046875 0.020370370370370372
7 0.41458333333333336 0.5231481481481481 0.008333333333333333 0.024074074074074074
7 0.44765625 0.5370370370370371 0.0109375 0.05925925925925926
7 0.43854166666666666 0.5337962962962963 0.013541666666666667 0.05092592592592592
7 0.4744791666666667 0.5361111111111111 0.010416666666666666 0.05
7 0.46119791666666665 0.6125 0.03802083333333333 0.1824074074074074
6 0.409375 0.5416666666666666 0.011458333333333333 0.025925925925925925
7 0.4161458333333333 0.5513888888888889 0.007291666666666667 0.03981481481481482
7 0.4239583333333333 0.5375 0.0125 0.05462962962962963
7 0.43411458333333336 0.6189814814814815 0.03697916666666667 0.18425925925925926
6 0.40338541666666666 0.5689814814814815 0.0171875 0.05462962962962963
1 0.3692708333333333 0.5365740740740741 0.035416666666666666 0.09722222222222222
7 0.3890625 0.5958333333333333 0.035416666666666666 0.20833333333333334
7 0.30416666666666664 0.5569444444444445 0.029166666666666667 0.05092592592592592