14 0.5151041666666667 0.55 0.00625 0.011111111111111112
4 0.5197916666666667 0.5527777777777778 0.005208333333333333 0.009259259259259259
4 0.5255208333333333 0.5513888888888889 0.004166666666666667 0.008333333333333333
4 0.5309895833333333 0.5509259259259259 0.0078125 0.011111111111111112
4 0.6046875 0.586574074074074 0.046875 0.062037037037037036
4 0.51171875 0.5546296296296296 0.0067708333333333336 0.012962962962962963
3 0.4986979166666667 0.5435185185185185 0.0140625 0.012962962962962963
14 0.47161458333333334 0.5518518518518518 0.0067708333333333336 0.011111111111111112
14 0.46458333333333335 0.549074074074074 0.009375 0.020370370370370372
14 0.47630208333333335 0.5513888888888889 0.005729166666666666 0.010185185185185186
3 0.48541666666666666 0.549537037037037 0.014583333333333334 0.021296296296296296
14 0.4484375 0.5486111111111112 0.01875 0.012037037037037037
1 0.49244791666666665 0.5564814814814815 0.008854166666666666 0.016666666666666666
4 0.45390625 0.5550925925925926 0.013020833333333334 0.017592592592592594
4 0.5020833333333333 0.5592592592592592 0.0125 0.016666666666666666
4 0.43515625 0.5537037037037037 0.013020833333333334 0.022222222222222223
6 0.47239583333333335 0.5703703703703704 0.009375 0.024074074074074074
8 0.471875 0.5648148148148148 0.007291666666666667 0.025925925925925925
6 0.434375 0.5634259259259259 0.008333333333333333 0.017592592592592594
8 0.4348958333333333 0.5569444444444445 0.003125 0.019444444444444445
8 0.43125 0.5574074074074075 0.003125 0.020370370370370372
8 0.43671875 0.5597222222222222 0.0046875 0.023148148148148147
14 0.3880208333333333 0.55 0.009375 0.014814814814814815
4 0.415625 0.5597222222222222 0.013541666666666667 0.030555555555555555
4 0.39453125 0.5564814814814815 0.013020833333333334 0.022222222222222223
4 0.371875 0.5555555555555556 0.03333333333333333 0.027777777777777776
6 0.39479166666666665 0.562962962962963 0.008333333333333333 0.012962962962962963
7 0.4205729166666667 0.5615740740740741 0.0067708333333333336 0.028703703703703703
4 0.40703125 0.5638888888888889 0.021354166666666667 0.02962962962962963
6 0.4432291666666667 0.5805555555555556 0.011458333333333333 0.020370370370370372
8 0.4434895833333333 0.5587962962962963 0.011979166666666667 0.017592592592592594
7 0.4002604166666667 0.5648148148148148 0.005729166666666666 0.03518518518518519
8 0.4432291666666667 0.5680555555555555 0.0125 0.03425925925925926
7 0.40625 0.5634259259259259 0.007291666666666667 0.03611111111111111
14 0.28072916666666664 0.5643518518518519 0.021875 0.06574074074074074
13 0.33515625 0.5652777777777778 0.03697916666666667 0.075
7 0.3658854166666667 0.5768518518518518 0.011979166666666667 0.06481481481481481
7 0.35520833333333335 0.5768518518518518 0.010416666666666666 0.06481481481481481
6 0.29713541666666665 0.5851851851851851 0.021354166666666667 0.022222222222222223
7 0.29791666666666666 0.5837962962962963 0.0125 0.062037037037037036
7 0.20911458333333333 0.5550925925925926 0.013020833333333334 0.041666666666666664
7 0.27890625 0.5898148148148148 0.0078125 0.044444444444444446
7 0.30963541666666666 0.5851851851851851 0.011979166666666667 0.07222222222222222
6 0.21145833333333333 0.5893518518518519 0.025 0.05462962962962963
6 0.014322916666666666 0.850925925925926 0.028645833333333332 0.2962962962962963
6 0.24557291666666667 0.5851851851851851 0.011979166666666667 0.024074074074074074
4 0.5364583333333334 0.5564814814814815 0.009375 0.012962962962962963
9 0.53359375 0.5125 0.0078125 0.000925925925925926