7 0.41432291666666665 0.5370370370370371 0.005729166666666666 0.016666666666666666
7 0.34036458333333336 0.5328703703703703 0.0026041666666666665 0.013888888888888888
7 0.33515625 0.5518518518518518 0.0036458333333333334 0.020370370370370372
0 0.44140625 0.5875 0.005729166666666666 0.006481481481481481
7 0.4166666666666667 0.6263888888888889 0.023958333333333335 0.11018518518518519
7 0.5171875 0.5546296296296296 0.003125 0.016666666666666666
7 0.5364583333333334 0.5569444444444445 0.003125 0.013888888888888888
6 0.603125 0.5768518518518518 0.020833333333333332 0.02962962962962963
4 0.5692708333333333 0.5685185185185185 0.04375 0.06296296296296296
0 0.5666666666666667 0.600925925925926 0.00625 0.009259259259259259
0 0.6013020833333333 0.6074074074074074 0.0067708333333333336 0.007407407407407408
0 0.6075520833333333 0.6083333333333333 0.005729166666666666 0.005555555555555556
6 0.8072916666666666 0.600925925925926 0.034375 0.03518518518518519
7 0.4822916666666667 0.6148148148148148 0.020833333333333332 0.10555555555555556