1 0.2989583333333333 0.5310185185185186 0.017708333333333333 0.028703703703703703
7 0.27786458333333336 0.5393518518518519 0.0078125 0.028703703703703703
7 0.27369791666666665 0.5518518518518518 0.013020833333333334 0.046296296296296294
7 0.28984375 0.5768518518518518 0.027604166666666666 0.07777777777777778
1 0.31614583333333335 0.5685185185185185 0.034375 0.07962962962962963
1 0.3328125 0.5347222222222222 0.015625 0.030555555555555555
1 0.35052083333333334 0.5518518518518518 0.025 0.06111111111111111
7 0.33697916666666666 0.5796296296296296 0.0125 0.07962962962962963
7 0.32864583333333336 0.5962962962962963 0.020833333333333332 0.11851851851851852
6 0.2640625 0.5819444444444445 0.03854166666666667 0.05462962962962963
4 0.18619791666666666 0.5777777777777777 0.1015625 0.12407407407407407
6 0.26536458333333335 0.6782407407407407 0.0515625 0.15462962962962962
6 0.19348958333333333 0.7217592592592592 0.13697916666666668 0.2064814814814815
8 0.17838541666666666 0.6421296296296296 0.07447916666666667 0.16203703703703703
7 0.22265625 0.7208333333333333 0.0390625 0.30648148148148147
6 0.115625 0.7953703703703704 0.203125 0.27037037037037037
8 0.1078125 0.7671296296296296 0.096875 0.3212962962962963
6 0.38046875 0.549074074074074 0.005729166666666666 0.03148148148148148
1 0.39401041666666664 0.5462962962962963 0.025520833333333333 0.044444444444444446
6 0.40572916666666664 0.5578703703703703 0.011458333333333333 0.03425925925925926
6 0.39765625 0.5634259259259259 0.016145833333333335 0.04537037037037037
8 0.39114583333333336 0.5509259259259259 0.007291666666666667 0.044444444444444446
8 0.3963541666666667 0.5523148148148148 0.015625 0.05092592592592592
6 0.371875 0.5958333333333333 0.016666666666666666 0.041666666666666664
8 0.37421875 0.5527777777777778 0.008854166666666666 0.03518518518518519
8 0.3697916666666667 0.5699074074074074 0.021875 0.06944444444444445
14 0.47161458333333334 0.5611111111111111 0.0421875 0.0962962962962963
6 0.5934895833333333 0.5981481481481481 0.013020833333333334 0.012962962962962963
6 0.5984375 0.6342592592592593 0.06666666666666667 0.13333333333333333
6 0.6541666666666667 0.6518518518518519 0.10833333333333334 0.1537037037037037
6 0.6776041666666667 0.6337962962962963 0.06770833333333333 0.11388888888888889
6 0.96015625 0.6407407407407407 0.07864583333333333 0.19444444444444445
6 0.9682291666666667 0.6754629629629629 0.0625 0.1287037037037037
7 0.7408854166666666 0.5453703703703704 0.027604166666666666 0.1537037037037037