14 0.5171875 0.5416666666666666 0.005208333333333333 0.012962962962962963
10 0.5872395833333334 0.5018518518518519 0.015104166666666667 0.025925925925925925
3 0.6075520833333333 0.5449074074074074 0.016145833333333335 0.028703703703703703
4 0.59921875 0.549537037037037 0.013020833333333334 0.019444444444444445
7 0.6700520833333333 0.5458333333333333 0.005729166666666666 0.013888888888888888
7 0.6791666666666667 0.5634259259259259 0.008333333333333333 0.032407407407407406
14 0.7278645833333334 0.5648148148148148 0.011979166666666667 0.022222222222222223
4 0.75078125 0.5675925925925925 0.013020833333333334 0.022222222222222223
14 0.76171875 0.5680555555555555 0.016145833333333335 0.032407407407407406
6 0.7697916666666667 0.5824074074074074 0.009375 0.024074074074074074
8 0.7666666666666667 0.5745370370370371 0.0125 0.03425925925925926
13 0.8049479166666667 0.5736111111111111 0.0703125 0.08796296296296297
7 0.8776041666666666 0.5782407407407407 0.008333333333333333 0.026851851851851852
6 0.8755208333333333 0.5828703703703704 0.011458333333333333 0.01574074074074074
8 0.8630208333333333 0.5763888888888888 0.008333333333333333 0.025
6 0.8494791666666667 0.6111111111111112 0.03958333333333333 0.037037037037037035
8 0.8520833333333333 0.5893518518518519 0.034375 0.07314814814814814
7 0.8895833333333333 0.575925925925926 0.007291666666666667 0.018518518518518517
4 0.90859375 0.5796296296296296 0.0171875 0.022222222222222223
7 0.9216145833333333 0.5837962962962963 0.0109375 0.03981481481481482
4 0.9544270833333334 0.5847222222222223 0.04010416666666667 0.03611111111111111
7 0.9669270833333333 0.5879629629629629 0.009895833333333333 0.03148148148148148
6 0.9450520833333333 0.6208333333333333 0.034895833333333334 0.049074074074074076
6 0.903125 0.6203703703703703 0.04375 0.05925925925925926
8 0.9458333333333333 0.5990740740740741 0.01875 0.06296296296296296
8 0.90234375 0.6 0.027604166666666666 0.07592592592592592
6 0.7072916666666667 0.5763888888888888 0.005208333333333333 0.017592592592592594
8 0.7067708333333333 0.5657407407407408 0.007291666666666667 0.020370370370370372
6 0.7190104166666667 0.5828703703703704 0.016145833333333335 0.028703703703703703
8 0.7161458333333334 0.5708333333333333 0.016666666666666666 0.041666666666666664
6 0.7388020833333333 0.5837962962962963 0.016145833333333335 0.030555555555555555
8 0.7341145833333333 0.5740740740740741 0.005729166666666666 0.040740740740740744
8 0.73984375 0.5773148148148148 0.016145833333333335 0.04351851851851852
12 0.52890625 0.5328703703703703 0.019270833333333334 0.03981481481481482
4 0.53828125 0.5412037037037037 0.0203125 0.01574074074074074
1 0.5546875 0.5453703703703704 0.015625 0.016666666666666666
4 0.5385416666666667 0.5453703703703704 0.01875 0.016666666666666666
8 0.5419270833333333 0.5472222222222223 0.008854166666666666 0.014814814814814815
13 0.5028645833333333 0.5268518518518519 0.0296875 0.04814814814814815
13 0.47161458333333334 0.5291666666666667 0.03697916666666667 0.08611111111111111
4 0.5078125 0.5467592592592593 0.01875 0.013888888888888888
6 0.5041666666666667 0.6476851851851851 0.019791666666666666 0.028703703703703703
4 0.5002604166666667 0.5712962962962963 0.03697916666666667 0.05740740740740741
8 0.5184895833333333 0.5939814814814814 0.04114583333333333 0.09722222222222222
8 0.52421875 0.6259259259259259 0.050520833333333334 0.14074074074074075
6 0.54609375 0.8287037037037037 0.1234375 0.34074074074074073
8 0.5473958333333333 0.725925925925926 0.10416666666666667 0.3388888888888889
4 0.4622395833333333 0.5597222222222222 0.016145833333333335 0.03981481481481482
1 0.4440104166666667 0.5666666666666667 0.0265625 0.06111111111111111
4 0.4244791666666667 0.5458333333333333 0.020833333333333332 0.017592592592592594
6 0.37838541666666664 0.5791666666666667 0.0140625 0.03981481481481482
8 0.3768229166666667 0.5648148148148148 0.013020833333333334 0.046296296296296294
4 0.415625 0.5930555555555556 0.0625 0.09907407407407408
4 0.2786458333333333 0.5393518518518519 0.029166666666666667 0.025
4 0.25026041666666665 0.5393518518518519 0.0328125 0.023148148148148147
4 0.29765625 0.5703703703703704 0.030729166666666665 0.05
6 0.3223958333333333 0.6092592592592593 0.029166666666666667 0.06481481481481481
8 0.32786458333333335 0.5638888888888889 0.015104166666666667 0.040740740740740744
8 0.321875 0.5824074074074074 0.026041666666666668 0.07407407407407407
8 0.3184895833333333 0.5884259259259259 0.0296875 0.075
6 0.28619791666666666 0.5837962962962963 0.034895833333333334 0.05277777777777778
8 0.2869791666666667 0.575 0.014583333333333334 0.06666666666666667
8 0.28098958333333335 0.5675925925925925 0.015104166666666667 0.053703703703703705
7 0.05572916666666667 0.600462962962963 0.025 0.11388888888888889
7 0.011197916666666667 0.6 0.022395833333333334 0.12222222222222222
7 0.0296875 0.5995370370370371 0.023958333333333335 0.11388888888888889
7 0.03671875 0.5685185185185185 0.009895833333333333 0.037037037037037035
7 0.03307291666666667 0.6189814814814815 0.0203125 0.08055555555555556
4 0.5721354166666667 0.6041666666666666 0.06822916666666666 0.11018518518518519