1 0.4552083333333333 0.5449074074074074 0.011458333333333333 0.025
8 0.46510416666666665 0.5421296296296296 0.005208333333333333 0.019444444444444445
14 0.47760416666666666 0.5324074074074074 0.014583333333333334 0.011111111111111112
3 0.5731770833333333 0.5532407407407407 0.0109375 0.0787037037037037
13 0.553125 0.5685185185185185 0.03125 0.0962962962962963
1 0.5177083333333333 0.5949074074074074 0.06354166666666666 0.14907407407407408
6 0.4700520833333333 0.5564814814814815 0.0067708333333333336 0.022222222222222223
8 0.4700520833333333 0.5467592592592593 0.0078125 0.03425925925925926
6 0.45286458333333335 0.5527777777777778 0.0067708333333333336 0.014814814814814815
8 0.45416666666666666 0.549074074074074 0.007291666666666667 0.022222222222222223
7 0.4427083333333333 0.5740740740740741 0.0125 0.08333333333333333
7 0.43020833333333336 0.5662037037037037 0.019791666666666666 0.10833333333333334
7 0.4200520833333333 0.5643518518518519 0.009895833333333333 0.05092592592592592
7 0.40598958333333335 0.5467592592592593 0.016145833333333335 0.049074074074074076
6 0.40703125 0.5680555555555555 0.034895833333333334 0.05462962962962963
7 0.37578125 0.5393518518518519 0.009895833333333333 0.028703703703703703
7 0.36328125 0.5912037037037037 0.022395833333333334 0.13055555555555556
6 0.38645833333333335 0.6481481481481481 0.08854166666666667 0.13703703703703704
8 0.3997395833333333 0.6300925925925925 0.09739583333333333 0.15833333333333333
13 0.6057291666666667 0.537962962962963 0.06145833333333333 0.12407407407407407
6 0.6244791666666667 0.5986111111111111 0.023958333333333335 0.04722222222222222
6 0.4830729166666667 0.6777777777777778 0.06197916666666667 0.1425925925925926
8 0.48125 0.6097222222222223 0.053125 0.16018518518518518
6 0.23697916666666666 0.6833333333333333 0.052083333333333336 0.18518518518518517
6 0.28619791666666666 0.7273148148148149 0.09427083333333333 0.23425925925925925
6 0.284375 0.6180555555555556 0.065625 0.11944444444444445
1 0.08723958333333333 0.7407407407407407 0.17447916666666666 0.512962962962963
7 0.17682291666666666 0.7763888888888889 0.10572916666666667 0.44537037037037036
7 0.6911458333333333 0.5615740740740741 0.008333333333333333 0.026851851851851852
8 0.6440104166666667 0.575462962962963 0.028645833333333332 0.05648148148148148
6 0.6330729166666667 0.6347222222222222 0.005729166666666666 0.01574074074074074
6 0.70078125 0.6 0.034895833333333334 0.06111111111111111
8 0.65234375 0.6435185185185185 0.05572916666666667 0.22592592592592592
8 0.6684895833333333 0.6513888888888889 0.0703125 0.2324074074074074
6 0.6645833333333333 0.725925925925926 0.08541666666666667 0.21296296296296297
6 0.7197916666666667 0.6717592592592593 0.06354166666666666 0.16203703703703703
8 0.7171875 0.6523148148148148 0.057291666666666664 0.21203703703703702
1 0.8611979166666667 0.6601851851851852 0.1609375 0.2462962962962963
6 0.80625 0.8125 0.15104166666666666 0.2861111111111111
8 0.76015625 0.6865740740740741 0.04739583333333333 0.2657407407407407
8 0.81484375 0.7101851851851851 0.09427083333333333 0.32037037037037036