6 0.41953125 0.5125 0.059375 0.09166666666666666
6 0.471875 0.5145833333333333 0.040625 0.05416666666666667
6 0.4640625 0.58125 0.0375 0.12638888888888888
8 0.5046875 0.4979166666666667 0.0109375 0.05694444444444444
6 0.509375 0.5229166666666667 0.03125 0.07361111111111111
8 0.551171875 0.475 0.01484375 0.022222222222222223
4 0.561328125 0.5548611111111111 0.09296875 0.14027777777777778
14 0.569140625 0.47708333333333336 0.01015625 0.015277777777777777
14 0.58125 0.4791666666666667 0.0078125 0.016666666666666666
4 0.59765625 0.48680555555555555 0.0296875 0.04027777777777778
4 0.6234375 0.49444444444444446 0.0375 0.05
4 0.63984375 0.49930555555555556 0.0453125 0.04583333333333333
4 0.659765625 0.5104166666666666 0.04140625 0.06805555555555555
6 0.63828125 0.5145833333333333 0.009375 0.04027777777777778
4 0.710546875 0.51875 0.09921875 0.08194444444444444
6 0.766015625 0.5541666666666667 0.04921875 0.08055555555555556
6 0.748046875 0.5465277777777777 0.04296875 0.07916666666666666
4 0.908984375 0.5125 0.13046875 0.07222222222222222
4 0.860546875 0.7625 0.27734375 0.4722222222222222
14 0.17734375 0.6166666666666667 0.190625 0.15833333333333333
14 0.058203125 0.8638888888888889 0.11640625 0.26944444444444443
14 0.5640625 0.47291666666666665 0.015625 0.018055555555555554
8 0.54609375 0.47847222222222224 0.0078125 0.02361111111111111
7 0.5359375 0.4791666666666667 0.0078125 0.022222222222222223