4 0.009635416666666667 0.3912037037037037 0.019270833333333334 0.05092592592592592
4 0.03697916666666667 0.4013888888888889 0.028125 0.05092592592592592
8 0.09947916666666666 0.39861111111111114 0.009375 0.030555555555555555
6 0.1015625 0.40925925925925927 0.014583333333333334 0.037037037037037035
8 0.15651041666666668 0.399537037037037 0.016145833333333335 0.04537037037037037
6 0.15963541666666667 0.4148148148148148 0.019270833333333334 0.04814814814814815
8 0.25755208333333335 0.4148148148148148 0.013020833333333334 0.06296296296296296
6 0.2559895833333333 0.4356481481481482 0.0265625 0.05277777777777778
4 0.8080729166666667 0.5365740740740741 0.19114583333333332 0.16203703703703703
6 0.9377604166666667 0.6143518518518518 0.1234375 0.1361111111111111
8 0.9330729166666667 0.5472222222222223 0.05260416666666667 0.1388888888888889