7 0.00625 0.362962962962963 0.010416666666666666 0.02962962962962963
7 0.03671875 0.375 0.0109375 0.022222222222222223
7 0.06171875 0.37592592592592594 0.0140625 0.03333333333333333
7 0.10677083333333333 0.387037037037037 0.010416666666666666 0.020370370370370372
7 0.052083333333333336 0.375 0.016666666666666666 0.024074074074074074
7 0.40911458333333334 0.44675925925925924 0.019270833333333334 0.03796296296296296
7 0.4984375 0.44537037037037036 0.04375 0.07407407407407407
7 0.5703125 0.4759259259259259 0.020833333333333332 0.04814814814814815
7 0.5489583333333333 0.47824074074074074 0.021875 0.041666666666666664
7 0.7817708333333333 0.5092592592592593 0.035416666666666666 0.06851851851851852
4 0.34479166666666666 0.6814814814814815 0.45729166666666665 0.4888888888888889
6 0.46536458333333336 0.8597222222222223 0.2359375 0.27870370370370373
8 0.5364583333333334 0.7898148148148149 0.3104166666666667 0.4166666666666667
8 0.8119791666666667 0.8060185185185185 0.2833333333333333 0.3861111111111111
7 0.6861979166666666 0.48148148148148145 0.04010416666666667 0.08333333333333333