4 0.17473958333333334 0.7944444444444444 0.3494791666666667 0.40925925925925927
8 0.15052083333333333 0.5652777777777778 0.04375 0.06944444444444445
6 0.16119791666666666 0.575462962962963 0.027604166666666666 0.03611111111111111
6 0.23229166666666667 0.612037037037037 0.027083333333333334 0.05555555555555555
8 0.22864583333333333 0.5643518518518519 0.035416666666666666 0.07685185185185185
8 0.21119791666666668 0.5787037037037037 0.04635416666666667 0.1
7 0.3109375 0.5615740740740741 0.011458333333333333 0.05092592592592592
7 0.315625 0.5592592592592592 0.009375 0.044444444444444446
1 0.38567708333333334 0.5398148148148149 0.0203125 0.03888888888888889
6 0.425 0.5412037037037037 0.005208333333333333 0.013888888888888888
8 0.42552083333333335 0.5333333333333333 0.007291666666666667 0.022222222222222223
13 0.4375 0.5291666666666667 0.016666666666666666 0.032407407407407406
4 0.45208333333333334 0.5370370370370371 0.017708333333333333 0.027777777777777776
3 0.4630208333333333 0.5194444444444445 0.021875 0.046296296296296294
7 0.42291666666666666 0.5268518518518519 0.004166666666666667 0.020370370370370372
7 0.415625 0.5277777777777778 0.004166666666666667 0.016666666666666666
6 0.44765625 0.5217592592592593 0.0026041666666666665 0.004629629629629629
8 0.44765625 0.5189814814814815 0.0026041666666666665 0.008333333333333333
4 0.44869791666666664 0.512962962962963 0.0036458333333333334 0.005555555555555556
6 0.44973958333333336 0.5208333333333334 0.0026041666666666665 0.004629629629629629
8 0.44947916666666665 0.5175925925925926 0.0020833333333333333 0.005555555555555556
4 0.490625 0.5236111111111111 0.00625 0.010185185185185186
6 0.49609375 0.5328703703703703 0.0036458333333333334 0.008333333333333333
8 0.49609375 0.5273148148148148 0.0036458333333333334 0.013888888888888888
6 0.5091145833333334 0.5324074074074074 0.0036458333333333334 0.007407407407407408
8 0.5088541666666667 0.5277777777777778 0.004166666666666667 0.012962962962962963
6 0.5484375 0.5449074074074074 0.00625 0.01574074074074074
8 0.5479166666666667 0.5365740740740741 0.00625 0.023148148148148147
4 0.5666666666666667 0.5467592592592593 0.021875 0.030555555555555555
6 0.625 0.5634259259259259 0.010416666666666666 0.032407407407407406
8 0.6247395833333333 0.5527777777777778 0.009895833333333333 0.03888888888888889
6 0.6705729166666666 0.5856481481481481 0.0234375 0.06759259259259259
8 0.66953125 0.5717592592592593 0.018229166666666668 0.06759259259259259
6 0.90390625 0.6259259259259259 0.05677083333333333 0.07407407407407407
8 0.903125 0.6166666666666667 0.015625 0.08703703703703704
7 0.8963541666666667 0.5879629629629629 0.010416666666666666 0.046296296296296294
6 0.9388020833333334 0.6337962962962963 0.028645833333333332 0.05277777777777778
8 0.9244791666666666 0.5981481481481481 0.0125 0.046296296296296294