4 0.51640625 0.4393518518518518 0.0140625 0.025
13 0.5411458333333333 0.4393518518518518 0.04479166666666667 0.12314814814814815
4 0.57421875 0.4550925925925926 0.0265625 0.06388888888888888
10 0.5971354166666667 0.3236111111111111 0.0265625 0.03796296296296296
10 0.6018229166666667 0.3902777777777778 0.0171875 0.03425925925925926
13 0.61953125 0.42083333333333334 0.03802083333333333 0.0824074074074074
7 0.6484375 0.42916666666666664 0.007291666666666667 0.028703703703703703
7 0.65625 0.4199074074074074 0.00625 0.019444444444444445
14 0.5072916666666667 0.4324074074074074 0.009375 0.025925925925925925
13 0.48020833333333335 0.4287037037037037 0.042708333333333334 0.08333333333333333
3 0.434375 0.4101851851851852 0.051041666666666666 0.06111111111111111
3 0.40546875 0.40555555555555556 0.0328125 0.07777777777777778
13 0.29401041666666666 0.4546296296296296 0.23802083333333332 0.4074074074074074
4 0.46145833333333336 0.4648148148148148 0.040625 0.04259259259259259
4 0.43359375 0.48194444444444445 0.0609375 0.0824074074074074
10 0.4947916666666667 0.45925925925925926 0.00625 0.012962962962962963
10 0.48203125 0.4699074074074074 0.005729166666666666 0.008333333333333333
10 0.45338541666666665 0.49027777777777776 0.0067708333333333336 0.010185185185185186
10 0.38229166666666664 0.5412037037037037 0.0125 0.021296296296296296
3 0.11666666666666667 0.43703703703703706 0.15625 0.2388888888888889
1 0.13567708333333334 0.6069444444444444 0.15572916666666667 0.28425925925925927
3 0.0796875 0.4166666666666667 0.159375 0.8333333333333334
6 0.43697916666666664 0.49444444444444446 0.03333333333333333 0.040740740740740744
8 0.4359375 0.47175925925925927 0.029166666666666667 0.06018518518518518
1 0.46119791666666665 0.4425925925925926 0.03177083333333333 0.02962962962962963
8 0.64375 0.45925925925925926 0.021875 0.05925925925925926
6 0.57734375 0.5125 0.033854166666666664 0.10092592592592593
8 0.5755208333333334 0.48703703703703705 0.030208333333333334 0.10740740740740741
6 0.6192708333333333 0.4546296296296296 0.010416666666666666 0.014814814814814815
8 0.61171875 0.4449074074074074 0.009895833333333333 0.025
6 0.09114583333333333 0.7 0.17916666666666667 0.19444444444444445
8 0.58984375 0.6222222222222222 0.058854166666666666 0.3537037037037037
8 0.6278645833333333 0.6439814814814815 0.10885416666666667 0.38055555555555554
6 0.6763020833333333 0.6287037037037037 0.08489583333333334 0.2518518518518518
8 0.6755208333333333 0.5287037037037037 0.071875 0.2111111111111111
1 0.4203125 0.44305555555555554 0.030208333333333334 0.019444444444444445
6 0.7401041666666667 0.5203703703703704 0.05520833333333333 0.12962962962962962
8 0.7388020833333333 0.49027777777777776 0.044270833333333336 0.13055555555555556