4 0.39869791666666665 0.5273148148148148 0.011979166666666667 0.019444444444444445
14 0.39817708333333335 0.513425925925926 0.0046875 0.006481481481481481
4 0.4044270833333333 0.5277777777777778 0.0078125 0.009259259259259259
14 0.41770833333333335 0.5254629629629629 0.009375 0.012037037037037037
1 0.4359375 0.5337962962962963 0.007291666666666667 0.025
4 0.4453125 0.5407407407407407 0.01875 0.03888888888888889
4 0.47552083333333334 0.5351851851851852 0.022916666666666665 0.037037037037037035
1 0.49140625 0.5435185185185185 0.0203125 0.04259259259259259
7 0.4747395833333333 0.5453703703703704 0.0078125 0.040740740740740744
1 0.5388020833333333 0.5546296296296296 0.030729166666666665 0.06666666666666667
13 0.58203125 0.5550925925925926 0.06302083333333333 0.11018518518518519
4 0.69921875 0.6050925925925926 0.11302083333333333 0.13240740740740742
4 0.7559895833333333 0.5796296296296296 0.034895833333333334 0.07962962962962963
7 0.8223958333333333 0.5370370370370371 0.025 0.06851851851851852
6 0.8734375 0.6157407407407407 0.065625 0.10185185185185185
7 0.8971354166666666 0.6046296296296296 0.044270833333333336 0.17962962962962964
8 0.865625 0.5884259259259259 0.05 0.15462962962962962
8 0.81875 0.6328703703703704 0.04479166666666667 0.1824074074074074
6 0.825 0.6731481481481482 0.041666666666666664 0.1111111111111111
6 0.9611979166666667 0.712037037037037 0.07552083333333333 0.2
6 0.9924479166666667 0.7865740740740741 0.013020833333333334 0.18055555555555555
6 0.7388020833333333 0.6328703703703704 0.049479166666666664 0.11388888888888889
7 0.7817708333333333 0.6527777777777778 0.08854166666666667 0.2462962962962963
6 0.625 0.6643518518518519 0.04895833333333333 0.1398148148148148
8 0.6260416666666667 0.6148148148148148 0.04583333333333333 0.1648148148148148
6 0.5296875 0.5916666666666667 0.027083333333333334 0.07592592592592592
8 0.5283854166666667 0.5722222222222222 0.022395833333333334 0.08888888888888889
13 0.4518229166666667 0.5203703703703704 0.0140625 0.009259259259259259
1 0.4309895833333333 0.5351851851851852 0.005729166666666666 0.025925925925925925
8 0.42526041666666664 0.5259259259259259 0.0036458333333333334 0.005555555555555556
8 0.4200520833333333 0.5236111111111111 0.0026041666666666665 0.006481481481481481
8 0.41692708333333334 0.524537037037037 0.0026041666666666665 0.006481481481481481
8 0.40989583333333335 0.525 0.003125 0.007407407407407408
7 0.41302083333333334 0.5375 0.005208333333333333 0.030555555555555555
7 0.4083333333333333 0.5416666666666666 0.008333333333333333 0.037037037037037035
6 0.4036458333333333 0.5412037037037037 0.005208333333333333 0.013888888888888888
8 0.4046875 0.5319444444444444 0.004166666666666667 0.01574074074074074
7 0.3997395833333333 0.537962962962963 0.0046875 0.03333333333333333
7 0.3971354166666667 0.5402777777777777 0.009895833333333333 0.032407407407407406
4 0.38125 0.5282407407407408 0.026041666666666668 0.03611111111111111
14 0.3807291666666667 0.5611111111111111 0.03333333333333333 0.04814814814814815
7 0.3723958333333333 0.5347222222222222 0.008333333333333333 0.023148148148148147
7 0.3770833333333333 0.5527777777777778 0.015625 0.06666666666666667
13 0.35078125 0.5259259259259259 0.04010416666666667 0.05
1 0.34713541666666664 0.5486111111111112 0.03697916666666667 0.05277777777777778
6 0.32916666666666666 0.5722222222222222 0.025 0.05185185185185185
4 0.25052083333333336 0.5486111111111112 0.103125 0.10462962962962963
4 0.30416666666666664 0.5541666666666667 0.009375 0.04537037037037037
4 0.21197916666666666 0.5513888888888889 0.027083333333333334 0.05462962962962963
7 0.18255208333333334 0.5773148148148148 0.0359375 0.12129629629629629
7 0.19739583333333333 0.55 0.017708333333333333 0.05555555555555555
14 0.22291666666666668 0.6731481481481482 0.109375 0.18518518518518517
7 0.24609375 0.5569444444444445 0.021354166666666667 0.058333333333333334
7 0.275 0.5421296296296296 0.013541666666666667 0.03981481481481482
7 0.26119791666666664 0.5518518518518518 0.024479166666666666 0.05555555555555555
7 0.3190104166666667 0.5717592592592593 0.025520833333333333 0.10092592592592593
6 0.290625 0.6236111111111111 0.08020833333333334 0.10462962962962963
8 0.2864583333333333 0.5625 0.040625 0.0824074074074074
6 0.30052083333333335 0.6703703703703704 0.046875 0.12962962962962962
6 0.31197916666666664 0.6393518518518518 0.03333333333333333 0.08055555555555556
7 0.3541666666666667 0.6129629629629629 0.03125 0.15185185185185185
6 0.4205729166666667 0.6425925925925926 0.03697916666666667 0.12222222222222222
6 0.46328125 0.7328703703703704 0.0796875 0.26944444444444443
8 0.41822916666666665 0.5958333333333333 0.040625 0.14351851851851852
8 0.41848958333333336 0.5458333333333333 0.022395833333333334 0.032407407407407406
8 0.46588541666666666 0.6129629629629629 0.0671875 0.14629629629629629
8 0.4640625 0.6657407407407407 0.07291666666666667 0.28888888888888886
6 0.46588541666666666 0.7337962962962963 0.07552083333333333 0.27314814814814814
7 0.15416666666666667 0.6351851851851852 0.03229166666666667 0.22777777777777777
6 0.11796875 0.6888888888888889 0.09114583333333333 0.2
7 0.12682291666666667 0.7231481481481481 0.06822916666666666 0.4203703703703704
7 0.06875 0.7472222222222222 0.08229166666666667 0.4537037037037037
4 0.015625 0.6907407407407408 0.03125 0.19814814814814816
6 0.05182291666666667 0.8115740740740741 0.10364583333333334 0.2898148148148148
7 0.13723958333333333 0.33055555555555555 0.021354166666666667 0.053703703703703705