6 0.03567708333333333 0.5365740740740741 0.043229166666666666 0.058333333333333334
6 0.06380208333333333 0.5574074074074075 0.0453125 0.06666666666666667
6 0.09322916666666667 0.5574074074074075 0.042708333333333334 0.07222222222222222
4 0.10807291666666667 0.5476851851851852 0.0671875 0.08055555555555556
6 0.14921875 0.5569444444444445 0.0140625 0.032407407407407406
4 0.18255208333333334 0.5467592592592593 0.07552083333333333 0.06574074074074074
6 0.17864583333333334 0.5574074074074075 0.0375 0.05555555555555555
4 0.29765625 0.5680555555555555 0.058854166666666666 0.08055555555555556
4 0.33255208333333336 0.562037037037037 0.0390625 0.06296296296296296
6 0.35182291666666665 0.5643518518518519 0.0171875 0.03981481481481482
1 0.38359375 0.5518518518518518 0.03802083333333333 0.046296296296296294
4 0.4192708333333333 0.5527777777777778 0.025 0.03518518518518519
4 0.4388020833333333 0.5541666666666667 0.04114583333333333 0.041666666666666664
14 0.4434895833333333 0.5375 0.0421875 0.023148148148148147
6 0.4395833333333333 0.5601851851851852 0.015625 0.025925925925925925
8 0.4375 0.5564814814814815 0.014583333333333334 0.037037037037037035
4 0.49296875 0.5527777777777778 0.0359375 0.06296296296296296
4 0.5296875 0.5726851851851852 0.040625 0.0712962962962963
4 0.475 0.5898148148148148 0.06458333333333334 0.09814814814814815
6 0.5885416666666666 0.6856481481481481 0.06041666666666667 0.17314814814814813
8 0.58671875 0.6375 0.05677083333333333 0.18055555555555555
14 0.5817708333333333 0.5393518518518519 0.007291666666666667 0.01574074074074074
8 0.6140625 0.5532407407407407 0.011458333333333333 0.021296296296296296
8 0.6252604166666667 0.5597222222222222 0.013020833333333334 0.030555555555555555
14 0.7302083333333333 0.5592592592592592 0.046875 0.018518518518518517
8 0.8427083333333333 0.5912037037037037 0.011458333333333333 0.028703703703703703
3 0.97109375 0.5861111111111111 0.05364583333333333 0.06296296296296296
8 0.95859375 0.6231481481481481 0.0109375 0.053703703703703705
8 0.9494791666666667 0.6032407407407407 0.010416666666666666 0.028703703703703703
4 0.98046875 0.625 0.03802083333333333 0.07592592592592592
7 0.35963541666666665 0.5643518518518519 0.009895833333333333 0.06388888888888888
6 0.38307291666666665 0.5995370370370371 0.028645833333333332 0.06759259259259259
8 0.3846354166666667 0.5773148148148148 0.0265625 0.08055555555555556