6 0.0265625 0.42453703703703705 0.04791666666666667 0.05648148148148148
6 0.031510416666666666 0.4398148148148148 0.06302083333333333 0.07407407407407407
6 0.053125 0.4476851851851852 0.06041666666666667 0.05462962962962963
6 0.06380208333333333 0.4722222222222222 0.09010416666666667 0.11851851851851852
6 0.045572916666666664 0.5157407407407407 0.09114583333333333 0.14629629629629629
7 0.2518229166666667 0.5476851851851852 0.050520833333333334 0.18055555555555555
7 0.2721354166666667 0.5472222222222223 0.0578125 0.16111111111111112
6 0.2015625 0.5833333333333334 0.08333333333333333 0.21296296296296297
10 0.28880208333333335 0.19027777777777777 0.0453125 0.15648148148148147
6 0.5828125 0.6976851851851852 0.265625 0.36944444444444446
6 0.82734375 0.7773148148148148 0.20364583333333333 0.4324074074074074