13 0.43723958333333335 0.4375 0.013020833333333334 0.03796296296296296
3 0.44973958333333336 0.4375 0.013020833333333334 0.03981481481481482
13 0.48854166666666665 0.4615740740740741 0.084375 0.22685185185185186
13 0.5408854166666667 0.42685185185185187 0.0359375 0.08333333333333333
4 0.5661458333333333 0.47129629629629627 0.022916666666666665 0.06851851851851852
3 0.6190104166666667 0.4236111111111111 0.0734375 0.08796296296296297
8 0.5770833333333333 0.4305555555555556 0.008333333333333333 0.014814814814814815
8 0.6479166666666667 0.4444444444444444 0.011458333333333333 0.03333333333333333
4 0.6065104166666667 0.5064814814814815 0.08697916666666666 0.16296296296296298
8 0.6809895833333334 0.4444444444444444 0.009895833333333333 0.025925925925925925
8 0.6877604166666667 0.4527777777777778 0.013020833333333334 0.04259259259259259
8 0.7044270833333334 0.5097222222222222 0.030729166666666665 0.14351851851851852
1 0.7341145833333333 0.4708333333333333 0.05677083333333333 0.09351851851851851
8 0.7356770833333334 0.4550925925925926 0.024479166666666666 0.062037037037037036
7 0.7736979166666667 0.42268518518518516 0.0109375 0.01574074074074074
7 0.8057291666666667 0.41805555555555557 0.011458333333333333 0.017592592592592594
7 0.8125 0.412962962962963 0.009375 0.027777777777777776
7 0.8283854166666667 0.4064814814814815 0.0140625 0.025925925925925925
1 0.8713541666666667 0.4638888888888889 0.11770833333333333 0.10925925925925926
7 0.9263020833333333 0.4666666666666667 0.0171875 0.10555555555555556
7 0.9658854166666667 0.4935185185185185 0.033854166666666664 0.1925925925925926
4 0.8395833333333333 0.5638888888888889 0.25104166666666666 0.2759259259259259
9 0.94140625 0.33287037037037037 0.0203125 0.04351851851851852
9 0.9661458333333334 0.36574074074074076 0.022916666666666665 0.044444444444444446
6 0.70234375 0.5425925925925926 0.03802083333333333 0.11481481481481481
6 0.6705729166666666 0.5782407407407407 0.06927083333333334 0.16574074074074074
8 0.6697916666666667 0.4726851851851852 0.065625 0.11574074074074074
6 0.6356770833333333 0.7240740740740741 0.1359375 0.39444444444444443
8 0.6372395833333333 0.5949074074074074 0.11822916666666666 0.3861111111111111
6 0.5455729166666666 0.5782407407407407 0.059895833333333336 0.16944444444444445
8 0.5450520833333333 0.5157407407407407 0.0578125 0.1925925925925926
4 0.42630208333333336 0.449537037037037 0.0067708333333333336 0.013888888888888888
1 0.41822916666666665 0.4638888888888889 0.017708333333333333 0.044444444444444446
10 0.4421875 0.47175925925925927 0.003125 0.006481481481481481
10 0.42421875 0.48703703703703705 0.005729166666666666 0.009259259259259259
3 0.36015625 0.43796296296296294 0.10052083333333334 0.15185185185185185
1 0.3734375 0.4777777777777778 0.041666666666666664 0.07777777777777778
1 0.31953125 0.5032407407407408 0.08072916666666667 0.11944444444444445
3 0.28463541666666664 0.4439814814814815 0.0546875 0.10277777777777777
13 0.13880208333333333 0.4949074074074074 0.27760416666666665 0.7287037037037037
7 0.2671875 0.6388888888888888 0.06458333333333334 0.3888888888888889
7 0.30963541666666666 0.5944444444444444 0.05572916666666667 0.3351851851851852
7 0.3221354166666667 0.5666666666666667 0.044270833333333336 0.32592592592592595
7 0.34401041666666665 0.5634259259259259 0.043229166666666666 0.2712962962962963
7 0.37864583333333335 0.5388888888888889 0.034375 0.20555555555555555
7 0.37057291666666664 0.5541666666666667 0.03697916666666667 0.225