14 0.49270833333333336 0.5361111111111111 0.013541666666666667 0.02962962962962963
4 0.48046875 0.5393518518518519 0.015104166666666667 0.028703703703703703
7 0.4984375 0.5435185185185185 0.005208333333333333 0.025925925925925925
7 0.49322916666666666 0.5444444444444444 0.009375 0.037037037037037035
6 0.5888020833333333 0.5564814814814815 0.013020833333333334 0.046296296296296294
7 0.5838541666666667 0.5666666666666667 0.011458333333333333 0.053703703703703705
7 0.5653645833333333 0.5574074074074075 0.0171875 0.07037037037037037
7 0.5510416666666667 0.5518518518518518 0.009375 0.05
7 0.5369791666666667 0.5347222222222222 0.011458333333333333 0.025
6 0.5484375 0.5782407407407407 0.017708333333333333 0.062037037037037036
8 0.5450520833333333 0.5462962962962963 0.0203125 0.03518518518518519
7 0.5234375 0.5347222222222222 0.007291666666666667 0.021296296296296296
6 0.5359375 0.586574074074074 0.030208333333333334 0.06759259259259259
8 0.5325520833333334 0.5666666666666667 0.0203125 0.07592592592592592
7 0.5184895833333333 0.5472222222222223 0.016145833333333335 0.037037037037037035
7 0.5122395833333333 0.5995370370370371 0.030729166666666665 0.14537037037037037
7 0.45234375 0.5523148148148148 0.008854166666666666 0.049074074074074076
7 0.4453125 0.5449074074074074 0.009375 0.03611111111111111
7 0.4390625 0.5425925925925926 0.008333333333333333 0.03148148148148148
1 0.41875 0.5472222222222223 0.028125 0.07592592592592592
6 0.43776041666666665 0.5680555555555555 0.0296875 0.04722222222222222
7 0.4890625 0.6106481481481482 0.026041666666666668 0.14907407407407408
7 0.46640625 0.5925925925925926 0.0265625 0.1574074074074074
7 0.07239583333333334 0.6032407407407407 0.06770833333333333 0.1712962962962963
7 0.062239583333333334 0.6365740740740741 0.05677083333333333 0.13240740740740742
7 0.28072916666666664 0.7689814814814815 0.1125 0.4583333333333333
7 0.7596354166666667 0.5657407407407408 0.024479166666666666 0.07222222222222222
7 0.740625 0.6462962962962963 0.051041666666666666 0.3296296296296296
7 0.6989583333333333 0.6736111111111112 0.04583333333333333 0.3435185185185185
7 0.9744791666666667 0.7685185185185185 0.05 0.46111111111111114
6 0.82890625 0.8550925925925926 0.25052083333333336 0.28425925925925927
8 0.8270833333333333 0.7481481481481481 0.16875 0.49444444444444446