13 0.27005208333333336 0.5074074074074074 0.22239583333333332 0.3851851851851852
13 0.4158854166666667 0.5273148148148148 0.0640625 0.10833333333333334
13 0.5471354166666667 0.5212962962962963 0.013020833333333334 0.03333333333333333
4 0.5442708333333334 0.5328703703703703 0.011458333333333333 0.019444444444444445
6 0.5114583333333333 0.5472222222222223 0.010416666666666666 0.025925925925925925
8 0.51171875 0.5370370370370371 0.0078125 0.027777777777777776
8 0.5114583333333333 0.5393518518518519 0.010416666666666666 0.03425925925925926
6 0.5671875 0.5546296296296296 0.015625 0.04259259259259259
10 0.5872395833333334 0.5083333333333333 0.0203125 0.009259259259259259
8 0.5669270833333333 0.5449074074074074 0.011979166666666667 0.03796296296296296
8 0.56796875 0.5449074074074074 0.016145833333333335 0.049074074074074076
7 0.6002604166666666 0.5305555555555556 0.0046875 0.014814814814814815
4 0.5932291666666667 0.5333333333333333 0.008333333333333333 0.016666666666666666
6 0.58671875 0.5592592592592592 0.016145833333333335 0.046296296296296294
8 0.5872395833333334 0.5467592592592593 0.015104166666666667 0.05462962962962963
13 0.6700520833333333 0.524074074074074 0.0453125 0.07037037037037037
13 0.7083333333333334 0.5300925925925926 0.0375 0.06018518518518518
13 0.7643229166666666 0.5254629629629629 0.0671875 0.09722222222222222
6 0.71171875 0.5555555555555556 0.0140625 0.03333333333333333
8 0.7122395833333334 0.5435185185185185 0.013020833333333334 0.040740740740740744
10 0.9192708333333334 0.3351851851851852 0.05625 0.1037037037037037
14 0.8630208333333333 0.5412037037037037 0.029166666666666667 0.03796296296296296