7 0.32317708333333334 0.5407407407407407 0.013020833333333334 0.07222222222222222
6 0.36302083333333335 0.562037037037037 0.021875 0.06111111111111111
8 0.39427083333333335 0.5226851851851851 0.010416666666666666 0.023148148148148147
4 0.42291666666666666 0.525 0.030208333333333334 0.014814814814814815
4 0.50703125 0.5064814814814815 0.0140625 0.022222222222222223
8 0.5145833333333333 0.5083333333333333 0.00625 0.016666666666666666
4 0.4783854166666667 0.5166666666666667 0.013020833333333334 0.024074074074074074
4 0.49192708333333335 0.5162037037037037 0.018229166666666668 0.03611111111111111
4 0.5802083333333333 0.4949074074074074 0.007291666666666667 0.006481481481481481
4 0.5888020833333333 0.4986111111111111 0.0078125 0.012037037037037037
4 0.6645833333333333 0.4949074074074074 0.013541666666666667 0.017592592592592594
6 0.70390625 0.49212962962962964 0.0036458333333333334 0.006481481481481481
8 0.7044270833333334 0.48657407407407405 0.0036458333333333334 0.010185185185185186
6 0.7083333333333334 0.49398148148148147 0.004166666666666667 0.006481481481481481
8 0.70859375 0.4875 0.0036458333333333334 0.008333333333333333
4 0.6825520833333333 0.4847222222222222 0.0067708333333333336 0.008333333333333333
4 0.6755208333333333 0.48518518518518516 0.008333333333333333 0.009259259259259259
4 0.7091145833333333 0.4847222222222222 0.008854166666666666 0.013888888888888888
4 0.6919270833333333 0.49398148148148147 0.011979166666666667 0.019444444444444445
4 0.6799479166666667 0.4976851851851852 0.0109375 0.017592592592592594
13 0.6973958333333333 0.5013888888888889 0.016666666666666666 0.006481481481481481
4 0.67421875 0.5101851851851852 0.015104166666666667 0.011111111111111112
4 0.6864583333333333 0.5083333333333333 0.010416666666666666 0.011111111111111112
4 0.6973958333333333 0.5092592592592593 0.015625 0.011111111111111112
8 0.66015625 0.5046296296296297 0.0036458333333333334 0.009259259259259259
4 0.6596354166666667 0.525 0.0234375 0.027777777777777776
4 0.6833333333333333 0.5194444444444445 0.009375 0.018518518518518517
8 0.671875 0.5180555555555556 0.007291666666666667 0.021296296296296296
4 0.7315104166666667 0.524074074074074 0.016145833333333335 0.027777777777777776
4 0.75625 0.5351851851851852 0.03958333333333333 0.03888888888888889
13 0.7890625 0.524074074074074 0.03958333333333333 0.02962962962962963
4 0.9059895833333333 0.5587962962962963 0.058854166666666666 0.07685185185185185
13 0.8481770833333333 0.5175925925925926 0.058854166666666666 0.018518518518518517
4 0.8697916666666666 0.5652777777777778 0.06770833333333333 0.08611111111111111
4 0.81640625 0.5634259259259259 0.0921875 0.09537037037037037
1 0.9848958333333333 0.5717592592592593 0.029166666666666667 0.14722222222222223
8 0.5729166666666666 0.4981481481481482 0.004166666666666667 0.011111111111111112
8 0.5682291666666667 0.4986111111111111 0.00625 0.010185185185185186
1 0.559375 0.5032407407407408 0.013541666666666667 0.023148148148148147
4 0.5458333333333333 0.5027777777777778 0.0125 0.014814814814814815
4 0.57890625 0.5013888888888889 0.0140625 0.010185185185185186
4 0.5807291666666666 0.5078703703703704 0.015625 0.012037037037037037
4 0.5638020833333334 0.5106481481481482 0.018229166666666668 0.01574074074074074
8 0.57265625 0.5138888888888888 0.005729166666666666 0.011111111111111112
4 0.58203125 0.5314814814814814 0.018229166666666668 0.03888888888888889
4 0.6138020833333333 0.5541666666666667 0.05572916666666667 0.07314814814814814
4 0.546875 0.513425925925926 0.010416666666666666 0.028703703703703703
4 0.49973958333333335 0.5222222222222223 0.021354166666666667 0.025925925925925925
4 0.5328125 0.5254629629629629 0.023958333333333335 0.05092592592592592
4 0.5091145833333334 0.5467592592592593 0.04010416666666667 0.062037037037037036
8 0.46770833333333334 0.5157407407407407 0.007291666666666667 0.014814814814814815
6 0.4669270833333333 0.5268518518518519 0.0046875 0.016666666666666666
6 0.47109375 0.538425925925926 0.0109375 0.026851851851851852
8 0.471875 0.5268518518518519 0.010416666666666666 0.03333333333333333
4 0.5643229166666667 0.5416666666666666 0.0328125 0.05
4 0.4158854166666667 0.6018518518518519 0.1078125 0.1425925925925926
6 0.521875 0.6259259259259259 0.040625 0.12777777777777777
8 0.5192708333333333 0.5939814814814814 0.040625 0.12314814814814815
8 0.5203125 0.5875 0.03958333333333333 0.13796296296296295
4 0.6520833333333333 0.5189814814814815 0.019791666666666666 0.023148148148148147
4 0.7104166666666667 0.5333333333333333 0.057291666666666664 0.040740740740740744
8 0.6994791666666667 0.4962962962962963 0.004166666666666667 0.009259259259259259