13 0.11588541666666667 0.362962962962963 0.21614583333333334 0.37962962962962965
7 0.45755208333333336 0.4685185185185185 0.05572916666666667 0.23703703703703705
4 0.98125 0.44675925925925924 0.029166666666666667 0.06574074074074074
4 0.98515625 0.45740740740740743 0.021354166666666667 0.05555555555555555
6 0.023958333333333335 0.5291666666666667 0.04791666666666667 0.19722222222222222
8 0.019791666666666666 0.4847222222222222 0.03958333333333333 0.2101851851851852
6 0.15078125 0.675 0.15260416666666668 0.3574074074074074
8 0.14322916666666666 0.5671296296296297 0.10625 0.33240740740740743
6 0.48932291666666666 0.8555555555555555 0.30885416666666665 0.28703703703703703
8 0.4856770833333333 0.7476851851851852 0.25052083333333336 0.5027777777777778
8 0.58203125 0.7351851851851852 0.26927083333333335 0.5277777777777778