7 0.13802083333333334 0.5851851851851851 0.034375 0.13518518518518519
7 0.11614583333333334 0.6037037037037037 0.023958333333333335 0.13703703703703704
6 0.06979166666666667 0.6694444444444444 0.0875 0.14814814814814814
8 0.07604166666666666 0.6111111111111112 0.059375 0.17777777777777778
6 0.19140625 0.6277777777777778 0.05572916666666667 0.1
8 0.19609375 0.5907407407407408 0.03697916666666667 0.12037037037037036
8 0.17578125 0.5782407407407407 0.04739583333333333 0.12129629629629629
6 0.31692708333333336 0.6180555555555556 0.0453125 0.09722222222222222
8 0.3268229166666667 0.5902777777777778 0.030729166666666665 0.1287037037037037
1 0.40182291666666664 0.6157407407407407 0.1328125 0.22037037037037038
6 0.9885416666666667 0.7773148148148148 0.021875 0.10462962962962963
4 0.9075520833333334 0.5763888888888888 0.013020833333333334 0.023148148148148147
4 0.8263020833333333 0.562962962962963 0.013020833333333334 0.014814814814814815
4 0.8127604166666667 0.5898148148148148 0.04010416666666667 0.07962962962962963
7 0.8796875 0.5787037037037037 0.013541666666666667 0.022222222222222223
1 0.9361979166666666 0.5875 0.044270833333333336 0.0712962962962963
4 0.9778645833333334 0.5967592592592592 0.043229166666666666 0.049074074074074076
6 0.2674479166666667 0.6407407407407407 0.10364583333333334 0.11481481481481481
8 0.278125 0.6092592592592593 0.06458333333333334 0.16666666666666666
14 0.6161458333333333 0.5337962962962963 0.007291666666666667 0.013888888888888888
1 0.6635416666666667 0.5273148148148148 0.08854166666666667 0.030555555555555555
8 0.61015625 0.538425925925926 0.0109375 0.019444444444444445
13 0.5927083333333333 0.524074074074074 0.03229166666666667 0.053703703703703705
7 0.5669270833333333 0.5217592592592593 0.0036458333333333334 0.008333333333333333
13 0.55078125 0.5055555555555555 0.033854166666666664 0.05
4 0.5338541666666666 0.5393518518518519 0.013541666666666667 0.026851851851851852
6 0.54140625 0.5569444444444445 0.0078125 0.019444444444444445
8 0.5401041666666667 0.5439814814814815 0.009375 0.030555555555555555
8 0.53984375 0.5407407407407407 0.0078125 0.020370370370370372
1 0.5565104166666667 0.5564814814814815 0.027604166666666666 0.06481481481481481
6 0.5643229166666667 0.5560185185185185 0.0078125 0.019444444444444445
8 0.5669270833333333 0.5541666666666667 0.013020833333333334 0.041666666666666664
8 0.5716145833333334 0.5527777777777778 0.019270833333333334 0.046296296296296294
8 0.5838541666666667 0.549074074074074 0.007291666666666667 0.025925925925925925
8 0.5885416666666666 0.5486111111111112 0.017708333333333333 0.041666666666666664
4 0.5895833333333333 0.5944444444444444 0.09375 0.1111111111111111
1 0.5205729166666667 0.5421296296296296 0.016145833333333335 0.03981481481481482
4 0.48359375 0.5430555555555555 0.024479166666666666 0.04537037037037037
4 0.5046875 0.5541666666666667 0.0375 0.05648148148148148
1 0.6997395833333333 0.6425925925925926 0.21510416666666668 0.2611111111111111