3 0.33255208333333336 0.4412037037037037 0.0234375 0.03981481481481482
4 0.3528645833333333 0.5060185185185185 0.07447916666666667 0.1361111111111111
13 0.37734375 0.44675925925925924 0.0640625 0.13796296296296295
3 0.4296875 0.4476851851851852 0.034375 0.06944444444444445
13 0.4783854166666667 0.4583333333333333 0.08072916666666667 0.20925925925925926
9 0.1828125 0.15601851851851853 0.051041666666666666 0.032407407407407406
10 0.12265625 0.2013888888888889 0.05572916666666667 0.0787037037037037
13 0.1640625 0.5370370370370371 0.328125 0.5666666666666667
4 0.44140625 0.4722222222222222 0.0140625 0.044444444444444446
6 0.43359375 0.47314814814814815 0.011979166666666667 0.03333333333333333
8 0.43359375 0.4564814814814815 0.009895833333333333 0.027777777777777776
7 0.4119791666666667 0.4356481481481482 0.007291666666666667 0.01574074074074074
7 0.42864583333333334 0.49537037037037035 0.011458333333333333 0.1
7 0.4192708333333333 0.49953703703703706 0.017708333333333333 0.1287037037037037
7 0.4127604166666667 0.5120370370370371 0.0234375 0.1388888888888889
14 0.5247395833333334 0.43842592592592594 0.0234375 0.04537037037037037
3 0.5638020833333334 0.42453703703703705 0.0578125 0.06388888888888888
1 0.6213541666666667 0.4513888888888889 0.03125 0.032407407407407406
1 0.66328125 0.48148148148148145 0.058854166666666666 0.11296296296296296
4 0.8010416666666667 0.5166666666666667 0.17395833333333333 0.1574074074074074
10 0.8596354166666667 0.37546296296296294 0.05677083333333333 0.05277777777777778
7 0.8369791666666667 0.4689814814814815 0.028125 0.10277777777777777
7 0.7401041666666667 0.43148148148148147 0.014583333333333334 0.022222222222222223
8 0.6088541666666667 0.4546296296296296 0.0125 0.03148148148148148
8 0.6033854166666667 0.46111111111111114 0.015104166666666667 0.05
6 0.6083333333333333 0.47314814814814815 0.013541666666666667 0.012962962962962963
6 0.62734375 0.5277777777777778 0.04010416666666667 0.10925925925925926
8 0.6197916666666666 0.4439814814814815 0.004166666666666667 0.01574074074074074
8 0.6255208333333333 0.4648148148148148 0.03333333333333333 0.06296296296296296
6 0.5966145833333333 0.5634259259259259 0.04739583333333333 0.125
8 0.5908854166666667 0.49583333333333335 0.0296875 0.12314814814814815
8 0.5984375 0.5180555555555556 0.04479166666666667 0.14537037037037037
6 0.54921875 0.8050925925925926 0.12239583333333333 0.36018518518518516
8 0.5486979166666667 0.6578703703703703 0.1234375 0.41944444444444445
6 0.72265625 0.611574074074074 0.10260416666666666 0.23796296296296296
8 0.7247395833333333 0.5583333333333333 0.0890625 0.2222222222222222
7 0.9841145833333333 0.4787037037037037 0.0234375 0.13518518518518519
7 0.9575520833333333 0.45092592592592595 0.0234375 0.06296296296296296
7 0.9234375 0.4425925925925926 0.010416666666666666 0.024074074074074074
7 0.9286458333333333 0.4462962962962963 0.010416666666666666 0.014814814814814815
14 0.990625 0.5342592592592592 0.015625 0.053703703703703705
6 0.8268229166666666 0.7291666666666666 0.15052083333333333 0.30648148148148147
8 0.8278645833333333 0.6435185185185185 0.12760416666666666 0.39444444444444443
6 0.8783854166666667 0.9027777777777778 0.2421875 0.1925925925925926
8 0.9033854166666667 0.725 0.1890625 0.5481481481481482
4 0.56171875 0.4842592592592593 0.0640625 0.09814814814814815
7 0.7401041666666667 0.43333333333333335 0.014583333333333334 0.022222222222222223