1 0.005208333333333333 0.3787037037037037 0.010416666666666666 0.05
4 0.03333333333333333 0.39444444444444443 0.03958333333333333 0.040740740740740744
6 0.08203125 0.3902777777777778 0.021354166666666667 0.032407407407407406
4 0.16432291666666668 0.4185185185185185 0.0703125 0.07592592592592592
1 0.23229166666666667 0.42916666666666664 0.058333333333333334 0.09351851851851851
6 0.2708333333333333 0.4300925925925926 0.023958333333333335 0.03796296296296296
7 0.2838541666666667 0.425 0.017708333333333333 0.08518518518518518
4 0.6427083333333333 0.5152777777777777 0.21145833333333333 0.1824074074074074
6 0.75546875 0.5027777777777778 0.024479166666666666 0.08703703703703704
6 0.8372395833333334 0.5138888888888888 0.03177083333333333 0.08703703703703704
6 0.8776041666666666 0.5023148148148148 0.04375 0.12314814814814815
6 0.92734375 0.5087962962962963 0.0390625 0.12685185185185185
6 0.9833333333333333 0.5310185185185186 0.030208333333333334 0.11018518518518519