4 0.6296875 0.5300925925925926 0.027083333333333334 0.04351851851851852
4 0.5315104166666667 0.5300925925925926 0.008854166666666666 0.017592592592592594
14 0.5169270833333334 0.5236111111111111 0.0171875 0.03796296296296296
4 0.52265625 0.5300925925925926 0.0171875 0.025
6 0.50390625 0.538425925925926 0.008854166666666666 0.021296296296296296
8 0.5041666666666667 0.5282407407407408 0.011458333333333333 0.028703703703703703
6 0.5208333333333334 0.538425925925926 0.007291666666666667 0.019444444444444445
8 0.5213541666666667 0.5305555555555556 0.008333333333333333 0.025925925925925925
6 0.48723958333333334 0.538425925925926 0.0067708333333333336 0.017592592592592594
8 0.48489583333333336 0.5231481481481481 0.00625 0.012962962962962963
8 0.48541666666666666 0.5287037037037037 0.011458333333333333 0.027777777777777776
3 0.5552083333333333 0.5157407407407407 0.04479166666666667 0.08148148148148149
4 0.46328125 0.5337962962962963 0.030729166666666665 0.03981481481481482
4 0.57578125 0.5634259259259259 0.050520833333333334 0.0787037037037037
3 0.821875 0.49907407407407406 0.353125 0.9981481481481481
10 0.03854166666666667 0.4305555555555556 0.07708333333333334 0.1814814814814815