14 0.41119791666666666 0.5694444444444444 0.0109375 0.024074074074074074
4 0.42552083333333335 0.5722222222222222 0.01875 0.02962962962962963
6 0.45625 0.5791666666666667 0.016666666666666666 0.023148148148148147
7 0.5130208333333334 0.5995370370370371 0.017708333333333333 0.11203703703703703
7 0.5015625 0.5972222222222222 0.014583333333333334 0.08518518518518518
7 0.3984375 0.5722222222222222 0.004166666666666667 0.03148148148148148
6 0.4049479166666667 0.5810185185185185 0.0046875 0.017592592592592594
8 0.40338541666666666 0.5736111111111111 0.0067708333333333336 0.032407407407407406
6 0.43020833333333336 0.5745370370370371 0.008333333333333333 0.017592592592592594
8 0.42890625 0.5666666666666667 0.0078125 0.024074074074074074
8 0.4544270833333333 0.5708333333333333 0.009895833333333333 0.03981481481481482
14 0.3885416666666667 0.5574074074074075 0.00625 0.011111111111111112
7 0.38671875 0.5814814814814815 0.0067708333333333336 0.053703703703703705
7 0.39375 0.5819444444444445 0.0125 0.06388888888888888
7 0.3768229166666667 0.5833333333333334 0.0078125 0.05185185185185185
7 0.38177083333333334 0.5847222222222223 0.009375 0.06018518518518518
7 0.3723958333333333 0.5819444444444445 0.010416666666666666 0.058333333333333334
1 0.3494791666666667 0.5726851851851852 0.029166666666666667 0.06388888888888888
7 0.33203125 0.5791666666666667 0.016145833333333335 0.06944444444444445
7 0.36692708333333335 0.6523148148148148 0.0515625 0.19722222222222222
7 0.48151041666666666 0.575 0.0109375 0.037037037037037035
6 0.4953125 0.625462962962963 0.03125 0.08611111111111111
8 0.4947916666666667 0.5986111111111111 0.026041666666666668 0.08981481481481482
7 0.46770833333333334 0.6513888888888889 0.040625 0.18425925925925926
7 0.4388020833333333 0.6337962962962963 0.0328125 0.18981481481481483
7 0.42552083333333335 0.6569444444444444 0.03333333333333333 0.17685185185185184
8 0.5479166666666667 0.5949074074074074 0.019791666666666666 0.08981481481481482
6 0.5466145833333333 0.7023148148148148 0.018229166666666668 0.05462962962962963
8 0.5598958333333334 0.6486111111111111 0.03958333333333333 0.2175925925925926
8 0.5994791666666667 0.6675925925925926 0.07604166666666666 0.23148148148148148
6 0.59375 0.7416666666666667 0.10520833333333333 0.2
7 0.6713541666666667 0.5972222222222222 0.019791666666666666 0.06481481481481481
7 0.6940104166666666 0.5925925925925926 0.0203125 0.053703703703703705
8 0.6450520833333333 0.7810185185185186 0.059895833333333336 0.3824074074074074
8 0.6734375 0.7861111111111111 0.065625 0.4222222222222222
8 0.790625 0.6439814814814815 0.10833333333333334 0.18611111111111112
6 0.8229166666666666 0.8425925925925926 0.09791666666666667 0.30185185185185187
7 0.8794270833333333 0.7555555555555555 0.08072916666666667 0.37962962962962965
8 0.725 0.7856481481481481 0.109375 0.4212962962962963
6 0.75078125 0.8625 0.2203125 0.2675925925925926
6 0.90546875 0.9296296296296296 0.05572916666666667 0.12777777777777777
8 0.9502604166666667 0.7583333333333333 0.09635416666666667 0.4777777777777778
7 0.19166666666666668 0.5837962962962963 0.03333333333333333 0.09166666666666666
7 0.20364583333333333 0.6032407407407407 0.035416666666666666 0.06574074074074074