13 0.46432291666666664 0.5365740740740741 0.0265625 0.06574074074074074
13 0.42604166666666665 0.5254629629629629 0.05625 0.13240740740740742
13 0.37786458333333334 0.5467592592592593 0.07760416666666667 0.18981481481481483
7 0.41848958333333336 0.575925925925926 0.015104166666666667 0.08518518518518518
7 0.40677083333333336 0.5800925925925926 0.015625 0.09907407407407408
13 0.27109375 0.513425925925926 0.21302083333333333 0.3731481481481482
13 0.09661458333333334 0.5708333333333333 0.19322916666666667 0.5638888888888889
13 0.5484375 0.5282407407407408 0.013541666666666667 0.03611111111111111
4 0.5455729166666666 0.5412037037037037 0.011979166666666667 0.021296296296296296
6 0.5182291666666666 0.5569444444444445 0.0125 0.032407407407407406
8 0.5184895833333333 0.5449074074074074 0.0109375 0.026851851851851852
8 0.5182291666666666 0.55 0.011458333333333333 0.03888888888888889
4 0.584375 0.5370370370370371 0.007291666666666667 0.009259259259259259
13 0.615625 0.5310185185185186 0.021875 0.03796296296296296
10 0.5934895833333333 0.5171296296296296 0.0203125 0.008333333333333333
6 0.63125 0.6013888888888889 0.03958333333333333 0.09722222222222222
8 0.625 0.587037037037037 0.023958333333333335 0.08518518518518518
8 0.634375 0.5819444444444445 0.03125 0.10092592592592593
13 0.6677083333333333 0.5342592592592592 0.03229166666666667 0.04814814814814815
13 0.69765625 0.5324074074074074 0.04010416666666667 0.06851851851851852
4 0.7455729166666667 0.562037037037037 0.0453125 0.04814814814814815
6 0.6927083333333334 0.6407407407407407 0.051041666666666666 0.12777777777777777
8 0.6924479166666667 0.5949074074074074 0.044270833333333336 0.14907407407407408
10 0.6604166666666667 0.4625 0.021875 0.03981481481481482