10 0.3458333333333333 0.47962962962962963 0.005208333333333333 0.012962962962962963
4 0.3268229166666667 0.5787037037037037 0.09635416666666667 0.10185185185185185
8 0.3533854166666667 0.5828703703703704 0.0171875 0.08796296296296297
10 0.4747395833333333 0.5259259259259259 0.0046875 0.009259259259259259
10 0.46015625 0.5166666666666667 0.0046875 0.011111111111111112
10 0.42239583333333336 0.5013888888888889 0.005208333333333333 0.013888888888888888
13 0.43645833333333334 0.5333333333333333 0.036458333333333336 0.05925925925925926
14 0.5234375 0.5481481481481482 0.008333333333333333 0.011111111111111112
6 0.51796875 0.5486111111111112 0.0036458333333333334 0.010185185185185186
8 0.5174479166666667 0.5435185185185185 0.0036458333333333334 0.012962962962962963
8 0.5018229166666667 0.5435185185185185 0.0046875 0.009259259259259259
6 0.5015625 0.5509259259259259 0.00625 0.007407407407407408
6 0.49140625 0.55 0.0046875 0.009259259259259259
8 0.49140625 0.5439814814814815 0.005729166666666666 0.013888888888888888