14 0.3645833333333333 0.6013888888888889 0.007291666666666667 0.010185185185185186
7 0.36744791666666665 0.6032407407407407 0.0026041666666666665 0.010185185185185186
7 0.3645833333333333 0.6037037037037037 0.003125 0.007407407407407408
7 0.36484375 0.6203703703703703 0.0067708333333333336 0.03333333333333333
7 0.37005208333333334 0.6194444444444445 0.0067708333333333336 0.027777777777777776
14 0.37552083333333336 0.6162037037037037 0.009375 0.025
8 0.38229166666666664 0.6240740740740741 0.0125 0.04259259259259259
6 0.3828125 0.6365740740740741 0.011458333333333333 0.03611111111111111
7 0.4005208333333333 0.6300925925925925 0.007291666666666667 0.06018518518518518
7 0.40703125 0.6305555555555555 0.011979166666666667 0.05740740740740741
7 0.4114583333333333 0.6175925925925926 0.008333333333333333 0.04259259259259259
6 0.45260416666666664 0.6287037037037037 0.0125 0.04259259259259259
7 0.4549479166666667 0.6453703703703704 0.009895833333333333 0.053703703703703705
7 0.42161458333333335 0.6319444444444444 0.013020833333333334 0.06388888888888888
7 0.42578125 0.6370370370370371 0.011979166666666667 0.05925925925925926
7 0.43802083333333336 0.6351851851851852 0.014583333333333334 0.07222222222222222
7 0.42734375 0.649074074074074 0.009895833333333333 0.044444444444444446
7 0.39036458333333335 0.6810185185185185 0.030729166666666665 0.14351851851851852
7 0.5044270833333333 0.6375 0.0203125 0.12314814814814815
7 0.48411458333333335 0.6810185185185185 0.0328125 0.18055555555555555
7 0.6028645833333334 0.6365740740740741 0.025520833333333333 0.06759259259259259
6 0.6580729166666667 0.8 0.06822916666666666 0.29074074074074074
8 0.6513020833333333 0.6587962962962963 0.0671875 0.1398148148148148
7 0.7838541666666666 0.7921296296296296 0.06458333333333334 0.36944444444444446
6 0.9 0.9092592592592592 0.19791666666666666 0.17962962962962964
8 0.92578125 0.8115740740740741 0.12864583333333332 0.3712962962962963
6 0.5075520833333333 0.8245370370370371 0.028645833333333332 0.10092592592592593
8 0.5127604166666667 0.6574074074074074 0.03177083333333333 0.12037037037037036
8 0.53046875 0.7726851851851851 0.06510416666666667 0.36574074074074076
6 0.5942708333333333 0.8731481481481481 0.19270833333333334 0.24814814814814815
8 0.5901041666666667 0.8013888888888889 0.13958333333333334 0.39166666666666666
7 0.32890625 0.6129629629629629 0.0036458333333333334 0.012962962962962963
7 0.33151041666666664 0.6324074074074074 0.005729166666666666 0.04814814814814815
7 0.33567708333333335 0.6337962962962963 0.008854166666666666 0.06018518518518518
7 0.35390625 0.6222222222222222 0.0234375 0.05925925925925926
7 0.3416666666666667 0.6296296296296297 0.007291666666666667 0.05
7 0.35598958333333336 0.6907407407407408 0.03177083333333333 0.14444444444444443
7 0.32473958333333336 0.6194444444444445 0.0067708333333333336 0.02962962962962963
7 0.3184895833333333 0.6212962962962963 0.008854166666666666 0.03333333333333333
7 0.31354166666666666 0.6194444444444445 0.008333333333333333 0.02962962962962963
7 0.32760416666666664 0.6416666666666667 0.007291666666666667 0.03518518518518519
1 0.2955729166666667 0.6185185185185185 0.03177083333333333 0.05740740740740741
6 0.3065104166666667 0.6569444444444444 0.0484375 0.05092592592592592
8 0.30572916666666666 0.6393518518518518 0.019791666666666666 0.062037037037037036
8 0.29322916666666665 0.6425925925925926 0.021875 0.07407407407407407
7 0.24921875 0.7648148148148148 0.0671875 0.2814814814814815
7 0.05026041666666667 0.6680555555555555 0.0515625 0.11574074074074074
7 0.06145833333333333 0.6986111111111111 0.06145833333333333 0.09537037037037037