4 0.4114583333333333 0.5523148148148148 0.029166666666666667 0.04537037037037037
10 0.46484375 0.5194444444444445 0.0036458333333333334 0.009259259259259259
10 0.4356770833333333 0.5069444444444444 0.0046875 0.010185185185185186
10 0.4765625 0.5259259259259259 0.004166666666666667 0.009259259259259259
13 0.45026041666666666 0.5333333333333333 0.0265625 0.046296296296296294
6 0.4869791666666667 0.5453703703703704 0.004166666666666667 0.009259259259259259
6 0.5 0.5458333333333333 0.005208333333333333 0.008333333333333333
14 0.5203125 0.5430555555555555 0.009375 0.013888888888888888
8 0.5145833333333333 0.5402777777777777 0.005208333333333333 0.01574074074074074
8 0.5 0.5402777777777777 0.004166666666666667 0.013888888888888888
8 0.4869791666666667 0.5416666666666666 0.005208333333333333 0.016666666666666666
13 0.95703125 0.5532407407407407 0.0828125 0.10462962962962963