7 0.42890625 0.5763888888888888 0.011979166666666667 0.062037037037037036
4 0.4466145833333333 0.5666666666666667 0.024479166666666666 0.05
8 0.46588541666666666 0.5560185185185185 0.008854166666666666 0.028703703703703703
8 0.4700520833333333 0.5828703703703704 0.0171875 0.0787037037037037
7 0.45677083333333335 0.5587962962962963 0.00625 0.028703703703703703
6 0.4713541666666667 0.586574074074074 0.011458333333333333 0.028703703703703703
8 0.4786458333333333 0.5712962962962963 0.01875 0.05740740740740741
7 0.5825520833333333 0.5981481481481481 0.019270833333333334 0.08148148148148149
7 0.5971354166666667 0.6143518518518518 0.0171875 0.09722222222222222
7 0.6078125 0.6171296296296296 0.026041666666666668 0.17314814814814813
7 0.615625 0.5592592592592592 0.013541666666666667 0.05185185185185185
7 0.6356770833333333 0.5782407407407407 0.034895833333333334 0.09907407407407408
7 0.6322916666666667 0.6689814814814815 0.040625 0.22685185185185186
7 0.8471354166666667 0.5689814814814815 0.0359375 0.20462962962962963
7 0.6791666666666667 0.7203703703703703 0.09375 0.37777777777777777
7 0.7005208333333334 0.6421296296296296 0.042708333333333334 0.18055555555555555
7 0.74609375 0.7379629629629629 0.0671875 0.34444444444444444
6 0.834375 0.725462962962963 0.14791666666666667 0.22314814814814815
7 0.9026041666666667 0.6148148148148148 0.053125 0.18703703703703703
7 0.93359375 0.6175925925925926 0.04739583333333333 0.18888888888888888
7 0.9625 0.5439814814814815 0.041666666666666664 0.21388888888888888
7 0.9841145833333333 0.562037037037037 0.0296875 0.21666666666666667
6 0.96875 0.7129629629629629 0.059375 0.21666666666666667
8 0.97421875 0.6962962962962963 0.0484375 0.25
6 0.94453125 0.8245370370370371 0.1078125 0.3453703703703704
7 0.49140625 0.5467592592592593 0.005729166666666666 0.017592592592592594
7 0.4869791666666667 0.5504629629629629 0.005208333333333333 0.01574074074074074
4 0.5283854166666667 0.6458333333333334 0.13177083333333334 0.18796296296296297
7 0.40703125 0.5527777777777778 0.0046875 0.025925925925925925
7 0.44375 0.5856481481481481 0.015625 0.09166666666666666
7 0.41041666666666665 0.5555555555555556 0.010416666666666666 0.02962962962962963
7 0.4200520833333333 0.5837962962962963 0.0171875 0.08796296296296297
7 0.31015625 0.5634259259259259 0.016145833333333335 0.03611111111111111
7 0.29609375 0.5532407407407407 0.0203125 0.05648148148148148
7 0.34453125 0.6782407407407407 0.06197916666666667 0.2564814814814815
7 0.40703125 0.7606481481481482 0.09635416666666667 0.39166666666666666
7 0.17265625 0.5111111111111111 0.0390625 0.16666666666666666
7 0.15 0.5305555555555556 0.028125 0.18333333333333332
7 0.16614583333333333 0.5537037037037037 0.026041666666666668 0.1388888888888889
7 0.09557291666666666 0.4912037037037037 0.025520833333333333 0.15092592592592594
7 0.078125 0.5069444444444444 0.025 0.14537037037037037
7 0.10598958333333333 0.5106481481481482 0.0296875 0.12314814814814815
7 0.17057291666666666 0.7824074074074074 0.0828125 0.43148148148148147
7 0.1078125 0.7856481481481481 0.15416666666666667 0.41944444444444445
7 0.23567708333333334 0.7185185185185186 0.1171875 0.5592592592592592
8 0.5200520833333333 0.5430555555555555 0.018229166666666668 0.017592592592592594