4 0.0036458333333333334 0.42407407407407405 0.00625 0.018518518518518517
4 0.013541666666666667 0.42685185185185187 0.016666666666666666 0.014814814814814815
4 0.029166666666666667 0.4361111111111111 0.025 0.027777777777777776
4 0.007552083333333333 0.4685185185185185 0.015104166666666667 0.06851851851851852
4 0.04895833333333333 0.4773148148148148 0.07395833333333333 0.08796296296296297
1 0.11067708333333333 0.46111111111111114 0.0453125 0.05555555555555555
6 0.084375 0.4638888888888889 0.016666666666666666 0.04814814814814815
6 0.14010416666666667 0.5 0.026041666666666668 0.07407407407407407
8 0.1296875 0.4842592592592593 0.013541666666666667 0.08148148148148149
8 0.14088541666666668 0.4837962962962963 0.021354166666666667 0.07314814814814814
4 0.19140625 0.48842592592592593 0.06927083333333334 0.0787037037037037
4 0.25729166666666664 0.5050925925925925 0.071875 0.08796296296296297
6 0.3078125 0.5416666666666666 0.07291666666666667 0.08518518518518518
8 0.28958333333333336 0.524537037037037 0.03229166666666667 0.11944444444444445
8 0.30078125 0.524074074074074 0.025520833333333333 0.1111111111111111
8 0.3125 0.5282407407407408 0.021875 0.11203703703703703
4 0.40729166666666666 0.5254629629629629 0.10625 0.09166666666666666
6 0.5364583333333334 0.5342592592592592 0.03125 0.05555555555555555
4 0.6489583333333333 0.5768518518518518 0.20833333333333334 0.14444444444444443
6 0.80703125 0.524074074074074 0.028645833333333332 0.037037037037037035
6 0.8731770833333333 0.5106481481481482 0.0067708333333333336 0.010185185185185186
6 0.9341145833333333 0.5259259259259259 0.0359375 0.03148148148148148
6 0.9776041666666667 0.5611111111111111 0.0375 0.05925925925925926
6 0.9903645833333333 0.5662037037037037 0.015104166666666667 0.06018518518518518
4 0.8864583333333333 0.6189814814814815 0.22604166666666667 0.20833333333333334
7 0.10520833333333333 0.5402777777777777 0.0375 0.2361111111111111
8 0.11354166666666667 0.5578703703703703 0.05416666666666667 0.24537037037037038
7 0.7205729166666667 0.524074074074074 0.011979166666666667 0.02962962962962963
14 0.7330729166666666 0.5189814814814815 0.0140625 0.03425925925925926