3 0.5151041666666667 0.3736111111111111 0.030208333333333334 0.03796296296296296
3 0.4747395833333333 0.36157407407407405 0.033854166666666664 0.03796296296296296
14 0.496875 0.37407407407407406 0.0125 0.018518518518518517
4 0.5041666666666667 0.3875 0.021875 0.03425925925925926
4 0.48411458333333335 0.40046296296296297 0.034895833333333334 0.04722222222222222
3 0.4388020833333333 0.38055555555555554 0.06197916666666667 0.08703703703703704
13 0.5518229166666667 0.3824074074074074 0.03697916666666667 0.1037037037037037
4 0.5744791666666667 0.3925925925925926 0.014583333333333334 0.040740740740740744
7 0.6096354166666667 0.3851851851851852 0.0078125 0.022222222222222223
6 0.6057291666666667 0.42268518518518516 0.01875 0.06018518518518518
8 0.60625 0.40694444444444444 0.019791666666666666 0.062037037037037036
6 0.66328125 0.4236111111111111 0.018229166666666668 0.05462962962962963
8 0.6630208333333333 0.399537037037037 0.021875 0.05092592592592592
6 0.6513020833333333 0.4587962962962963 0.03697916666666667 0.10277777777777777
8 0.6515625 0.43194444444444446 0.034375 0.10648148148148148
6 0.75859375 0.6615740740740741 0.13385416666666666 0.3527777777777778
8 0.7598958333333333 0.5476851851851852 0.11354166666666667 0.3472222222222222
6 0.47213541666666664 0.4148148148148148 0.018229166666666668 0.03888888888888889
8 0.47239583333333335 0.40185185185185185 0.016666666666666666 0.05185185185185185
6 0.4596354166666667 0.4101851851851852 0.015104166666666667 0.03518518518518519
8 0.4591145833333333 0.40046296296296297 0.013020833333333334 0.04351851851851852
6 0.45364583333333336 0.4125 0.013541666666666667 0.032407407407407406
8 0.4515625 0.40185185185185185 0.014583333333333334 0.05
8 0.44765625 0.4050925925925926 0.013020833333333334 0.049074074074074076
8 0.44375 0.4083333333333333 0.014583333333333334 0.05185185185185185
6 0.43723958333333335 0.43194444444444446 0.0234375 0.06388888888888888
8 0.43723958333333335 0.41759259259259257 0.022395833333333334 0.06111111111111111
6 0.4231770833333333 0.4199074074074074 0.011979166666666667 0.03796296296296296
8 0.42421875 0.4074074074074074 0.011979166666666667 0.040740740740740744
6 0.41692708333333334 0.425 0.013020833333333334 0.03333333333333333
8 0.4158854166666667 0.4152777777777778 0.0140625 0.03981481481481482
10 0.5013020833333334 0.4064814814814815 0.0036458333333333334 0.005555555555555556
10 0.4903645833333333 0.4152777777777778 0.0046875 0.008333333333333333
10 0.4671875 0.42916666666666664 0.00625 0.008333333333333333
10 0.41744791666666664 0.4648148148148148 0.009895833333333333 0.016666666666666666
10 0.2 0.624537037037037 0.028125 0.04351851851851852
3 0.20677083333333332 0.39351851851851855 0.41354166666666664 0.7870370370370371
10 0.5096354166666667 0.39814814814814814 0.0036458333333333334 0.005555555555555556