14 0.12526041666666668 0.5814814814814815 0.008854166666666666 0.020370370370370372
8 0.11614583333333334 0.5976851851851852 0.0125 0.03981481481481482
6 0.11510416666666666 0.6027777777777777 0.010416666666666666 0.018518518518518517
14 0.09635416666666667 0.5861111111111111 0.010416666666666666 0.022222222222222223
1 0.05182291666666667 0.6439814814814815 0.07135416666666666 0.14351851851851852
7 0.1328125 0.5856481481481481 0.009375 0.026851851851851852
7 0.14166666666666666 0.586574074074074 0.008333333333333333 0.028703703703703703
7 0.159375 0.587037037037037 0.009375 0.024074074074074074
7 0.17604166666666668 0.6037037037037037 0.013541666666666667 0.06296296296296296
7 0.16744791666666667 0.6097222222222223 0.0140625 0.04722222222222222
6 0.25286458333333334 0.6393518518518518 0.0265625 0.0787037037037037
6 0.24036458333333333 0.6578703703703703 0.058854166666666666 0.11018518518518519
6 0.23671875 0.6722222222222223 0.059895833333333336 0.12222222222222222
8 0.20208333333333334 0.6277777777777778 0.04375 0.10555555555555556
6 0.20026041666666666 0.6796296296296296 0.05572916666666667 0.12407407407407407
8 0.16484375 0.6152777777777778 0.05677083333333333 0.10092592592592593
1 0.29921875 0.6754629629629629 0.03177083333333333 0.09722222222222222
6 0.103125 0.6333333333333333 0.023958333333333335 0.07222222222222222
8 0.10338541666666666 0.6106481481481482 0.024479166666666666 0.0787037037037037
8 0.11432291666666666 0.6157407407407407 0.0140625 0.06851851851851852
7 0.6846354166666667 0.26435185185185184 0.0390625 0.12314814814814815
6 0.15963541666666667 0.7518518518518519 0.07760416666666667 0.15185185185185185
8 0.15755208333333334 0.7111111111111111 0.0828125 0.24444444444444444
7 0.8140625 0.6259259259259259 0.03854166666666667 0.19444444444444445
1 0.8244791666666667 0.7717592592592593 0.35 0.4546296296296296
6 0.21953125 0.8888888888888888 0.2484375 0.22037037037037038
8 0.11067708333333333 0.8060185185185185 0.19635416666666666 0.375
8 0.024739583333333332 0.8282407407407407 0.049479166666666664 0.3416666666666667