10 0.49296875 0.5347222222222222 0.0036458333333333334 0.01574074074074074
13 0.5544270833333333 0.5236111111111111 0.009895833333333333 0.023148148148148147
4 0.5471354166666667 0.5305555555555556 0.008854166666666666 0.016666666666666666
4 0.6307291666666667 0.5356481481481481 0.016666666666666666 0.023148148148148147
10 0.7276041666666667 0.5583333333333333 0.010416666666666666 0.06111111111111111
6 0.6916666666666667 0.5532407407407407 0.0125 0.023148148148148147
6 0.7083333333333334 0.5509259259259259 0.010416666666666666 0.025925925925925925
8 0.7075520833333333 0.5453703703703704 0.009895833333333333 0.02962962962962963
8 0.6890625 0.5421296296296296 0.003125 0.017592592592592594
8 0.6921875 0.5462962962962963 0.00625 0.025925925925925925
6 0.5302083333333333 0.5351851851851852 0.004166666666666667 0.011111111111111112
8 0.5296875 0.5300925925925926 0.004166666666666667 0.013888888888888888
6 0.5317708333333333 0.5356481481481481 0.005208333333333333 0.012037037037037037
8 0.5315104166666667 0.5310185185185186 0.0046875 0.01574074074074074
6 0.5127604166666667 0.5398148148148149 0.0067708333333333336 0.016666666666666666
8 0.5127604166666667 0.5337962962962963 0.005729166666666666 0.021296296296296296
10 0.5716145833333334 0.5037037037037037 0.024479166666666666 0.009259259259259259
6 0.39609375 0.6824074074074075 0.0671875 0.2
8 0.39557291666666666 0.6310185185185185 0.0546875 0.20462962962962963
9 0.6731770833333334 0.44027777777777777 0.013020833333333334 0.021296296296296296
10 0.7005208333333334 0.45092592592592595 0.015625 0.02962962962962963