1 0.44427083333333334 0.5273148148148148 0.008333333333333333 0.017592592592592594
6 0.44947916666666665 0.5282407407407408 0.004166666666666667 0.019444444444444445
14 0.46484375 0.5314814814814814 0.005729166666666666 0.022222222222222223
7 0.4674479166666667 0.5328703703703703 0.0046875 0.017592592592592594
6 0.4700520833333333 0.5361111111111111 0.0036458333333333334 0.016666666666666666
6 0.47265625 0.5439814814814815 0.005729166666666666 0.025
8 0.47369791666666666 0.5370370370370371 0.0067708333333333336 0.024074074074074074
14 0.48125 0.5375 0.007291666666666667 0.019444444444444445
6 0.4875 0.5458333333333333 0.009375 0.025
8 0.48671875 0.537962962962963 0.009895833333333333 0.025925925925925925
1 0.51171875 0.5449074074074074 0.0421875 0.10462962962962963
7 0.5317708333333333 0.5416666666666666 0.008333333333333333 0.03333333333333333
6 0.5356770833333333 0.549537037037037 0.0109375 0.017592592592592594
1 0.5536458333333333 0.5583333333333333 0.03229166666666667 0.05925925925925926
6 0.5734375 0.5601851851851852 0.017708333333333333 0.027777777777777776
6 0.55234375 0.5930555555555556 0.0328125 0.0787037037037037
8 0.5520833333333334 0.5736111111111111 0.021875 0.08611111111111111
1 0.60703125 0.5787037037037037 0.05260416666666667 0.08703703703703704
6 0.6825520833333333 0.6513888888888889 0.04739583333333333 0.11574074074074074
8 0.6822916666666666 0.6189814814814815 0.042708333333333334 0.13425925925925927
6 0.6080729166666666 0.6513888888888889 0.049479166666666664 0.15092592592592594
8 0.60859375 0.6129629629629629 0.0484375 0.1425925925925926
6 0.45625 0.5666666666666667 0.01875 0.05185185185185185
8 0.45625 0.5518518518518518 0.01875 0.05925925925925926
14 0.434375 0.5412037037037037 0.011458333333333333 0.026851851851851852
7 0.42604166666666665 0.549074074074074 0.014583333333333334 0.06666666666666667
4 0.41848958333333336 0.5472222222222223 0.013020833333333334 0.05
14 0.36666666666666664 0.5708333333333333 0.029166666666666667 0.06018518518518518
1 0.39921875 0.5745370370370371 0.0515625 0.10462962962962963
6 0.34010416666666665 0.5851851851851851 0.05416666666666667 0.06296296296296296
6 0.2872395833333333 0.5606481481481481 0.027604166666666666 0.04537037037037037
6 0.2794270833333333 0.5662037037037037 0.0359375 0.049074074074074076
6 0.33645833333333336 0.612037037037037 0.06875 0.08703703703703704
6 0.2994791666666667 0.6199074074074075 0.078125 0.08796296296296297
6 0.290625 0.6365740740740741 0.078125 0.06574074074074074
6 0.28098958333333335 0.6407407407407407 0.06822916666666666 0.08703703703703704
6 0.25052083333333336 0.6662037037037037 0.09895833333333333 0.09537037037037037
6 0.240625 0.6907407407407408 0.10104166666666667 0.14444444444444443
14 0.16927083333333334 0.7347222222222223 0.18854166666666666 0.23055555555555557
14 0.7083333333333334 0.5939814814814814 0.05416666666666667 0.06944444444444445
6 0.68984375 0.5666666666666667 0.0328125 0.04259259259259259
7 0.34270833333333334 0.5342592592592592 0.007291666666666667 0.037037037037037035
7 0.33828125 0.5416666666666666 0.009895833333333333 0.03148148148148148
10 0.37916666666666665 0.5 0.010416666666666666 0.014814814814814815