8 0.5682291666666667 0.4375 0.00625 0.023148148148148147
13 0.6473958333333333 0.4828703703703704 0.16770833333333332 0.41944444444444445
7 0.72265625 0.44675925925925924 0.011979166666666667 0.08055555555555556
4 0.5653645833333333 0.4356481481481482 0.008854166666666666 0.019444444444444445
3 0.54609375 0.43333333333333335 0.033854166666666664 0.03148148148148148
13 0.53203125 0.43425925925925923 0.0171875 0.016666666666666666
4 0.5557291666666667 0.4444444444444444 0.013541666666666667 0.011111111111111112
4 0.54765625 0.44305555555555554 0.011979166666666667 0.01574074074074074
4 0.5372395833333333 0.4449074074074074 0.0171875 0.019444444444444445
4 0.5263020833333333 0.44907407407407407 0.0203125 0.022222222222222223
1 0.50390625 0.4537037037037037 0.025520833333333333 0.040740740740740744
1 0.4791666666666667 0.4587962962962963 0.03229166666666667 0.041666666666666664
4 0.4700520833333333 0.4703703703703704 0.0359375 0.044444444444444446
1 0.440625 0.47453703703703703 0.036458333333333336 0.062037037037037036
1 0.39296875 0.4949074074074074 0.0765625 0.09907407407407408
3 0.37161458333333336 0.4638888888888889 0.14635416666666667 0.16111111111111112
6 0.3106770833333333 0.5361111111111111 0.043229166666666666 0.06851851851851852
3 0.12161458333333333 0.5111111111111111 0.24322916666666666 0.3907407407407407
10 0.3729166666666667 0.5263888888888889 0.00625 0.012037037037037037
8 0.5153645833333333 0.45092592592592595 0.0171875 0.03148148148148148
6 0.33255208333333336 0.524537037037037 0.021354166666666667 0.05648148148148148
8 0.32890625 0.5111111111111111 0.021354166666666667 0.07777777777777778
8 0.32447916666666665 0.5111111111111111 0.027083333333333334 0.08888888888888889
8 0.31197916666666664 0.512962962962963 0.03854166666666667 0.09259259259259259
6 0.5158854166666667 0.462037037037037 0.0171875 0.014814814814814815