10 0.43802083333333336 0.4875 0.013541666666666667 0.023148148148148147
13 0.44088541666666664 0.5300925925925926 0.018229166666666668 0.028703703703703703
7 0.42578125 0.5592592592592592 0.009895833333333333 0.05925925925925926
7 0.4205729166666667 0.5597222222222222 0.0140625 0.062037037037037036
7 0.4109375 0.5666666666666667 0.0125 0.046296296296296294
7 0.3966145833333333 0.5592592592592592 0.016145833333333335 0.06111111111111111
13 0.5075520833333333 0.5203703703703704 0.0203125 0.04259259259259259
13 0.48463541666666665 0.5203703703703704 0.0265625 0.046296296296296294
13 0.5403645833333334 0.5203703703703704 0.021354166666666667 0.053703703703703705
4 0.53125 0.537962962962963 0.015625 0.02962962962962963
6 0.5151041666666667 0.6407407407407407 0.04895833333333333 0.14444444444444443
8 0.5138020833333333 0.5856481481481481 0.044270833333333336 0.12314814814814815
8 0.51484375 0.5976851851851852 0.04635416666666667 0.14537037037037037
10 0.31536458333333334 0.6166666666666667 0.0171875 0.046296296296296294