14 0.61796875 0.3819444444444444 0.015104166666666667 0.017592592592592594
3 0.5950520833333334 0.3814814814814815 0.033854166666666664 0.027777777777777776
14 0.5854166666666667 0.38796296296296295 0.022916666666666665 0.025925925925925925
4 0.5760416666666667 0.39537037037037037 0.013541666666666667 0.020370370370370372
8 0.5953125 0.3875 0.008333333333333333 0.01574074074074074
1 0.5598958333333334 0.39814814814814814 0.021875 0.03333333333333333
1 0.5411458333333333 0.40555555555555556 0.026041666666666668 0.03888888888888889
8 0.5700520833333333 0.39814814814814814 0.0140625 0.025925925925925925
1 0.5111979166666667 0.4111111111111111 0.033854166666666664 0.046296296296296294
1 0.49713541666666666 0.42083333333333334 0.049479166666666664 0.06018518518518518
3 0.45755208333333336 0.4074074074074074 0.10989583333333333 0.1259259259259259
8 0.47291666666666665 0.41388888888888886 0.008333333333333333 0.02962962962962963
6 0.4661458333333333 0.4425925925925926 0.023958333333333335 0.040740740740740744
8 0.4700520833333333 0.4305555555555556 0.0140625 0.04814814814814815
8 0.46484375 0.4324074074074074 0.022395833333333334 0.05
10 0.46458333333333335 0.45416666666666666 0.00625 0.012037037037037037
6 0.4278645833333333 0.4513888888888889 0.016145833333333335 0.041666666666666664
8 0.43072916666666666 0.4393518518518518 0.017708333333333333 0.06018518518518518
6 0.4361979166666667 0.4527777777777778 0.022395833333333334 0.046296296296296294
8 0.4375 0.43842592592592594 0.021875 0.05648148148148148
13 0.76328125 0.4546296296296296 0.28072916666666664 0.5796296296296296
3 0.21510416666666668 0.45601851851851855 0.3614583333333333 0.30277777777777776
4 0.5361979166666667 0.41064814814814815 0.0265625 0.028703703703703703