7 0.5325520833333334 0.5296296296296297 0.005729166666666666 0.040740740740740744
1 0.54296875 0.5361111111111111 0.021354166666666667 0.044444444444444446
13 0.6330729166666667 0.5152777777777777 0.0203125 0.05277777777777778
1 0.6591145833333333 0.5217592592592593 0.0421875 0.05092592592592592
6 0.6369791666666667 0.5388888888888889 0.00625 0.012962962962962963
8 0.6359375 0.5287037037037037 0.008333333333333333 0.024074074074074074
6 0.9526041666666667 0.6615740740740741 0.09375 0.1398148148148148
3 0.42421875 0.48935185185185187 0.21614583333333334 0.36018518518518516
4 0.5984375 0.5282407407407408 0.011458333333333333 0.026851851851851852
1 0.578125 0.5439814814814815 0.034375 0.06759259259259259
14 0.61328125 0.5259259259259259 0.011979166666666667 0.024074074074074074
6 0.5966145833333333 0.5439814814814815 0.0067708333333333336 0.006481481481481481
8 0.6109375 0.5319444444444444 0.008333333333333333 0.03425925925925926
8 0.6028645833333334 0.5361111111111111 0.019270833333333334 0.03888888888888889
8 0.9763020833333333 0.6212962962962963 0.04635416666666667 0.17962962962962964
4 0.5981770833333333 0.7712962962962963 0.6109375 0.45555555555555555
4 0.8325520833333333 0.5509259259259259 0.0234375 0.025925925925925925
14 0.7901041666666667 0.5347222222222222 0.0125 0.025
4 0.7994791666666666 0.5481481481481482 0.016666666666666666 0.022222222222222223
4 0.7309895833333333 0.5347222222222222 0.016145833333333335 0.013888888888888888
13 0.7471354166666667 0.5203703703703704 0.016145833333333335 0.018518518518518517
4 0.7361979166666667 0.5185185185185185 0.0078125 0.014814814814814815
4 0.7651041666666667 0.5393518518518519 0.011458333333333333 0.01574074074074074
6 0.7802083333333333 0.5439814814814815 0.008333333333333333 0.010185185185185186
8 0.7802083333333333 0.538425925925926 0.009375 0.017592592592592594
7 0.7440104166666667 0.5337962962962963 0.009895833333333333 0.023148148148148147
8 0.7526041666666666 0.5365740740740741 0.010416666666666666 0.013888888888888888
8 0.76171875 0.537962962962963 0.008854166666666666 0.011111111111111112
6 0.7747395833333334 0.5467592592592593 0.0078125 0.012037037037037037
8 0.7747395833333334 0.5361111111111111 0.008854166666666666 0.014814814814814815