4 0.38125 0.5013888888888889 0.053125 0.075
13 0.410546875 0.46805555555555556 0.01796875 0.03333333333333333
1 0.610546875 0.4979166666666667 0.03671875 0.059722222222222225
1 0.662109375 0.50625 0.06328125 0.08472222222222223
4 0.8125 0.5979166666666667 0.259375 0.25972222222222224
4 0.96328125 0.5819444444444445 0.071875 0.24166666666666667
6 0.84296875 0.6493055555555556 0.153125 0.2263888888888889
8 0.855078125 0.6020833333333333 0.06484375 0.23472222222222222
6 0.9 0.73125 0.1984375 0.30416666666666664
8 0.949609375 0.5944444444444444 0.07734375 0.19166666666666668
8 0.940234375 0.7256944444444444 0.08515625 0.43472222222222223
6 0.55625 0.5465277777777777 0.0671875 0.08194444444444444
8 0.57578125 0.4986111111111111 0.0140625 0.05277777777777778
8 0.560546875 0.5215277777777778 0.03046875 0.09861111111111111
7 0.61171875 0.5416666666666666 0.0203125 0.1361111111111111
6 0.6625 0.5798611111111112 0.0703125 0.11805555555555555
8 0.6421875 0.5666666666666667 0.03125 0.15833333333333333
8 0.671484375 0.5805555555555556 0.03359375 0.19444444444444445
6 0.591015625 0.6145833333333334 0.11484375 0.16805555555555557
8 0.598828125 0.5638888888888889 0.05390625 0.18055555555555555
13 0.669140625 0.4597222222222222 0.08046875 0.06388888888888888
6 0.351953125 0.5277777777777778 0.02421875 0.06111111111111111
6 0.333203125 0.5319444444444444 0.02578125 0.08055555555555556
7 0.325390625 0.49027777777777776 0.01953125 0.08055555555555556
7 0.28125 0.5520833333333334 0.0265625 0.13194444444444445
7 0.258984375 0.55625 0.04140625 0.14583333333333334
7 0.21328125 0.5493055555555556 0.0328125 0.16527777777777777
7 0.257421875 0.47430555555555554 0.01171875 0.0625
7 0.11875 0.4826388888888889 0.025 0.0875
7 0.104296875 0.5 0.02109375 0.05277777777777778
7 0.084765625 0.49166666666666664 0.03046875 0.08611111111111111
7 0.143359375 0.4986111111111111 0.02890625 0.06666666666666667
7 0.163671875 0.5027777777777778 0.02109375 0.05555555555555555
6 0.386328125 0.7645833333333333 0.10703125 0.34305555555555556
8 0.386328125 0.6951388888888889 0.09296875 0.38472222222222224
8 0.384765625 0.6555555555555556 0.11015625 0.35833333333333334
1 0.426171875 0.6006944444444444 0.10703125 0.2513888888888889
4 0.124609375 0.7486111111111111 0.24921875 0.49722222222222223
6 0.182421875 0.5333333333333333 0.03046875 0.019444444444444445
14 0.58359375 0.47708333333333336 0.03125 0.029166666666666667
4 0.558984375 0.5270833333333333 0.05546875 0.08194444444444444
14 0.521875 0.46597222222222223 0.009375 0.04027777777777778