6 0.4578125 0.575462962962963 0.00625 0.023148148148148147
8 0.45703125 0.5680555555555555 0.0067708333333333336 0.025
6 0.4630208333333333 0.5745370370370371 0.009375 0.025
8 0.46197916666666666 0.5666666666666667 0.009375 0.03148148148148148
4 0.47760416666666666 0.5699074074074074 0.017708333333333333 0.028703703703703703
7 0.48515625 0.562962962962963 0.0078125 0.037037037037037035
7 0.5661458333333333 0.6055555555555555 0.014583333333333334 0.06111111111111111
7 0.55 0.5949074074074074 0.01875 0.08425925925925926
7 0.5354166666666667 0.5921296296296297 0.015625 0.09907407407407408
7 0.5263020833333333 0.5953703703703703 0.0140625 0.09074074074074075
7 0.5041666666666667 0.5916666666666667 0.0375 0.05185185185185185
7 0.44817708333333334 0.5814814814814815 0.013020833333333334 0.07037037037037037
7 0.43828125 0.5717592592592593 0.0109375 0.049074074074074076
1 0.4010416666666667 0.5699074074074074 0.035416666666666666 0.06944444444444445
7 0.40208333333333335 0.5819444444444445 0.015625 0.0712962962962963
7 0.4200520833333333 0.5699074074074074 0.0109375 0.03796296296296296
7 0.5080729166666667 0.6805555555555556 0.0484375 0.24074074074074073
7 0.42421875 0.6537037037037037 0.0421875 0.19074074074074074
7 0.4708333333333333 0.674537037037037 0.04375 0.22314814814814815
7 0.2559895833333333 0.5768518518518518 0.0265625 0.08518518518518518
7 0.27265625 0.5953703703703703 0.0296875 0.06111111111111111
7 0.04114583333333333 0.5958333333333333 0.03229166666666667 0.275
7 0.03046875 0.5708333333333333 0.059895833333333336 0.38981481481481484
7 0.6515625 0.5680555555555555 0.011458333333333333 0.030555555555555555
6 0.603125 0.6754629629629629 0.030208333333333334 0.0787037037037037
8 0.6046875 0.600462962962963 0.019791666666666666 0.10648148148148148
8 0.61328125 0.6388888888888888 0.034895833333333334 0.1962962962962963
6 0.62890625 0.7129629629629629 0.07135416666666666 0.15925925925925927
8 0.6346354166666667 0.6625 0.050520833333333334 0.22870370370370371
7 0.7807291666666667 0.6837962962962963 0.035416666666666666 0.23425925925925925
8 0.7622395833333333 0.6222222222222222 0.06822916666666666 0.14629629629629629
6 0.7703125 0.7060185185185185 0.04791666666666667 0.09722222222222222
8 0.6643229166666667 0.7356481481481482 0.0453125 0.31203703703703706
8 0.6778645833333333 0.7620370370370371 0.05260416666666667 0.37592592592592594
8 0.71484375 0.7842592592592592 0.0859375 0.4203703703703704
6 0.7408854166666666 0.8430555555555556 0.16510416666666666 0.3101851851851852
6 0.9184895833333333 0.8851851851851852 0.15885416666666666 0.22407407407407406
8 0.8966145833333333 0.7675925925925926 0.1015625 0.45925925925925926
8 0.9549479166666667 0.7768518518518519 0.08697916666666666 0.4425925925925926
6 0.8950520833333333 0.9606481481481481 0.08072916666666667 0.06944444444444445