7 0.4979166666666667 0.5560185185185185 0.007291666666666667 0.023148148148148147
7 0.50546875 0.5712962962962963 0.0109375 0.06481481481481481
14 0.5393229166666667 0.5578703703703703 0.009895833333333333 0.023148148148148147
7 0.53671875 0.5587962962962963 0.0067708333333333336 0.028703703703703703
6 0.5442708333333334 0.5680555555555555 0.010416666666666666 0.026851851851851852
8 0.5442708333333334 0.5615740740740741 0.007291666666666667 0.03981481481481482
7 0.5502604166666667 0.5472222222222223 0.005729166666666666 0.022222222222222223
6 0.5502604166666667 0.5837962962962963 0.008854166666666666 0.03796296296296296
8 0.5515625 0.5703703703703704 0.009375 0.05185185185185185
6 0.5606770833333333 0.5907407407407408 0.018229166666666668 0.05
7 0.5729166666666666 0.5699074074074074 0.010416666666666666 0.05648148148148148
8 0.5611979166666666 0.575462962962963 0.0171875 0.06388888888888888
7 0.5802083333333333 0.5587962962962963 0.011458333333333333 0.04537037037037037
8 0.5731770833333333 0.6087962962962963 0.0203125 0.11574074074074074
8 0.5822916666666667 0.6175925925925926 0.035416666666666666 0.13518518518518519
7 0.5940104166666667 0.5458333333333333 0.008854166666666666 0.025
7 0.6200520833333333 0.5675925925925925 0.009895833333333333 0.03518518518518519
7 0.6143229166666667 0.5662037037037037 0.008854166666666666 0.03425925925925926
7 0.63203125 0.5967592592592592 0.0171875 0.09722222222222222
8 0.6473958333333333 0.5912037037037037 0.019791666666666666 0.09351851851851851
8 0.6513020833333333 0.5884259259259259 0.019270833333333334 0.09907407407407408
8 0.6627604166666666 0.5847222222222223 0.033854166666666664 0.09351851851851851
6 0.65 0.6106481481481482 0.015625 0.01574074074074074
7 0.7364583333333333 0.5712962962962963 0.015625 0.014814814814814815
7 0.7880208333333333 0.5472222222222223 0.036458333333333336 0.06851851851851852
7 0.815625 0.5537037037037037 0.029166666666666667 0.05740740740740741
7 0.84765625 0.5777777777777777 0.019270833333333334 0.025925925925925925
7 0.8817708333333333 0.5675925925925925 0.046875 0.08518518518518518
7 0.9354166666666667 0.6111111111111112 0.040625 0.11296296296296296
6 0.60703125 0.700925925925926 0.0640625 0.17407407407407408
8 0.6083333333333333 0.6462962962962963 0.06145833333333333 0.20925925925925926
4 0.52890625 0.5662037037037037 0.019270833333333334 0.03796296296296296
7 0.5317708333333333 0.5675925925925925 0.009375 0.03888888888888889
7 0.5130208333333334 0.5837962962962963 0.01875 0.08611111111111111
7 0.5270833333333333 0.5856481481481481 0.01875 0.08796296296296297
7 0.49609375 0.674537037037037 0.0546875 0.24351851851851852
7 0.4622395833333333 0.7398148148148148 0.0859375 0.4685185185185185
7 0.31875 0.5574074074074075 0.03125 0.1648148148148148
7 0.26796875 0.5254629629629629 0.050520833333333334 0.23055555555555557
7 0.2234375 0.5601851851851852 0.028125 0.15185185185185185
7 0.2 0.5273148148148148 0.04791666666666667 0.21944444444444444
7 0.17109375 0.5342592592592592 0.0453125 0.18703703703703703
7 0.125 0.5273148148148148 0.035416666666666666 0.2101851851851852
7 0.08880208333333334 0.5125 0.03177083333333333 0.22870370370370371
7 0.06536458333333334 0.5217592592592593 0.0546875 0.2361111111111111
7 0.018229166666666668 0.5055555555555555 0.036458333333333336 0.3055555555555556
7 0.35494791666666664 0.6416666666666667 0.059895833333333336 0.1259259259259259
7 0.37083333333333335 0.7685185185185185 0.109375 0.45740740740740743
4 0.8044270833333333 0.7870370370370371 0.38697916666666665 0.4222222222222222