4 0.17005208333333333 0.5370370370370371 0.0296875 0.037037037037037035
13 0.11119791666666666 0.5050925925925925 0.030729166666666665 0.04537037037037037
4 0.22604166666666667 0.45555555555555555 0.016666666666666666 0.009259259259259259
10 0.25625 0.4976851851851852 0.010416666666666666 0.021296296296296296
10 0.29348958333333336 0.49675925925925923 0.0234375 0.04351851851851852
10 0.22005208333333334 0.4976851851851852 0.005729166666666666 0.013888888888888888
10 0.17526041666666667 0.49583333333333335 0.0067708333333333336 0.012037037037037037
10 0.08151041666666667 0.48842592592592593 0.0046875 0.012037037037037037
10 0.12994791666666666 0.49212962962962964 0.0026041666666666665 0.010185185185185186
13 0.45234375 0.5277777777777778 0.0265625 0.06481481481481481
13 0.42213541666666665 0.5300925925925926 0.0453125 0.08796296296296297
13 0.484375 0.5347222222222222 0.013541666666666667 0.021296296296296296
13 0.5276041666666667 0.5351851851851852 0.00625 0.022222222222222223
13 0.5205729166666667 0.5333333333333333 0.013020833333333334 0.027777777777777776
4 0.5127604166666667 0.5425925925925926 0.0046875 0.012962962962962963
6 0.5080729166666667 0.5587962962962963 0.009895833333333333 0.025
8 0.5080729166666667 0.5476851851851852 0.0109375 0.030555555555555555
4 0.49192708333333335 0.5435185185185185 0.011979166666666667 0.024074074074074074
6 0.4940104166666667 0.5532407407407407 0.0067708333333333336 0.01574074074074074
8 0.49453125 0.5453703703703704 0.0067708333333333336 0.022222222222222223
6 0.7778645833333333 0.5675925925925925 0.0109375 0.022222222222222223
8 0.7778645833333333 0.5569444444444445 0.008854166666666666 0.032407407407407406