3 0.0140625 0.3912037037037037 0.028125 0.09907407407407408
3 0.10026041666666667 0.40879629629629627 0.15572916666666667 0.18055555555555555
7 0.23541666666666666 0.4532407407407407 0.013541666666666667 0.07685185185185185
7 0.2671875 0.45231481481481484 0.014583333333333334 0.09722222222222222
7 0.2755208333333333 0.4300925925925926 0.011458333333333333 0.0824074074074074
7 0.3421875 0.47685185185185186 0.015625 0.09814814814814815
7 0.37734375 0.44722222222222224 0.0140625 0.05
7 0.4640625 0.4476851851851852 0.008333333333333333 0.013888888888888888
7 0.4791666666666667 0.44907407407407407 0.008333333333333333 0.014814814814814815
7 0.4984375 0.4513888888888889 0.007291666666666667 0.010185185185185186
7 0.5166666666666667 0.44814814814814813 0.011458333333333333 0.012962962962962963
7 0.5466145833333333 0.44907407407407407 0.0109375 0.014814814814814815
7 0.5755208333333334 0.4652777777777778 0.015625 0.032407407407407406
7 0.59140625 0.49953703703703706 0.024479166666666666 0.09907407407407408
7 0.6125 0.5046296296296297 0.03333333333333333 0.11296296296296296
7 0.6658854166666667 0.5180555555555556 0.0359375 0.16203703703703703
7 0.9372395833333333 0.48842592592592593 0.034895833333333334 0.06388888888888888
6 0.04609375 0.45 0.025520833333333333 0.04814814814814815
8 0.04296875 0.42314814814814816 0.0265625 0.053703703703703705
6 0.008854166666666666 0.46944444444444444 0.017708333333333333 0.07592592592592592
8 0.009895833333333333 0.42314814814814816 0.019791666666666666 0.04814814814814815
6 0.030989583333333334 0.5407407407407407 0.05572916666666667 0.13333333333333333
8 0.0296875 0.49212962962962964 0.05625 0.17314814814814813
6 0.215625 0.5268518518518519 0.023958333333333335 0.13703703703703704
8 0.2 0.4648148148148148 0.040625 0.09444444444444444
6 0.18489583333333334 0.5736111111111111 0.08541666666666667 0.19166666666666668
8 0.16171875 0.5041666666666667 0.0296875 0.1824074074074074
8 0.19036458333333334 0.5287037037037037 0.06302083333333333 0.2
6 0.3546875 0.5773148148148148 0.03333333333333333 0.09351851851851851
8 0.37552083333333336 0.49583333333333335 0.020833333333333332 0.09907407407407408
1 0.4940104166666667 0.6393518518518518 0.2515625 0.3824074074074074
6 0.43697916666666664 0.7671296296296296 0.24166666666666667 0.35833333333333334
8 0.41822916666666665 0.6388888888888888 0.128125 0.3685185185185185
10 0.21510416666666668 0.7726851851851851 0.051041666666666666 0.0787037037037037
1 0.8653645833333333 0.7453703703703703 0.2671875 0.5074074074074074
7 0.315625 0.48935185185185187 0.017708333333333333 0.11203703703703703
7 0.3265625 0.4949074074074074 0.019791666666666666 0.10462962962962963