1 0.43359375 0.5388888888888889 0.016145833333333335 0.012962962962962963
1 0.45234375 0.5587962962962963 0.024479166666666666 0.05462962962962963
1 0.48463541666666665 0.5532407407407407 0.025520833333333333 0.05462962962962963
6 0.5052083333333334 0.5634259259259259 0.014583333333333334 0.041666666666666664
8 0.50546875 0.5550925925925926 0.016145833333333335 0.04351851851851852
6 0.5260416666666666 0.5662037037037037 0.016666666666666666 0.03981481481481482
8 0.5260416666666666 0.5546296296296296 0.014583333333333334 0.044444444444444446
1 0.5596354166666667 0.5578703703703703 0.03177083333333333 0.06018518518518518
13 0.6625 0.5009259259259259 0.10104166666666667 0.04814814814814815
13 0.73671875 0.600925925925926 0.1421875 0.18333333333333332
7 0.725 0.6111111111111112 0.030208333333333334 0.18518518518518517
1 0.634375 0.6222222222222222 0.09479166666666666 0.20925925925925926
6 0.48046875 0.5810185185185185 0.016145833333333335 0.04351851851851852
8 0.48098958333333336 0.5634259259259259 0.019270833333333334 0.062037037037037036
1 0.4666666666666667 0.5523148148148148 0.011458333333333333 0.041666666666666664
7 0.465625 0.5555555555555556 0.007291666666666667 0.04259259259259259
7 0.46067708333333335 0.575 0.018229166666666668 0.07407407407407407
4 0.42421875 0.5819444444444445 0.04635416666666667 0.075
4 0.42552083333333335 0.5458333333333333 0.03125 0.021296296296296296
4 0.2713541666666667 0.5694444444444444 0.016666666666666666 0.053703703703703705
7 0.33984375 0.55 0.0109375 0.040740740740740744
2 0.29973958333333334 0.6412037037037037 0.044270833333333336 0.12129629629629629
14 0.28229166666666666 0.5824074074074074 0.08333333333333333 0.13333333333333333