7 0.140625 0.6416666666666667 0.04583333333333333 0.1388888888888889
6 0.21927083333333333 0.7449074074074075 0.0875 0.20092592592592592
7 0.6151041666666667 0.5430555555555555 0.004166666666666667 0.023148148148148147
1 0.63203125 0.5421296296296296 0.0140625 0.028703703703703703
7 0.6234375 0.5425925925925926 0.007291666666666667 0.03333333333333333
6 0.6377604166666667 0.5421296296296296 0.0078125 0.030555555555555555
6 0.6442708333333333 0.5444444444444444 0.009375 0.03518518518518519
6 0.65546875 0.5611111111111111 0.0203125 0.046296296296296294
1 0.6768229166666667 0.5694444444444444 0.021354166666666667 0.12777777777777777
1 0.7213541666666666 0.587037037037037 0.09375 0.19074074074074074
6 0.8182291666666667 0.5527777777777778 0.04895833333333333 0.07777777777777778
7 0.8505208333333333 0.5944444444444444 0.051041666666666666 0.1425925925925926
7 0.88203125 0.5685185185185185 0.03802083333333333 0.19444444444444445
7 0.9263020833333333 0.5125 0.0234375 0.1361111111111111
7 0.9338541666666667 0.513425925925926 0.034375 0.13796296296296295
1 0.5044270833333333 0.5569444444444445 0.0171875 0.07314814814814814
1 0.5638020833333334 0.6444444444444445 0.12135416666666667 0.2796296296296296
6 0.4940104166666667 0.6189814814814815 0.03177083333333333 0.08796296296296297
8 0.5010416666666667 0.5824074074074074 0.01875 0.0962962962962963
8 0.49166666666666664 0.5810185185185185 0.034375 0.11018518518518519
1 0.45546875 0.5847222222222223 0.04010416666666667 0.11388888888888889
1 0.3776041666666667 0.7212962962962963 0.19479166666666667 0.387037037037037
1 0.36302083333333335 0.537962962962963 0.059375 0.014814814814814815
6 0.61171875 0.549074074074074 0.0078125 0.016666666666666666
8 0.61171875 0.5402777777777777 0.0036458333333333334 0.01574074074074074