4 0.9138020833333333 0.612037037037037 0.07552083333333333 0.06111111111111111
6 0.2833333333333333 0.6884259259259259 0.046875 0.09907407407407408
6 0.20364583333333333 0.6449074074074074 0.04895833333333333 0.10277777777777777
4 0.121875 0.6347222222222222 0.078125 0.12314814814814815
7 0.07395833333333333 0.5800925925925926 0.008333333333333333 0.03425925925925926
7 0.08098958333333334 0.5981481481481481 0.011979166666666667 0.06481481481481481
6 0.08645833333333333 0.5990740740740741 0.011458333333333333 0.03518518518518519
8 0.0984375 0.5712962962962963 0.00625 0.011111111111111112
7 0.004166666666666667 0.5879629629629629 0.00625 0.03518518518518519
14 0.02578125 0.5703703703703704 0.0234375 0.011111111111111112
4 0.030989583333333334 0.612037037037037 0.049479166666666664 0.08703703703703704