4 0.5184895833333333 0.5416666666666666 0.0109375 0.016666666666666666
3 0.59453125 0.5328703703703703 0.0484375 0.09351851851851851
6 0.7588541666666667 0.5875 0.023958333333333335 0.058333333333333334
8 0.7559895833333333 0.5657407407407408 0.018229166666666668 0.06296296296296296
3 0.4578125 0.5388888888888889 0.015625 0.03333333333333333
3 0.49244791666666665 0.5305555555555556 0.0390625 0.06851851851851852
4 0.4747395833333333 0.55 0.027604166666666666 0.05185185185185185
4 0.5192708333333333 0.5425925925925926 0.009375 0.016666666666666666
6 0.4393229166666667 0.5550925925925926 0.0078125 0.019444444444444445
8 0.4395833333333333 0.5462962962962963 0.009375 0.027777777777777776
6 0.44947916666666665 0.5550925925925926 0.008333333333333333 0.021296296296296296
8 0.44973958333333336 0.5462962962962963 0.011979166666666667 0.03518518518518519
6 0.4278645833333333 0.5606481481481481 0.008854166666666666 0.019444444444444445
8 0.42734375 0.5532407407407407 0.009895833333333333 0.04722222222222222
6 0.42083333333333334 0.5722222222222222 0.017708333333333333 0.04814814814814815
8 0.42109375 0.5578703703703703 0.0203125 0.06388888888888888
7 0.38359375 0.55 0.008854166666666666 0.020370370370370372
6 0.34479166666666666 0.6152777777777778 0.03854166666666667 0.11203703703703703
8 0.34270833333333334 0.5861111111111111 0.03854166666666667 0.11666666666666667
7 0.18229166666666666 0.5986111111111111 0.025 0.1527777777777778
4 0.23567708333333334 0.612037037037037 0.1203125 0.14629629629629629
6 0.31276041666666665 0.6805555555555556 0.06822916666666666 0.19074074074074074
8 0.31354166666666666 0.6282407407407408 0.06041666666666667 0.1787037037037037