14 0.5208333333333334 0.5569444444444445 0.0125 0.01574074074074074
14 0.5223958333333333 0.5615740740740741 0.008333333333333333 0.010185185185185186
14 0.5260416666666666 0.5699074074074074 0.010416666666666666 0.017592592592592594
4 0.5322916666666667 0.5787037037037037 0.008333333333333333 0.016666666666666666
4 0.5109375 0.5800925925925926 0.016666666666666666 0.01574074074074074
8 0.525 0.5800925925925926 0.007291666666666667 0.012037037037037037
8 0.5135416666666667 0.5837962962962963 0.005208333333333333 0.012037037037037037
7 0.49244791666666665 0.5824074074074074 0.009895833333333333 0.020370370370370372
14 0.4518229166666667 0.6064814814814815 0.0234375 0.03518518518518519
7 0.24244791666666668 0.5597222222222222 0.019270833333333334 0.0824074074074074
7 0.24375 0.6199074074074075 0.04895833333333333 0.1175925925925926
7 0.15546875 0.6194444444444445 0.0359375 0.19444444444444445
7 0.020052083333333335 0.5175925925925926 0.027604166666666666 0.07962962962962963
7 0.03515625 0.5800925925925926 0.04739583333333333 0.14722222222222223
14 0.078125 0.8152777777777778 0.15625 0.22870370370370371
6 0.40390625 0.6148148148148148 0.0265625 0.044444444444444446
6 0.4401041666666667 0.6402777777777777 0.057291666666666664 0.09907407407407408
6 0.428125 0.6671296296296296 0.059375 0.09351851851851851
6 0.4078125 0.6861111111111111 0.052083333333333336 0.08148148148148149
7 0.3671875 0.6407407407407407 0.03854166666666667 0.14814814814814814
1 0.5502604166666667 0.5736111111111111 0.033854166666666664 0.030555555555555555
1 0.5916666666666667 0.6134259259259259 0.06770833333333333 0.11944444444444445
10 0.6408854166666667 0.5037037037037037 0.0140625 0.044444444444444446
7 0.8161458333333333 0.5606481481481481 0.011458333333333333 0.019444444444444445
8 0.6291666666666667 0.6097222222222223 0.025 0.08981481481481482
8 0.6388020833333333 0.612037037037037 0.03697916666666667 0.09259259259259259
6 0.6278645833333333 0.6421296296296296 0.024479166666666666 0.062037037037037036
4 0.7104166666666667 0.5981481481481481 0.04375 0.06296296296296296
4 0.7890625 0.6638888888888889 0.159375 0.2
6 0.9794270833333333 0.6481481481481481 0.04010416666666667 0.14074074074074075
6 0.3458333333333333 0.7810185185185186 0.184375 0.2898148148148148
8 0.3625 0.711574074074074 0.11145833333333334 0.2824074074074074
8 0.70546875 0.6125 0.058854166666666666 0.10462962962962963
6 0.71171875 0.7351851851851852 0.04739583333333333 0.23703703703703705
4 0.5388020833333333 0.7222222222222222 0.1703125 0.2759259259259259
6 0.6713541666666667 0.8402777777777778 0.15416666666666667 0.3175925925925926
8 0.64140625 0.7606481481481482 0.14322916666666666 0.41203703703703703
6 0.8125 0.8444444444444444 0.14270833333333333 0.30925925925925923
7 0.7942708333333334 0.5731481481481482 0.015625 0.014814814814814815
8 0.7588541666666667 0.7273148148148149 0.052083333333333336 0.33240740740740743
8 0.8145833333333333 0.7694444444444445 0.1125 0.3925925925925926
4 0.9513020833333333 0.8569444444444444 0.09635416666666667 0.28425925925925927