6 0.5416666666666666 0.5421296296296296 0.003125 0.019444444444444445
8 0.5403645833333334 0.5277777777777778 0.005729166666666666 0.014814814814814815
3 0.48984375 0.5120370370370371 0.1046875 0.18518518518518517
4 0.5770833333333333 0.5300925925925926 0.00625 0.010185185185185186
13 0.61953125 0.5041666666666667 0.018229166666666668 0.010185185185185186
4 0.640625 0.5333333333333333 0.008333333333333333 0.011111111111111112
4 0.5979166666666667 0.5370370370370371 0.011458333333333333 0.020370370370370372
4 0.5893229166666667 0.5305555555555556 0.0078125 0.012962962962962963
6 0.5916666666666667 0.5467592592592593 0.00625 0.01574074074074074
8 0.59140625 0.5324074074074074 0.0078125 0.018518518518518517
6 0.5856770833333333 0.5532407407407407 0.0078125 0.021296296296296296
8 0.5859375 0.5393518518518519 0.009375 0.03425925925925926
1 0.61953125 0.5231481481481481 0.034895833333333334 0.037037037037037035
4 0.63046875 0.5986111111111111 0.0890625 0.12314814814814815
1 0.5625 0.5430555555555555 0.026041666666666668 0.05277777777777778
6 0.57890625 0.5583333333333333 0.0140625 0.037037037037037035
8 0.58046875 0.5462962962962963 0.016145833333333335 0.046296296296296294
8 0.30182291666666666 0.549074074074074 0.034895833333333334 0.037037037037037035
6 0.046875 0.6412037037037037 0.06770833333333333 0.09166666666666666
8 0.051041666666666666 0.5814814814814815 0.04895833333333333 0.11296296296296296
4 0.2604166666666667 0.7796296296296297 0.5208333333333334 0.4388888888888889
6 0.9947916666666666 0.7175925925925926 0.009375 0.07407407407407407
14 0.8625 0.5444444444444444 0.008333333333333333 0.014814814814814815
14 0.8721354166666667 0.5421296296296296 0.011979166666666667 0.017592592592592594
4 0.8697916666666666 0.5578703703703703 0.0125 0.019444444444444445
13 0.8708333333333333 0.5625 0.019791666666666666 0.028703703703703703
14 0.84375 0.5537037037037037 0.014583333333333334 0.03333333333333333
1 0.8549479166666667 0.5578703703703703 0.0203125 0.028703703703703703
14 0.7643229166666666 0.5324074074074074 0.013020833333333334 0.011111111111111112
4 0.7747395833333334 0.5504629629629629 0.015104166666666667 0.026851851851851852
8 0.7614583333333333 0.549537037037037 0.009375 0.025
4 0.7572916666666667 0.5458333333333333 0.009375 0.017592592592592594
4 0.7450520833333333 0.5467592592592593 0.009895833333333333 0.019444444444444445
13 0.7026041666666667 0.5351851851851852 0.013541666666666667 0.025925925925925925
4 0.7135416666666666 0.5416666666666666 0.015625 0.020370370370370372
4 0.7294270833333333 0.5453703703703704 0.0296875 0.024074074074074074
8 0.753125 0.5486111111111112 0.010416666666666666 0.019444444444444445
4 0.76796875 0.5425925925925926 0.0078125 0.011111111111111112
6 0.78046875 0.6606481481481481 0.11197916666666667 0.14351851851851852
8 0.7721354166666666 0.6166666666666667 0.05364583333333333 0.16666666666666666
8 0.8013020833333333 0.6092592592592593 0.05260416666666667 0.17592592592592593