6 0.5098958333333333 0.5504629629629629 0.007291666666666667 0.019444444444444445
6 0.5166666666666667 0.5606481481481481 0.009375 0.028703703703703703
8 0.51640625 0.55 0.009895833333333333 0.03518518518518519
6 0.5333333333333333 0.6166666666666667 0.023958333333333335 0.07222222222222222
8 0.5348958333333333 0.5842592592592593 0.023958333333333335 0.10925925925925926
8 0.54453125 0.5398148148148149 0.0078125 0.020370370370370372
1 0.60390625 0.6791666666666667 0.1484375 0.32314814814814813
6 0.6885416666666667 0.5699074074074074 0.046875 0.062037037037037036
7 0.7596354166666667 0.6041666666666666 0.0296875 0.10833333333333334
7 0.7901041666666667 0.6041666666666666 0.019791666666666666 0.10092592592592593
4 0.9192708333333334 0.5884259259259259 0.03333333333333333 0.05092592592592592
7 0.9911458333333333 0.6277777777777778 0.016666666666666666 0.0962962962962963
6 0.91796875 0.8643518518518518 0.13802083333333334 0.26944444444444443
8 0.9216145833333333 0.7680555555555556 0.1265625 0.4101851851851852
7 0.5028645833333333 0.5509259259259259 0.0067708333333333336 0.040740740740740744
1 0.490625 0.5509259259259259 0.013541666666666667 0.044444444444444446
1 0.4796875 0.5523148148148148 0.017708333333333333 0.05092592592592592
1 0.46380208333333334 0.5300925925925926 0.018229166666666668 0.023148148148148147
1 0.41171875 0.6759259259259259 0.1515625 0.32592592592592595
7 0.28020833333333334 0.6754629629629629 0.05625 0.2564814814814815
7 0.2328125 0.7240740740740741 0.042708333333333334 0.2611111111111111
7 0.10260416666666666 0.7439814814814815 0.053125 0.32685185185185184
7 0.008072916666666667 0.7513888888888889 0.016145833333333335 0.2101851851851852