6 0.162109375 0.5465277777777777 0.07421875 0.07361111111111111
8 0.1625 0.5180555555555556 0.03125 0.08888888888888889
4 0.35625 0.4895833333333333 0.0125 0.015277777777777777
6 0.38671875 0.5381944444444444 0.03125 0.04861111111111111
8 0.387109375 0.5145833333333333 0.02265625 0.059722222222222225
4 0.489453125 0.5006944444444444 0.02578125 0.0375
1 0.436328125 0.5756944444444444 0.09140625 0.21805555555555556
4 0.55703125 0.5319444444444444 0.0875 0.11666666666666667
4 0.7078125 0.5173611111111112 0.0328125 0.059722222222222225
4 0.66640625 0.5423611111111111 0.0875 0.11527777777777778
13 0.98125 0.4166666666666667 0.0328125 0.12222222222222222
3 0.8609375 0.49375 0.21875 0.20972222222222223
4 0.78359375 0.5326388888888889 0.1171875 0.1125
13 0.94921875 0.66875 0.1 0.5013888888888889