1 0.5419270833333333 0.5601851851851852 0.013020833333333334 0.027777777777777776
7 0.5700520833333333 0.5569444444444445 0.008854166666666666 0.04537037037037037
1 0.584375 0.5569444444444445 0.019791666666666666 0.03425925925925926
6 0.6171875 0.5685185185185185 0.015625 0.05185185185185185
6 0.6044270833333333 0.5662037037037037 0.0140625 0.03796296296296296
6 0.6744791666666666 0.6125 0.042708333333333334 0.08055555555555556
6 0.975 0.6111111111111112 0.04895833333333333 0.15185185185185185
6 0.9515625 0.7731481481481481 0.09583333333333334 0.1814814814814815
1 0.5015625 0.6328703703703704 0.09166666666666666 0.22685185185185186
1 0.4078125 0.7597222222222222 0.2125 0.4601851851851852
1 0.24557291666666667 0.6476851851851851 0.1046875 0.20833333333333334
1 0.13854166666666667 0.6856481481481481 0.18229166666666666 0.2953703703703704
1 0.08880208333333334 0.7768518518518519 0.17760416666666667 0.4444444444444444
6 0.5575520833333333 0.5949074074074074 0.0234375 0.05462962962962963
8 0.5609375 0.5523148148148148 0.013541666666666667 0.03425925925925926
8 0.5583333333333333 0.5722222222222222 0.023958333333333335 0.08148148148148149
6 0.6348958333333333 0.5611111111111111 0.014583333333333334 0.040740740740740744