6 0.38229166666666664 0.5712962962962963 0.019791666666666666 0.03148148148148148
7 0.45859375 0.5425925925925926 0.005729166666666666 0.020370370370370372
7 0.4552083333333333 0.5486111111111112 0.00625 0.026851851851851852
7 0.44921875 0.5537037037037037 0.015104166666666667 0.024074074074074074
6 0.4817708333333333 0.5518518518518518 0.013541666666666667 0.016666666666666666
8 0.48098958333333336 0.5439814814814815 0.0078125 0.019444444444444445
4 0.14661458333333333 0.8069444444444445 0.2921875 0.38425925925925924
4 0.4328125 0.662962962962963 0.14479166666666668 0.2037037037037037
9 0.6432291666666666 0.44583333333333336 0.004166666666666667 0.026851851851851852
9 0.6627604166666666 0.44675925925925924 0.0067708333333333336 0.041666666666666664
10 0.8013020833333333 0.12638888888888888 0.23802083333333332 0.09907407407407408
9 0.63046875 0.35462962962962963 0.0234375 0.011111111111111112
4 0.5942708333333333 0.5208333333333334 0.00625 0.006481481481481481
4 0.6026041666666667 0.5217592592592593 0.00625 0.006481481481481481
4 0.5958333333333333 0.5226851851851851 0.00625 0.006481481481481481
4 0.6044270833333333 0.5236111111111111 0.0078125 0.004629629629629629
8 0.61015625 0.5212962962962963 0.0026041666666666665 0.005555555555555556
4 0.58359375 0.5222222222222223 0.013020833333333334 0.007407407407407408
4 0.63984375 0.5305555555555556 0.018229166666666668 0.012962962962962963
4 0.6924479166666667 0.5263888888888889 0.0546875 0.032407407407407406
8 0.7231770833333333 0.5180555555555556 0.005729166666666666 0.012037037037037037
4 0.7471354166666667 0.5194444444444445 0.021354166666666667 0.018518518518518517
4 0.7466145833333333 0.5324074074074074 0.0203125 0.02962962962962963
4 0.79140625 0.5254629629629629 0.0171875 0.025
4 0.7802083333333333 0.5305555555555556 0.03125 0.03333333333333333
4 0.8260416666666667 0.5212962962962963 0.014583333333333334 0.018518518518518517
7 0.8986979166666667 0.513425925925926 0.009895833333333333 0.026851851851851852
7 0.9333333333333333 0.525 0.007291666666666667 0.05
7 0.9263020833333333 0.5231481481481481 0.009895833333333333 0.06111111111111111
4 0.87265625 0.5361111111111111 0.08177083333333333 0.07222222222222222
4 0.57421875 0.5226851851851851 0.0067708333333333336 0.006481481481481481
1 0.5669270833333333 0.5449074074074074 0.0171875 0.04537037037037037
4 0.5828125 0.5546296296296296 0.03333333333333333 0.05925925925925926
4 0.6104166666666667 0.5666666666666667 0.05 0.08888888888888889
4 0.5325520833333334 0.5787037037037037 0.06822916666666666 0.12962962962962962
4 0.6653645833333334 0.5361111111111111 0.0390625 0.027777777777777776
4 0.7203125 0.5777777777777777 0.07604166666666666 0.09444444444444444
4 0.63515625 0.5555555555555556 0.07239583333333334 0.044444444444444446
4 0.6565104166666667 0.6583333333333333 0.1453125 0.21666666666666667
4 0.8369791666666667 0.6106481481481482 0.16666666666666666 0.16574074074074074
9 0.49166666666666664 0.5222222222222223 0.004166666666666667 0.007407407407407408
4 0.64921875 0.5092592592592593 0.005729166666666666 0.007407407407407408
4 0.6489583333333333 0.5148148148148148 0.00625 0.011111111111111112
8 0.6559895833333333 0.5101851851851852 0.0036458333333333334 0.007407407407407408
8 0.6421875 0.5115740740740741 0.003125 0.006481481481481481
14 0.6411458333333333 0.5180555555555556 0.009375 0.012037037037037037
8 0.6463541666666667 0.5226851851851851 0.00625 0.012037037037037037
14 0.6536458333333334 0.5162037037037037 0.007291666666666667 0.010185185185185186
8 0.65390625 0.5231481481481481 0.0067708333333333336 0.012962962962962963
7 0.46432291666666664 0.5504629629629629 0.011979166666666667 0.021296296296296296