4 0.7286458333333333 0.5342592592592592 0.007291666666666667 0.014814814814814815
1 0.6950520833333333 0.5444444444444444 0.016145833333333335 0.03518518518518519
14 0.7067708333333333 0.5449074074074074 0.0125 0.03425925925925926
14 0.7518229166666667 0.5435185185185185 0.0109375 0.009259259259259259
4 0.75546875 0.5509259259259259 0.0078125 0.011111111111111112
14 0.7471354166666667 0.5550925925925926 0.009895833333333333 0.013888888888888888
6 0.7489583333333333 0.5652777777777778 0.009375 0.013888888888888888
8 0.7510416666666667 0.5555555555555556 0.00625 0.014814814814814815
14 0.7611979166666667 0.5615740740740741 0.009895833333333333 0.017592592592592594
4 0.775 0.5638888888888889 0.0125 0.020370370370370372
4 0.7885416666666667 0.5625 0.0125 0.023148148148148147
6 0.76953125 0.5634259259259259 0.009895833333333333 0.01574074074074074
8 0.7669270833333334 0.5592592592592592 0.0078125 0.022222222222222223
6 0.7846354166666667 0.5675925925925925 0.0067708333333333336 0.016666666666666666
8 0.7815104166666667 0.5601851851851852 0.008854166666666666 0.024074074074074074
6 0.7916666666666666 0.5699074074074074 0.007291666666666667 0.01574074074074074
8 0.7888020833333333 0.5592592592592592 0.009895833333333333 0.022222222222222223
14 0.8567708333333334 0.5523148148148148 0.020833333333333332 0.013888888888888888
4 0.8734375 0.5680555555555555 0.022916666666666665 0.028703703703703703
4 0.8591145833333333 0.5662037037037037 0.0109375 0.025
14 0.8494791666666667 0.5643518518518519 0.016666666666666666 0.023148148148148147
6 0.8427083333333333 0.5745370370370371 0.014583333333333334 0.019444444444444445
8 0.8299479166666667 0.5625 0.008854166666666666 0.03981481481481482
8 0.8388020833333333 0.5625 0.018229166666666668 0.04537037037037037
8 0.99375 0.6416666666666667 0.009375 0.018518518518518517
6 0.96875 0.7166666666666667 0.06145833333333333 0.1685185185185185
4 0.63125 0.5458333333333333 0.005208333333333333 0.010185185185185186
13 0.6122395833333333 0.5152777777777777 0.0171875 0.012037037037037037
1 0.6078125 0.5319444444444444 0.029166666666666667 0.028703703703703703
4 0.5809895833333333 0.5458333333333333 0.008854166666666666 0.019444444444444445
4 0.5901041666666667 0.5425925925925926 0.008333333333333333 0.014814814814814815
8 0.5708333333333333 0.5504629629629629 0.00625 0.03425925925925926
6 0.5734375 0.5722222222222222 0.009375 0.022222222222222223
8 0.5747395833333333 0.5513888888888889 0.0140625 0.03611111111111111
1 0.54921875 0.5513888888888889 0.0234375 0.04722222222222222
3 0.49192708333333335 0.5231481481481481 0.09010416666666667 0.15925925925925927
4 0.6104166666666667 0.6 0.078125 0.10925925925925926
6 0.7151041666666667 0.6597222222222222 0.08333333333333333 0.14907407407407408
8 0.7036458333333333 0.6203703703703703 0.046875 0.15555555555555556
8 0.7291666666666666 0.6069444444444444 0.058333333333333334 0.14907407407407408
6 0.13671875 0.5745370370370371 0.005729166666666666 0.010185185185185186
8 0.10442708333333334 0.5555555555555556 0.028645833333333332 0.04259259259259259
6 0.3640625 0.625462962962963 0.03958333333333333 0.09166666666666666
8 0.36666666666666664 0.5921296296296297 0.021875 0.10648148148148148
8 0.35859375 0.5893518518518519 0.0359375 0.10277777777777777
4 0.15078125 0.7870370370370371 0.3015625 0.42407407407407405
8 0.7471354166666667 0.5541666666666667 0.005729166666666666 0.017592592592592594