6 0.9565104166666667 0.5180555555555556 0.0036458333333333334 0.012037037037037037
8 0.95625 0.5106481481481482 0.005208333333333333 0.01574074074074074
9 0.9359375 0.49907407407407406 0.004166666666666667 0.018518518518518517
10 0.8848958333333333 0.5189814814814815 0.007291666666666667 0.012037037037037037
6 0.9494791666666667 0.5893518518518519 0.022916666666666665 0.05462962962962963
8 0.9494791666666667 0.5726851851851852 0.017708333333333333 0.05462962962962963
7 0.4109375 0.587037037037037 0.014583333333333334 0.07037037037037037
0 0.3580729166666667 0.6050925925925926 0.05572916666666667 0.06574074074074074
0 0.2859375 0.5805555555555556 0.025 0.020370370370370372
0 0.3109375 0.6305555555555555 0.052083333333333336 0.07777777777777778
0 0.2755208333333333 0.6055555555555555 0.040625 0.04814814814814815
0 0.25286458333333334 0.5990740740740741 0.024479166666666666 0.04814814814814815
0 0.21640625 0.5814814814814815 0.03177083333333333 0.020370370370370372
0 0.23307291666666666 0.6069444444444444 0.0265625 0.05277777777777778
0 0.20729166666666668 0.6129629629629629 0.03854166666666667 0.06296296296296296
0 0.18541666666666667 0.6092592592592593 0.019791666666666666 0.05925925925925926
0 0.16875 0.6134259259259259 0.025 0.05092592592592592
0 0.15677083333333333 0.6129629629629629 0.030208333333333334 0.06296296296296296
0 0.12421875 0.6199074074074075 0.0421875 0.06018518518518518
0 0.08489583333333334 0.6240740740740741 0.04479166666666667 0.05555555555555555
1 0.9838541666666667 0.538425925925926 0.020833333333333332 0.04537037037037037