13 0.15729166666666666 0.3837962962962963 0.078125 0.12314814814814815
3 0.061197916666666664 0.3611111111111111 0.12135416666666667 0.20555555555555555
1 0.00390625 0.36574074074074076 0.0078125 0.016666666666666666
1 0.058854166666666666 0.4898148148148148 0.11770833333333333 0.2518518518518518
7 0.15963541666666667 0.3851851851851852 0.009895833333333333 0.020370370370370372
7 0.17395833333333333 0.3819444444444444 0.008333333333333333 0.01574074074074074
7 0.18385416666666668 0.40324074074074073 0.0125 0.06759259259259259
6 0.16901041666666666 0.4912037037037037 0.04635416666666667 0.12685185185185185
8 0.15807291666666667 0.4513888888888889 0.0140625 0.12129629629629629
8 0.171875 0.45740740740740743 0.034375 0.1537037037037037
3 0.48489583333333336 0.4388888888888889 0.5947916666666667 0.4685185185185185
4 0.31197916666666664 0.5564814814814815 0.27708333333333335 0.31666666666666665
7 0.8328125 0.5074074074074074 0.03229166666666667 0.20925925925925926
7 0.8307291666666666 0.5569444444444445 0.041666666666666664 0.20833333333333334
10 0.18020833333333333 0.6939814814814815 0.040625 0.0712962962962963
10 0.42109375 0.026851851851851852 0.08802083333333334 0.053703703703703705
7 0.71640625 0.6296296296296297 0.03697916666666667 0.03148148148148148