6 0.023697916666666666 0.4638888888888889 0.04635416666666667 0.10185185185185185
13 0.23828125 0.3333333333333333 0.030729166666666665 0.040740740740740744
4 0.334375 0.3490740740740741 0.05520833333333333 0.024074074074074074
4 0.39791666666666664 0.3523148148148148 0.051041666666666666 0.032407407407407406
4 0.4354166666666667 0.3541666666666667 0.030208333333333334 0.03981481481481482
14 0.2609375 0.42083333333333334 0.134375 0.15462962962962962
0 0.6994791666666667 0.4305555555555556 0.019791666666666666 0.020370370370370372
7 0.22760416666666666 0.4476851851851852 0.028125 0.05648148148148148
14 0.9328125 0.46111111111111114 0.13125 0.1685185185185185
8 0.9239583333333333 0.4 0.014583333333333334 0.037037037037037035
13 0.9669270833333333 0.36944444444444446 0.0609375 0.05925925925925926