14 0.015364583333333333 0.40694444444444444 0.030729166666666665 0.10648148148148148
8 0.05755208333333333 0.3726851851851852 0.016145833333333335 0.025
8 0.06770833333333333 0.3824074074074074 0.014583333333333334 0.011111111111111112
8 0.01171875 0.4527777777777778 0.0234375 0.14629629629629629
1 0.19088541666666667 0.5532407407407407 0.1890625 0.36018518518518516
6 0.013802083333333333 0.5634259259259259 0.027604166666666666 0.18981481481481483
8 0.03203125 0.4532407407407407 0.05260416666666667 0.16944444444444445
8 0.08098958333333334 0.47685185185185186 0.09427083333333333 0.19074074074074074
6 0.09765625 0.7319444444444444 0.1953125 0.45092592592592595
8 0.08515625 0.65 0.15677083333333333 0.5351851851851852
4 0.63828125 0.7458333333333333 0.7223958333333333 0.5064814814814815
8 0.8403645833333333 0.799074074074074 0.3182291666666667 0.4