1 0.18723958333333332 0.43194444444444446 0.058854166666666666 0.09166666666666666
10 0.19609375 0.2916666666666667 0.025520833333333333 0.05925925925925926
10 0.3184895833333333 0.34120370370370373 0.025520833333333333 0.04351851851851852
7 0.24583333333333332 0.3976851851851852 0.010416666666666666 0.06388888888888888
8 0.33203125 0.42777777777777776 0.0067708333333333336 0.014814814814814815
4 0.36171875 0.42824074074074076 0.0484375 0.03425925925925926
10 0.36171875 0.36666666666666664 0.008854166666666666 0.027777777777777776
10 0.39947916666666666 0.38981481481481484 0.008333333333333333 0.022222222222222223
10 0.40338541666666666 0.40046296296296297 0.005729166666666666 0.013888888888888888
6 0.38619791666666664 0.4537037037037037 0.015104166666666667 0.040740740740740744
4 0.34010416666666665 0.4912037037037037 0.09166666666666666 0.1175925925925926
8 0.31145833333333334 0.41435185185185186 0.009375 0.023148148148148147
4 0.43255208333333334 0.4300925925925926 0.019270833333333334 0.032407407407407406
14 0.4484375 0.42453703703703705 0.009375 0.030555555555555555
1 0.4549479166666667 0.4300925925925926 0.0109375 0.026851851851851852
6 0.4513020833333333 0.4425925925925926 0.009895833333333333 0.027777777777777776
8 0.4513020833333333 0.4361111111111111 0.008854166666666666 0.03518518518518519
4 0.46432291666666664 0.43333333333333335 0.008854166666666666 0.024074074074074074
4 0.4744791666666667 0.4375 0.017708333333333333 0.030555555555555555
3 0.47994791666666664 0.41712962962962963 0.0140625 0.017592592592592594
13 0.4901041666666667 0.42962962962962964 0.017708333333333333 0.04259259259259259
6 0.49661458333333336 0.4486111111111111 0.0109375 0.01574074074074074
8 0.49635416666666665 0.43703703703703706 0.009375 0.02962962962962963
1 0.52734375 0.47129629629629627 0.0421875 0.09814814814814815
8 0.5049479166666667 0.48564814814814816 0.0359375 0.11388888888888889
6 0.5111979166666667 0.5120370370370371 0.03802083333333333 0.1037037037037037
4 0.5572916666666666 0.4476851851851852 0.023958333333333335 0.04351851851851852
4 0.5763020833333333 0.45092592592592595 0.018229166666666668 0.03333333333333333
4 0.609375 0.462037037037037 0.0375 0.06296296296296296
6 0.5770833333333333 0.4564814814814815 0.010416666666666666 0.03148148148148148
8 0.578125 0.44722222222222224 0.010416666666666666 0.025925925925925925
8 0.68359375 0.45694444444444443 0.011979166666666667 0.025
4 0.62890625 0.44722222222222224 0.015104166666666667 0.027777777777777776
8 0.6888020833333334 0.4564814814814815 0.0067708333333333336 0.016666666666666666
8 0.7026041666666667 0.4736111111111111 0.011458333333333333 0.06018518518518518
6 0.7020833333333333 0.4898148148148148 0.017708333333333333 0.05925925925925926
13 0.6518229166666667 0.43194444444444446 0.0359375 0.03425925925925926
4 0.6578125 0.4824074074074074 0.06875 0.08703703703703704
6 0.6856770833333333 0.4708333333333333 0.008854166666666666 0.01574074074074074
6 0.7161458333333334 0.46620370370370373 0.0125 0.03981481481481482
7 0.74453125 0.46944444444444444 0.008854166666666666 0.046296296296296294
4 0.8018229166666667 0.5074074074074074 0.10260416666666666 0.11296296296296296
6 0.8580729166666666 0.48935185185185187 0.0265625 0.05277777777777778
6 0.84296875 0.4736111111111111 0.015104166666666667 0.023148148148148147
8 0.8872395833333333 0.4842592592592593 0.013020833333333334 0.03518518518518519
4 0.9359375 0.5472222222222223 0.12604166666666666 0.26851851851851855
8 0.21588541666666666 0.43472222222222223 0.008854166666666666 0.058333333333333334
6 0.21875 0.4513888888888889 0.0125 0.03611111111111111
7 0.41171875 0.4337962962962963 0.0078125 0.03796296296296296
6 0.475 0.4648148148148148 0.01875 0.044444444444444446
8 0.47604166666666664 0.45046296296296295 0.015625 0.049074074074074076
6 0.4317708333333333 0.5009259259259259 0.029166666666666667 0.08148148148148149
8 0.4328125 0.4777777777777778 0.026041666666666668 0.09259259259259259
10 0.2828125 0.4305555555555556 0.00625 0.06296296296296296
6 0.3265625 0.4199074074074074 0.0125 0.028703703703703703
6 0.3109375 0.43333333333333335 0.009375 0.02962962962962963
14 0.4544270833333333 0.41712962962962963 0.0046875 0.006481481481481481
8 0.49661458333333336 0.43333333333333335 0.0078125 0.024074074074074074