14 0.48880208333333336 0.5111111111111111 0.0067708333333333336 0.011111111111111112
14 0.48125 0.5138888888888888 0.007291666666666667 0.011111111111111112
14 0.49973958333333335 0.5143518518518518 0.0036458333333333334 0.008333333333333333
14 0.52109375 0.5115740740740741 0.0036458333333333334 0.008333333333333333
4 0.5296875 0.513425925925926 0.005208333333333333 0.006481481481481481
14 0.5247395833333334 0.5120370370370371 0.0036458333333333334 0.005555555555555556
14 0.5044270833333333 0.5138888888888888 0.0067708333333333336 0.007407407407407408
3 0.5145833333333333 0.5157407407407407 0.013541666666666667 0.022222222222222223
1 0.5026041666666666 0.5231481481481481 0.005208333333333333 0.012962962962962963
6 0.5338541666666666 0.5189814814814815 0.003125 0.004629629629629629
8 0.53359375 0.5166666666666667 0.0026041666666666665 0.007407407407407408
6 0.5033854166666667 0.5259259259259259 0.0015625 0.007407407407407408
8 0.503125 0.5222222222222223 0.0020833333333333333 0.009259259259259259
14 0.5104166666666666 0.5231481481481481 0.004166666666666667 0.009259259259259259
4 0.5171875 0.524074074074074 0.008333333333333333 0.012962962962962963
6 0.50703125 0.5268518518518519 0.0026041666666666665 0.007407407407407408
8 0.50703125 0.5226851851851851 0.0026041666666666665 0.010185185185185186
4 0.4875 0.5171296296296296 0.004166666666666667 0.008333333333333333
4 0.4796875 0.5162037037037037 0.00625 0.010185185185185186
4 0.47734375 0.5180555555555556 0.005729166666666666 0.006481481481481481
14 0.475 0.524074074074074 0.00625 0.014814814814814815
7 0.48854166666666665 0.5203703703703704 0.0020833333333333333 0.009259259259259259
14 0.4822916666666667 0.5217592592592593 0.005208333333333333 0.012037037037037037
7 0.4744791666666667 0.5254629629629629 0.0020833333333333333 0.013888888888888888
8 0.47734375 0.5222222222222223 0.0026041666666666665 0.011111111111111112
6 0.47682291666666665 0.5287037037037037 0.0036458333333333334 0.007407407407407408
13 0.4669270833333333 0.5236111111111111 0.008854166666666666 0.019444444444444445
8 0.4578125 0.5277777777777778 0.0020833333333333333 0.009259259259259259
6 0.44583333333333336 0.5300925925925926 0.00625 0.010185185185185186
7 0.46640625 0.5300925925925926 0.0036458333333333334 0.01574074074074074
6 0.48723958333333334 0.5504629629629629 0.0067708333333333336 0.023148148148148147
7 0.4513020833333333 0.5277777777777778 0.0026041666666666665 0.014814814814814815
8 0.4869791666666667 0.5449074074074074 0.007291666666666667 0.021296296296296296
8 0.45651041666666664 0.5375 0.008854166666666666 0.017592592592592594
6 0.4708333333333333 0.5407407407407407 0.005208333333333333 0.012962962962962963
8 0.4705729166666667 0.5328703703703703 0.0067708333333333336 0.01574074074074074
6 0.45598958333333334 0.5564814814814815 0.0078125 0.022222222222222223
8 0.45625 0.549537037037037 0.008333333333333333 0.028703703703703703
13 0.40598958333333335 0.5324074074074074 0.0546875 0.053703703703703705
1 0.43671875 0.5532407407407407 0.016145833333333335 0.03796296296296296
7 0.425 0.5537037037037037 0.005208333333333333 0.03518518518518519
14 0.3671875 0.5453703703703704 0.014583333333333334 0.012962962962962963
6 0.4044270833333333 0.5800925925925926 0.0203125 0.05092592592592592
8 0.4046875 0.5587962962962963 0.015625 0.030555555555555555
8 0.40338541666666666 0.5652777777777778 0.019270833333333334 0.05648148148148148
7 0.3450520833333333 0.575 0.011979166666666667 0.06111111111111111
7 0.23567708333333334 0.562037037037037 0.013020833333333334 0.05740740740740741
14 0.21041666666666667 0.5546296296296296 0.04479166666666667 0.08703703703703704
7 0.13645833333333332 0.6134259259259259 0.027083333333333334 0.11944444444444445
7 0.04453125 0.6203703703703703 0.0328125 0.12962962962962962
4 0.51484375 0.549537037037037 0.022395833333333334 0.030555555555555555
14 0.6174479166666667 0.5208333333333334 0.008854166666666666 0.008333333333333333
14 0.6057291666666667 0.5180555555555556 0.00625 0.004629629629629629
4 0.6708333333333333 0.5277777777777778 0.016666666666666666 0.014814814814814815
4 0.7229166666666667 0.5439814814814815 0.020833333333333332 0.021296296296296296
6 0.7424479166666667 0.549074074074074 0.008854166666666666 0.012962962962962963
7 0.753125 0.5444444444444444 0.00625 0.020370370370370372
7 0.7614583333333333 0.55 0.005208333333333333 0.02962962962962963
6 0.7546875 0.5652777777777778 0.010416666666666666 0.028703703703703703
6 0.8109375 0.562037037037037 0.019791666666666666 0.024074074074074074
1 0.7872395833333333 0.5634259259259259 0.028645833333333332 0.05092592592592592
8 0.75390625 0.5509259259259259 0.0078125 0.025925925925925925
6 0.8442708333333333 0.5643518518518519 0.022916666666666665 0.025
1 0.8734375 0.5685185185185185 0.03958333333333333 0.05925925925925926
6 0.9309895833333334 0.5787037037037037 0.028645833333333332 0.02962962962962963
9 0.5330729166666667 0.4847222222222222 0.0036458333333333334 0.000925925925925926
7 0.32005208333333335 0.5611111111111111 0.0109375 0.037037037037037035