14 0.6236979166666666 0.5569444444444445 0.009895833333333333 0.03611111111111111
3 0.6705729166666666 0.5453703703703704 0.09427083333333333 0.24814814814814815
3 0.8486979166666667 0.5273148148148148 0.3015625 0.9435185185185185
1 0.6036458333333333 0.5763888888888888 0.0375 0.0824074074074074
6 0.60390625 0.5925925925925926 0.0234375 0.05740740740740741
8 0.6083333333333333 0.5745370370370371 0.009375 0.06018518518518518
8 0.6005208333333333 0.5773148148148148 0.017708333333333333 0.06018518518518518
6 0.58984375 0.5888888888888889 0.009895833333333333 0.05
8 0.59296875 0.5736111111111111 0.0109375 0.06388888888888888
8 0.5828125 0.5662037037037037 0.008333333333333333 0.03425925925925926
6 0.5825520833333333 0.5819444444444445 0.008854166666666666 0.019444444444444445
8 0.5744791666666667 0.562037037037037 0.009375 0.024074074074074074
4 0.5348958333333333 0.5625 0.027083333333333334 0.030555555555555555
4 0.55625 0.6060185185185185 0.06458333333333334 0.10462962962962963
4 0.48125 0.6402777777777777 0.11875 0.17685185185185184
8 0.5203125 0.5606481481481481 0.013541666666666667 0.04351851851851852
6 0.5263020833333333 0.5745370370370371 0.013020833333333334 0.019444444444444445
4 0.44192708333333336 0.5578703703703703 0.0390625 0.032407407407407406
4 0.47291666666666665 0.5472222222222223 0.027083333333333334 0.007407407407407408
8 0.5205729166666667 0.5523148148148148 0.005729166666666666 0.017592592592592594
1 0.3848958333333333 0.5787037037037037 0.07395833333333333 0.1037037037037037
7 0.3421875 0.5986111111111111 0.021875 0.1175925925925926
7 0.3184895833333333 0.6013888888888889 0.021354166666666667 0.11944444444444445
4 0.25052083333333336 0.5916666666666667 0.09375 0.12222222222222222
7 0.2986979166666667 0.5990740740740741 0.022395833333333334 0.12222222222222222
4 0.1546875 0.6162037037037037 0.20729166666666668 0.14907407407407408
7 0.07447916666666667 0.5319444444444444 0.014583333333333334 0.06018518518518518
6 0.10260416666666666 0.5435185185185185 0.03125 0.04814814814814815
6 0.07552083333333333 0.6356481481481482 0.058333333333333334 0.12314814814814815
6 0.04114583333333333 0.6324074074074074 0.06354166666666666 0.16111111111111112
4 0.0171875 0.7291666666666666 0.034375 0.19166666666666668
6 0.2942708333333333 0.8787037037037037 0.21145833333333333 0.24074074074074073
8 0.30442708333333335 0.7800925925925926 0.1734375 0.4324074074074074
6 0.4388020833333333 0.5652777777777778 0.016145833333333335 0.025
6 0.3567708333333333 0.5986111111111111 0.014583333333333334 0.049074074074074076
6 0.33046875 0.6069444444444444 0.0078125 0.05277777777777778
7 0.18020833333333333 0.524074074074074 0.009375 0.040740740740740744
7 0.13958333333333334 0.5259259259259259 0.010416666666666666 0.040740740740740744