7 0.09947916666666666 0.45 0.013541666666666667 0.06851851851851852
6 0.14140625 0.4787037037037037 0.0890625 0.08518518518518518
6 0.1703125 0.475462962962963 0.05416666666666667 0.08425925925925926
6 0.17682291666666666 0.4685185185185185 0.0578125 0.08703703703703704
6 0.21067708333333332 0.46574074074074073 0.03177083333333333 0.08703703703703704
6 0.228125 0.4486111111111111 0.04791666666666667 0.05277777777777778
7 0.27734375 0.4337962962962963 0.0140625 0.06388888888888888
6 0.2890625 0.4648148148148148 0.04791666666666667 0.06666666666666667
10 0.30416666666666664 0.3351851851851852 0.010416666666666666 0.04259259259259259
6 0.33567708333333335 0.449537037037037 0.044270833333333336 0.05277777777777778
6 0.35651041666666666 0.45185185185185184 0.011979166666666667 0.044444444444444446
10 0.38333333333333336 0.3662037037037037 0.0125 0.025
4 0.4278645833333333 0.4601851851851852 0.034895833333333334 0.05555555555555555
10 0.44036458333333334 0.4152777777777778 0.008854166666666666 0.017592592592592594
4 0.4453125 0.44351851851851853 0.014583333333333334 0.016666666666666666
8 0.46822916666666664 0.449537037037037 0.011458333333333333 0.03425925925925926
8 0.4588541666666667 0.45787037037037037 0.014583333333333334 0.04537037037037037
8 0.47760416666666666 0.45 0.00625 0.02962962962962963
4 0.4825520833333333 0.4550925925925926 0.009895833333333333 0.023148148148148147
8 0.48984375 0.45185185185185184 0.008854166666666666 0.025925925925925925
13 0.49973958333333335 0.45092592592592595 0.0171875 0.044444444444444446
13 0.5158854166666667 0.4532407407407407 0.024479166666666666 0.058333333333333334
4 0.55 0.48009259259259257 0.053125 0.09351851851851851
6 0.4901041666666667 0.4648148148148148 0.00625 0.018518518518518517
6 0.49557291666666664 0.46805555555555556 0.0078125 0.03425925925925926
6 0.478125 0.4648148148148148 0.008333333333333333 0.027777777777777776
6 0.46640625 0.46944444444444444 0.013020833333333334 0.03333333333333333
6 0.4583333333333333 0.48333333333333334 0.014583333333333334 0.05185185185185185
6 0.4505208333333333 0.5282407407407408 0.04479166666666667 0.11018518518518519
8 0.446875 0.49583333333333335 0.03229166666666667 0.09537037037037037
6 0.52734375 0.537962962962963 0.050520833333333334 0.12777777777777777
8 0.53046875 0.5078703703703704 0.034895833333333334 0.13240740740740742
4 0.8588541666666667 0.5055555555555555 0.13854166666666667 0.18703703703703703
1 0.9169270833333333 0.725462962962963 0.16510416666666666 0.5453703703703704
10 0.39296875 0.4824074074074074 0.0036458333333333334 0.025925925925925925
6 0.36380208333333336 0.4537037037037037 0.013020833333333334 0.03333333333333333