10 0.3875 0.5018518518518519 0.013541666666666667 0.027777777777777776
10 0.3572916666666667 0.49444444444444446 0.008333333333333333 0.020370370370370372
10 0.31953125 0.49074074074074076 0.0067708333333333336 0.016666666666666666
10 0.278125 0.48935185185185187 0.00625 0.012037037037037037
10 0.23307291666666666 0.48657407407407405 0.0046875 0.012037037037037037
10 0.14114583333333333 0.48009259259259257 0.005208333333333333 0.008333333333333333
10 0.0984375 0.47638888888888886 0.004166666666666667 0.008333333333333333
10 0.11770833333333333 0.41944444444444445 0.06875 0.07777777777777778
10 0.06901041666666667 0.4708333333333333 0.009895833333333333 0.023148148148148147
4 0.04348958333333333 0.4759259259259259 0.013020833333333334 0.005555555555555556
13 0.19817708333333334 0.4930555555555556 0.0296875 0.030555555555555555
4 0.29765625 0.5481481481481482 0.033854166666666664 0.044444444444444446
4 0.43125 0.4532407407407407 0.015625 0.010185185185185186
13 0.46145833333333336 0.5162037037037037 0.016666666666666666 0.04537037037037037
13 0.44244791666666666 0.5148148148148148 0.034895833333333334 0.06296296296296296
13 0.4825520833333333 0.5222222222222223 0.0109375 0.024074074074074074
13 0.49661458333333336 0.524074074074074 0.0140625 0.022222222222222223
4 0.50546875 0.525 0.0067708333333333336 0.011111111111111112
13 0.51953125 0.5180555555555556 0.015104166666666667 0.030555555555555555
4 0.49166666666666664 0.5300925925925926 0.0125 0.023148148148148147
6 0.48098958333333336 0.5416666666666666 0.008854166666666666 0.022222222222222223
8 0.48098958333333336 0.5351851851851852 0.008854166666666666 0.02962962962962963
6 0.5114583333333333 0.5523148148148148 0.013541666666666667 0.032407407407407406
8 0.5111979166666667 0.5407407407407407 0.013020833333333334 0.04259259259259259
8 0.5119791666666667 0.5421296296296296 0.011458333333333333 0.041666666666666664