10 0.9658854166666667 0.12453703703703704 0.0640625 0.06388888888888888
4 0.8419270833333333 0.3819444444444444 0.0703125 0.07314814814814814
1 0.7697916666666667 0.38333333333333336 0.06979166666666667 0.08888888888888889
7 0.6166666666666667 0.3527777777777778 0.014583333333333334 0.053703703703703705
7 0.6169270833333333 0.4222222222222222 0.0203125 0.16296296296296298
3 0.93671875 0.34814814814814815 0.12552083333333333 0.23148148148148148
9 0.5174479166666667 0.06944444444444445 0.04010416666666667 0.12407407407407407
9 0.22708333333333333 0.08518518518518518 0.05 0.17037037037037037
9 0.2559895833333333 0.21851851851851853 0.043229166666666666 0.07037037037037037
9 0.26979166666666665 0.2833333333333333 0.040625 0.06851851851851852
4 0.9677083333333333 0.5185185185185185 0.06354166666666666 0.31851851851851853
2 0.5330729166666667 0.4537037037037037 0.04114583333333333 0.1111111111111111
7 0.315625 0.34444444444444444 0.021875 0.04259259259259259
7 0.12864583333333332 0.3675925925925926 0.036458333333333336 0.06111111111111111
1 0.08671875 0.5337962962962963 0.1734375 0.28055555555555556
1 0.39609375 0.4324074074074074 0.2640625 0.16296296296296298
0 0.5541666666666667 0.4615740740740741 0.05 0.17314814814814813
1 0.6825520833333333 0.4388888888888889 0.13802083333333334 0.22037037037037038
4 0.32734375 0.7157407407407408 0.6546875 0.5666666666666667