4 0.10755208333333334 0.5342592592592592 0.011979166666666667 0.016666666666666666
4 0.05911458333333333 0.5796296296296296 0.0171875 0.04814814814814815
1 0.040364583333333336 0.6837962962962963 0.0796875 0.2824074074074074
4 0.0484375 0.8231481481481482 0.09166666666666666 0.35185185185185186
4 0.10442708333333334 0.6324074074074074 0.0953125 0.18333333333333332
4 0.14427083333333332 0.6657407407407407 0.13854166666666667 0.21296296296296297
4 0.29791666666666666 0.7708333333333334 0.328125 0.44907407407407407
8 0.37786458333333334 0.7981481481481482 0.2046875 0.39814814814814814
8 0.33151041666666664 0.7560185185185185 0.1203125 0.36944444444444446
8 0.8895833333333333 0.861574074074074 0.22083333333333333 0.2712962962962963
4 0.7666666666666667 0.7726851851851851 0.4666666666666667 0.44907407407407407