14 0.570703125 0.4798611111111111 0.01796875 0.020833333333333332
8 0.55625 0.4777777777777778 0.0109375 0.019444444444444445
4 0.5828125 0.4798611111111111 0.0078125 0.0125
14 0.54453125 0.48055555555555557 0.01875 0.019444444444444445
8 0.5390625 0.4791666666666667 0.009375 0.025
8 0.5296875 0.4909722222222222 0.0109375 0.04027777777777778
4 0.590625 0.48194444444444445 0.0109375 0.013888888888888888
4 0.60625 0.48819444444444443 0.0203125 0.04027777777777778
4 0.632421875 0.4951388888888889 0.04296875 0.04583333333333333
4 0.64609375 0.5013888888888889 0.046875 0.04722222222222222
4 0.64453125 0.5173611111111112 0.0125 0.04027777777777778
4 0.66953125 0.5125 0.046875 0.06388888888888888
4 0.72109375 0.5236111111111111 0.103125 0.08333333333333333
6 0.7796875 0.5555555555555556 0.065625 0.08888888888888889
4 0.921484375 0.5173611111111112 0.15390625 0.08472222222222223
4 0.90625 0.6166666666666667 0.1859375 0.16944444444444445
4 0.88203125 0.7791666666666667 0.234375 0.4388888888888889
8 0.50859375 0.4930555555555556 0.0140625 0.044444444444444446
6 0.522265625 0.5055555555555555 0.02265625 0.03611111111111111
6 0.514453125 0.525 0.03515625 0.075
6 0.47265625 0.5159722222222223 0.04375 0.059722222222222225
6 0.419921875 0.5159722222222223 0.06484375 0.09861111111111111
6 0.464453125 0.5909722222222222 0.03671875 0.13472222222222222
4 0.569140625 0.5611111111111111 0.09609375 0.14722222222222223
14 0.15234375 0.6319444444444444 0.196875 0.17222222222222222