6 0.26979166666666665 0.4652777777777778 0.017708333333333333 0.04537037037037037
6 0.3958333333333333 0.4212962962962963 0.016666666666666666 0.05
6 0.5578125 0.4300925925925926 0.014583333333333334 0.06574074074074074
8 0.5567708333333333 0.41712962962962963 0.015625 0.07314814814814814
4 0.5825520833333333 0.4023148148148148 0.0328125 0.06018518518518518
4 0.6458333333333334 0.38981481481481484 0.08854166666666667 0.04814814814814815
4 0.71953125 0.4046296296296296 0.05260416666666667 0.06111111111111111
4 0.6104166666666667 0.4212962962962963 0.05520833333333333 0.07777777777777778
4 0.5205729166666667 0.43796296296296294 0.0828125 0.13148148148148148
6 0.6447916666666667 0.5087962962962963 0.04791666666666667 0.1398148148148148
8 0.6427083333333333 0.4634259259259259 0.042708333333333334 0.15092592592592594
6 0.9369791666666667 0.8578703703703704 0.125 0.2824074074074074
8 0.9674479166666666 0.6972222222222222 0.0640625 0.5722222222222222
6 0.47578125 0.4041666666666667 0.009895833333333333 0.021296296296296296
14 0.4817708333333333 0.3907407407407407 0.019791666666666666 0.02962962962962963
14 0.54921875 0.39166666666666666 0.0109375 0.024074074074074074
6 0.6630208333333333 0.45416666666666666 0.021875 0.058333333333333334
7 0.66640625 0.41944444444444445 0.0171875 0.07777777777777778
7 0.6955729166666667 0.3976851851851852 0.013020833333333334 0.03425925925925926
6 0.7828125 0.3976851851851852 0.057291666666666664 0.0712962962962963