10 0.11458333333333333 0.3685185185185185 0.0125 0.025925925925925925
10 0.24635416666666668 0.44305555555555554 0.06458333333333334 0.12129629629629629
10 0.2296875 0.5013888888888889 0.022916666666666665 0.04537037037037037
13 0.41692708333333334 0.4148148148148148 0.03802083333333333 0.027777777777777776
13 0.6072916666666667 0.4287037037037037 0.06458333333333334 0.027777777777777776
10 0.8427083333333333 0.4527777777777778 0.008333333333333333 0.011111111111111112
10 0.7104166666666667 0.44212962962962965 0.019791666666666666 0.04537037037037037
10 0.8596354166666667 0.38796296296296295 0.025520833333333333 0.07407407407407407
4 0.61484375 0.5291666666666667 0.021354166666666667 0.03425925925925926
4 0.50625 0.5171296296296296 0.013541666666666667 0.013888888888888888
6 0.3953125 0.5097222222222222 0.003125 0.008333333333333333
8 0.3953125 0.5069444444444444 0.003125 0.010185185185185186
4 0.378125 0.5157407407407407 0.011458333333333333 0.020370370370370372
4 0.36276041666666664 0.5120370370370371 0.013020833333333334 0.020370370370370372
6 0.3731770833333333 0.5675925925925925 0.0203125 0.053703703703703705
8 0.371875 0.5555555555555556 0.016666666666666666 0.05925925925925926
6 0.3268229166666667 0.5879629629629629 0.03177083333333333 0.07407407407407407
8 0.32838541666666665 0.5662037037037037 0.0140625 0.0787037037037037
8 0.32265625 0.5680555555555555 0.0203125 0.08425925925925926
14 0.9864583333333333 0.48935185185185187 0.026041666666666668 0.0787037037037037