6 0.0765625 0.8314814814814815 0.153125 0.3351851851851852
8 0.07604166666666666 0.7532407407407408 0.11875 0.35833333333333334
13 0.17760416666666667 0.5662037037037037 0.1875 0.15092592592592594
6 0.18723958333333332 0.5953703703703703 0.0609375 0.10740740740740741
6 0.16979166666666667 0.6078703703703704 0.078125 0.09351851851851851
7 0.37421875 0.5976851851851852 0.019270833333333334 0.14166666666666666
14 0.5083333333333333 0.5342592592592592 0.008333333333333333 0.020370370370370372
4 0.515625 0.5328703703703703 0.0125 0.023148148148148147
14 0.5234375 0.5337962962962963 0.007291666666666667 0.013888888888888888
6 0.5020833333333333 0.5509259259259259 0.008333333333333333 0.018518518518518517
6 0.5138020833333333 0.5541666666666667 0.0078125 0.021296296296296296
8 0.5036458333333333 0.5444444444444444 0.00625 0.024074074074074074
8 0.5018229166666667 0.5458333333333333 0.0067708333333333336 0.025
8 0.5130208333333334 0.5462962962962963 0.008333333333333333 0.027777777777777776
8 0.5552083333333333 0.5462962962962963 0.008333333333333333 0.025925925925925925
6 0.5552083333333333 0.5601851851851852 0.009375 0.025925925925925925
13 0.5705729166666667 0.5398148148148149 0.0234375 0.053703703703703705
8 0.7192708333333333 0.6199074074074075 0.052083333333333336 0.14537037037037037
6 0.72265625 0.663425925925926 0.05364583333333333 0.13796296296296295
6 0.45260416666666664 0.5537037037037037 0.007291666666666667 0.016666666666666666
10 0.49244791666666665 0.5226851851851851 0.009895833333333333 0.013888888888888888