3 0.4703125 0.49444444444444446 0.040625 0.027777777777777776
3 0.5265625 0.5064814814814815 0.04791666666666667 0.07777777777777778
3 0.6002604166666666 0.5050925925925925 0.0640625 0.07314814814814814
3 0.7317708333333334 0.5009259259259259 0.15104166666666666 0.12222222222222222
1 0.8544270833333333 0.5537037037037037 0.06510416666666667 0.07407407407407407
6 0.9486979166666667 0.5944444444444444 0.03697916666666667 0.06851851851851852
6 0.9677083333333333 0.6027777777777777 0.01875 0.05925925925925926
1 0.9848958333333333 0.5893518518518519 0.029166666666666667 0.1824074074074074
7 0.7075520833333333 0.5189814814814815 0.018229166666666668 0.03425925925925926
8 0.6315104166666666 0.524074074074074 0.009895833333333333 0.020370370370370372
6 0.6411458333333333 0.5532407407407407 0.01875 0.03796296296296296
8 0.640625 0.5282407407407408 0.015625 0.032407407407407406
4 0.5330729166666667 0.5375 0.019270833333333334 0.03611111111111111
4 0.5606770833333333 0.5157407407407407 0.015104166666666667 0.018518518518518517
4 0.55546875 0.5319444444444444 0.028645833333333332 0.028703703703703703
4 0.5731770833333333 0.5449074074074074 0.0484375 0.04351851851851852
4 0.6119791666666666 0.5879629629629629 0.071875 0.11851851851851852
13 0.49895833333333334 0.5143518518518518 0.03958333333333333 0.03796296296296296
8 0.49609375 0.48333333333333334 0.011979166666666667 0.04814814814814815
8 0.49661458333333336 0.48703703703703705 0.0203125 0.04814814814814815
4 0.5182291666666666 0.5763888888888888 0.027083333333333334 0.11018518518518519
1 0.41770833333333335 0.5277777777777778 0.023958333333333335 0.040740740740740744
4 0.36041666666666666 0.5324074074074074 0.041666666666666664 0.027777777777777776
8 0.3807291666666667 0.5305555555555556 0.020833333333333332 0.027777777777777776
4 0.46796875 0.6046296296296296 0.1109375 0.1962962962962963
6 0.5432291666666667 0.6097222222222223 0.03125 0.10092592592592593
8 0.5421875 0.5796296296296296 0.034375 0.11851851851851852
6 0.5666666666666667 0.6402777777777777 0.046875 0.15092592592592594
8 0.5674479166666667 0.5972222222222222 0.05677083333333333 0.15555555555555556
4 0.7395833333333334 0.6703703703703704 0.24270833333333333 0.2722222222222222
7 0.18125 0.5351851851851852 0.026041666666666668 0.11481481481481481
6 0.26328125 0.562037037037037 0.044270833333333336 0.07592592592592592
6 0.25416666666666665 0.5675925925925925 0.05 0.1037037037037037
6 0.22057291666666667 0.7087962962962963 0.0953125 0.21203703703703702
8 0.23567708333333334 0.649074074074074 0.050520833333333334 0.22037037037037038
8 0.22682291666666668 0.6486111111111111 0.04114583333333333 0.225
8 0.18984375 0.6601851851851852 0.0671875 0.21851851851851853
4 0.35651041666666666 0.7231481481481481 0.24635416666666668 0.3574074074074074
10 0.3145833333333333 0.4587962962962963 0.022916666666666665 0.07314814814814814