7 0.37265625 0.55 0.009895833333333333 0.046296296296296294
7 0.3645833333333333 0.5486111111111112 0.011458333333333333 0.03796296296296296
7 0.35208333333333336 0.5402777777777777 0.008333333333333333 0.032407407407407406
1 0.39739583333333334 0.5912037037037037 0.05 0.12685185185185185
7 0.32708333333333334 0.5560185185185185 0.015625 0.04537037037037037
7 0.3502604166666667 0.5611111111111111 0.013020833333333334 0.040740740740740744
10 0.2890625 0.48703703703703705 0.019791666666666666 0.06111111111111111
7 0.3 0.5837962962962963 0.019791666666666666 0.13425925925925927
7 0.2755208333333333 0.600925925925926 0.01875 0.12777777777777777
7 0.2518229166666667 0.6152777777777778 0.03177083333333333 0.16944444444444445
7 0.26536458333333335 0.6097222222222223 0.016145833333333335 0.14166666666666666
4 0.10078125 0.6564814814814814 0.2015625 0.26851851851851855
7 0.31171875 0.6050925925925926 0.021354166666666667 0.11203703703703703
7 0.3372395833333333 0.6037037037037037 0.0203125 0.10925925925925926
6 0.36171875 0.6449074074074074 0.0453125 0.10462962962962963
8 0.35833333333333334 0.6111111111111112 0.042708333333333334 0.14074074074074075
2 0.9893229166666667 0.6990740740740741 0.0203125 0.09444444444444444
3 0.79453125 0.5736111111111111 0.28177083333333336 0.38055555555555554
1 0.5013020833333334 0.6537037037037037 0.16927083333333334 0.35555555555555557
6 0.6088541666666667 0.8560185185185185 0.14270833333333333 0.2861111111111111
8 0.5861979166666667 0.7787037037037037 0.10364583333333334 0.4222222222222222
8 0.60078125 0.7518518518518519 0.12760416666666666 0.43703703703703706
7 0.29453125 0.6157407407407407 0.013020833333333334 0.1425925925925926
7 0.28567708333333336 0.6143518518518518 0.030729166666666665 0.1638888888888889