14 0.009375 0.5504629629629629 0.01875 0.05277777777777778
1 0.2015625 0.6027777777777777 0.09375 0.13518518518518519
6 0.26276041666666666 0.6555555555555556 0.05260416666666667 0.11296296296296296
8 0.2669270833333333 0.612037037037037 0.04114583333333333 0.12407407407407407
6 0.0984375 0.8638888888888889 0.196875 0.27037037037037037
8 0.10260416666666666 0.7833333333333333 0.165625 0.43148148148148147
8 0.062239583333333334 0.7773148148148148 0.12447916666666667 0.44351851851851853
6 0.4044270833333333 0.5990740740740741 0.022395833333333334 0.053703703703703705
8 0.4088541666666667 0.5791666666666667 0.014583333333333334 0.06944444444444445
8 0.40234375 0.5777777777777777 0.021354166666666667 0.06851851851851852
6 0.4783854166666667 0.5717592592592593 0.0078125 0.023148148148148147
8 0.4786458333333333 0.5606481481481481 0.011458333333333333 0.032407407407407406
6 0.5096354166666667 0.5652777777777778 0.0046875 0.012037037037037037
8 0.5098958333333333 0.5583333333333333 0.007291666666666667 0.018518518518518517
4 0.5481770833333334 0.5518518518518518 0.005729166666666666 0.012962962962962963
4 0.54453125 0.5541666666666667 0.011979166666666667 0.017592592592592594
6 0.5611979166666666 0.5537037037037037 0.0036458333333333334 0.007407407407407408
8 0.5614583333333333 0.55 0.004166666666666667 0.012962962962962963
6 0.5515625 0.5439814814814815 0.003125 0.006481481481481481
8 0.5518229166666667 0.5412037037037037 0.0026041666666666665 0.008333333333333333
6 0.54765625 0.5435185185185185 0.0026041666666666665 0.005555555555555556
8 0.54765625 0.5393518518518519 0.0026041666666666665 0.008333333333333333
8 0.5489583333333333 0.5388888888888889 0.0020833333333333333 0.007407407407407408
6 0.5486979166666667 0.5421296296296296 0.0015625 0.004629629629629629
6 0.5526041666666667 0.5361111111111111 0.0020833333333333333 0.003703703703703704
8 0.5526041666666667 0.5337962962962963 0.0020833333333333333 0.004629629629629629
6 0.55703125 0.5361111111111111 0.0015625 0.003703703703703704
8 0.55703125 0.5337962962962963 0.0015625 0.006481481481481481
8 0.5575520833333333 0.5291666666666667 0.0015625 0.004629629629629629
6 0.5544270833333333 0.5314814814814814 0.0015625 0.003703703703703704
8 0.5546875 0.5287037037037037 0.0020833333333333333 0.005555555555555556
6 0.6104166666666667 0.5564814814814815 0.004166666666666667 0.016666666666666666
8 0.6109375 0.5513888888888889 0.004166666666666667 0.017592592592592594
13 0.72421875 0.5032407407407408 0.19427083333333334 0.33425925925925926
6 0.9536458333333333 0.6296296296296297 0.058333333333333334 0.0962962962962963
8 0.9536458333333333 0.6 0.034375 0.11666666666666667