10 0.4739583333333333 0.3282407407407407 0.010416666666666666 0.017592592592592594
10 0.4747395833333333 0.34120370370370373 0.011979166666666667 0.012037037037037037
10 0.32890625 0.3814814814814815 0.008854166666666666 0.018518518518518517
1 0.36354166666666665 0.4287037037037037 0.029166666666666667 0.06111111111111111
6 0.43697916666666664 0.4023148148148148 0.00625 0.008333333333333333
8 0.42682291666666666 0.39675925925925926 0.0140625 0.026851851851851852
7 0.4505208333333333 0.42592592592592593 0.015625 0.07037037037037037
7 0.29192708333333334 0.4222222222222222 0.009895833333333333 0.037037037037037035
7 0.2828125 0.4148148148148148 0.009375 0.022222222222222223
7 0.27395833333333336 0.4203703703703704 0.008333333333333333 0.024074074074074074
7 0.2669270833333333 0.4300925925925926 0.0109375 0.05462962962962963
7 0.26015625 0.4375 0.013020833333333334 0.05648148148148148
7 0.23854166666666668 0.43425925925925923 0.009375 0.05740740740740741
7 0.22604166666666667 0.425462962962963 0.010416666666666666 0.030555555555555555
6 0.22838541666666667 0.44907407407407407 0.0296875 0.06111111111111111
6 0.19739583333333333 0.4564814814814815 0.03854166666666667 0.04259259259259259
13 0.05572916666666667 0.49907407407407406 0.11145833333333334 0.3333333333333333
4 0.5875 0.38333333333333336 0.015625 0.024074074074074074
4 0.5544270833333333 0.38657407407407407 0.016145833333333335 0.019444444444444445
4 0.5432291666666667 0.39166666666666666 0.010416666666666666 0.03333333333333333
4 0.5059895833333333 0.4652777777777778 0.11510416666666666 0.18611111111111112
6 0.5684895833333333 0.4388888888888889 0.022395833333333334 0.06111111111111111
8 0.5684895833333333 0.4217592592592593 0.0234375 0.0787037037037037
6 0.609375 0.43796296296296294 0.025 0.07407407407407407
8 0.6088541666666667 0.4148148148148148 0.022916666666666665 0.08703703703703704
13 0.6513020833333333 0.3578703703703704 0.07135416666666666 0.0712962962962963
4 0.6955729166666667 0.3787037037037037 0.0203125 0.04259259259259259
6 0.7989583333333333 0.6143518518518518 0.11666666666666667 0.287962962962963
8 0.8005208333333333 0.5291666666666667 0.08854166666666667 0.2972222222222222
9 0.3924479166666667 0.3287037037037037 0.005729166666666666 0.009259259259259259
9 0.39453125 0.337037037037037 0.005729166666666666 0.009259259259259259
4 0.6005208333333333 0.3824074074074074 0.010416666666666666 0.024074074074074074
7 0.44479166666666664 0.4 0.009375 0.022222222222222223