8 0.5143229166666666 0.5435185185185185 0.0067708333333333336 0.024074074074074074
6 0.5174479166666667 0.5569444444444445 0.0078125 0.028703703703703703
7 0.5255208333333333 0.5564814814814815 0.009375 0.06666666666666667
7 0.53046875 0.5587962962962963 0.009895833333333333 0.0712962962962963
7 0.5424479166666667 0.5407407407407407 0.0078125 0.018518518518518517
7 0.54453125 0.5347222222222222 0.0036458333333333334 0.013888888888888888
7 0.5377604166666666 0.5634259259259259 0.0140625 0.06759259259259259
7 0.5627604166666667 0.5333333333333333 0.009895833333333333 0.02962962962962963
7 0.5901041666666667 0.524537037037037 0.013541666666666667 0.062037037037037036
7 0.65859375 0.5291666666666667 0.008854166666666666 0.032407407407407406
7 0.6549479166666666 0.5518518518518518 0.0109375 0.08888888888888889
7 0.6755208333333333 0.5273148148148148 0.010416666666666666 0.021296296296296296
7 0.6403645833333333 0.600462962962963 0.028645833333333332 0.14166666666666666
1 0.7234375 0.5717592592592593 0.11458333333333333 0.2064814814814815
6 0.8361979166666667 0.7032407407407407 0.1265625 0.2212962962962963
7 0.9325520833333333 0.5615740740740741 0.050520833333333334 0.275
6 0.7354166666666667 0.7652777777777777 0.121875 0.25277777777777777
8 0.740625 0.6615740740740741 0.09166666666666666 0.30092592592592593
6 0.96484375 0.7601851851851852 0.06927083333333334 0.1925925925925926
6 0.5463541666666667 0.5953703703703703 0.019791666666666666 0.06481481481481481
8 0.5473958333333333 0.5726851851851852 0.022916666666666665 0.08796296296296297
6 0.5622395833333333 0.6129629629629629 0.03177083333333333 0.09074074074074075
8 0.56328125 0.5828703703703704 0.0328125 0.11203703703703703
8 0.51796875 0.5467592592592593 0.008854166666666666 0.03611111111111111
7 0.5080729166666667 0.5476851851851852 0.008854166666666666 0.032407407407407406
8 0.50546875 0.5504629629629629 0.0109375 0.041666666666666664
6 0.50625 0.5615740740740741 0.009375 0.03981481481481482
7 0.4627604166666667 0.5347222222222222 0.0140625 0.028703703703703703
7 0.4786458333333333 0.5407407407407407 0.008333333333333333 0.014814814814814815
7 0.48802083333333335 0.5314814814814814 0.003125 0.005555555555555556
7 0.48411458333333335 0.5402777777777777 0.0078125 0.01574074074074074
7 0.4549479166666667 0.5398148148148149 0.0109375 0.020370370370370372
7 0.43776041666666665 0.549537037037037 0.0067708333333333336 0.012037037037037037
7 0.44296875 0.5546296296296296 0.013020833333333334 0.03148148148148148
7 0.43046875 0.5833333333333334 0.016145833333333335 0.07962962962962963
7 0.47239583333333335 0.5370370370370371 0.010416666666666666 0.020370370370370372
4 0.46380208333333334 0.6027777777777777 0.06614583333333333 0.11666666666666667
6 0.4119791666666667 0.6842592592592592 0.058333333333333334 0.15925925925925927
7 0.3776041666666667 0.6972222222222222 0.042708333333333334 0.2074074074074074
8 0.4109375 0.6273148148148148 0.05416666666666667 0.1824074074074074
7 0.33932291666666664 0.6819444444444445 0.0296875 0.18611111111111112
7 0.271875 0.5796296296296296 0.051041666666666666 0.12407407407407407
7 0.26458333333333334 0.6939814814814815 0.05625 0.375
7 0.17135416666666667 0.6537037037037037 0.05625 0.25555555555555554
7 0.19453125 0.7462962962962963 0.06927083333333334 0.4740740740740741
7 0.30703125 0.7472222222222222 0.08177083333333333 0.3962962962962963
7 0.22630208333333332 0.7717592592592593 0.09322916666666667 0.4546296296296296
6 0.08072916666666667 0.7666666666666667 0.16145833333333334 0.3685185185185185
7 0.08671875 0.7833333333333333 0.15572916666666667 0.4203703703703704
6 0.49557291666666664 0.6361111111111111 0.0421875 0.13148148148148148
8 0.49375 0.600925925925926 0.035416666666666666 0.1259259259259259
8 0.48671875 0.6125 0.0359375 0.14722222222222223
8 0.48671875 0.6041666666666666 0.03697916666666667 0.1398148148148148