4 0.440625 0.5402777777777777 0.03229166666666667 0.06388888888888888
4 0.40572916666666664 0.5421296296296296 0.04791666666666667 0.09166666666666666
7 0.4901041666666667 0.5273148148148148 0.007291666666666667 0.026851851851851852
1 0.51640625 0.5333333333333333 0.019270833333333334 0.05
14 0.5411458333333333 0.5189814814814815 0.007291666666666667 0.012037037037037037
1 0.55234375 0.5148148148148148 0.013020833333333334 0.014814814814814815
6 0.5286458333333334 0.5449074074074074 0.011458333333333333 0.03425925925925926
8 0.5278645833333333 0.5356481481481481 0.013020833333333334 0.03981481481481482
6 0.49583333333333335 0.5337962962962963 0.008333333333333333 0.01574074074074074
8 0.49609375 0.5226851851851851 0.0078125 0.017592592592592594
8 0.5177083333333333 0.5467592592592593 0.013541666666666667 0.06574074074074074
6 0.5372395833333333 0.5523148148148148 0.011979166666666667 0.03981481481481482
8 0.5372395833333333 0.5356481481481481 0.013020833333333334 0.04537037037037037
6 0.590625 0.5314814814814814 0.009375 0.020370370370370372
6 0.5971354166666667 0.5328703703703703 0.009895833333333333 0.012037037037037037
8 0.60078125 0.5208333333333334 0.0067708333333333336 0.017592592592592594
8 0.59609375 0.5226851851851851 0.008854166666666666 0.019444444444444445
8 0.48359375 0.5236111111111111 0.0078125 0.021296296296296296
1 0.5716145833333334 0.5597222222222222 0.03802083333333333 0.09907407407407408
6 0.4640625 0.5606481481481481 0.014583333333333334 0.04722222222222222
8 0.46458333333333335 0.5444444444444444 0.015625 0.05925925925925926
6 0.47890625 0.5648148148148148 0.018229166666666668 0.05555555555555555
8 0.47994791666666664 0.55 0.021354166666666667 0.07222222222222222
6 0.55625 0.5907407407407408 0.027083333333333334 0.08333333333333333
8 0.5473958333333333 0.562037037037037 0.016666666666666666 0.08888888888888889
6 0.50546875 0.6023148148148149 0.034895833333333334 0.08611111111111111
8 0.55625 0.5671296296296297 0.030208333333333334 0.09351851851851851
8 0.5078125 0.5467592592592593 0.020833333333333332 0.05277777777777778
8 0.5018229166666667 0.5694444444444444 0.03802083333333333 0.09814814814814815
6 0.40546875 0.5814814814814815 0.0265625 0.05
7 0.4 0.5634259259259259 0.013541666666666667 0.0712962962962963
1 0.31588541666666664 0.5990740740740741 0.11927083333333334 0.2111111111111111
6 0.5911458333333334 0.5606481481481481 0.0125 0.03796296296296296
7 0.3815104166666667 0.6300925925925925 0.0671875 0.24722222222222223
6 0.6104166666666667 0.5615740740740741 0.030208333333333334 0.04537037037037037
6 0.603125 0.5726851851851852 0.015625 0.04351851851851852
6 0.62421875 0.5648148148148148 0.03697916666666667 0.06111111111111111
6 0.6395833333333333 0.5671296296296297 0.029166666666666667 0.021296296296296296
6 0.6596354166666667 0.5782407407407407 0.03802083333333333 0.075
14 0.6395833333333333 0.5921296296296297 0.04583333333333333 0.06944444444444445
6 0.6716145833333333 0.5787037037037037 0.04114583333333333 0.06851851851851852
6 0.68515625 0.5962962962962963 0.03697916666666667 0.07592592592592592
13 0.7583333333333333 0.5583333333333333 0.125 0.17592592592592593
1 0.17083333333333334 0.6069444444444444 0.14375 0.18611111111111112
7 0.2520833333333333 0.6222222222222222 0.042708333333333334 0.23148148148148148
6 0.9658854166666667 0.6800925925925926 0.0578125 0.15648148148148147
1 0.8473958333333333 0.6481481481481481 0.20833333333333334 0.36666666666666664
6 0.9903645833333333 0.6939814814814815 0.016145833333333335 0.16203703703703703
7 0.7432291666666667 0.6356481481481482 0.059375 0.25277777777777777
1 0.061197916666666664 0.7166666666666667 0.12239583333333333 0.4981481481481482
7 0.12942708333333333 0.7592592592592593 0.10677083333333333 0.4777777777777778
6 0.621875 0.5435185185185185 0.029166666666666667 0.027777777777777776