3 0.5333333333333333 0.513425925925926 0.015625 0.03796296296296296
7 0.5239583333333333 0.5162037037037037 0.004166666666666667 0.019444444444444445
7 0.5205729166666667 0.5143518518518518 0.0046875 0.017592592592592594
4 0.5078125 0.5143518518518518 0.016666666666666666 0.01574074074074074
4 0.5026041666666666 0.5166666666666667 0.014583333333333334 0.018518518518518517
4 0.49713541666666666 0.5217592592592593 0.015104166666666667 0.021296296296296296
4 0.49244791666666665 0.5254629629629629 0.0171875 0.021296296296296296
7 0.50546875 0.5217592592592593 0.0046875 0.021296296296296296
4 0.47682291666666665 0.5356481481481481 0.022395833333333334 0.026851851851851852
7 0.46979166666666666 0.5370370370370371 0.00625 0.03518518518518519
4 0.44479166666666664 0.5407407407407407 0.0375 0.03888888888888889
7 0.43463541666666666 0.5421296296296296 0.008854166666666666 0.03611111111111111
6 0.45208333333333334 0.5527777777777778 0.014583333333333334 0.03333333333333333
8 0.4552083333333333 0.5421296296296296 0.008333333333333333 0.028703703703703703
6 0.4674479166666667 0.5768518518518518 0.016145833333333335 0.06111111111111111
8 0.46458333333333335 0.562037037037037 0.022916666666666665 0.07222222222222222
4 0.40286458333333336 0.562037037037037 0.049479166666666664 0.06296296296296296
7 0.3802083333333333 0.5458333333333333 0.009375 0.03611111111111111
4 0.32135416666666666 0.5828703703703704 0.125 0.10462962962962963
4 0.2986979166666667 0.5986111111111111 0.1265625 0.09907407407407408
4 0.17890625 0.637962962962963 0.28072916666666664 0.20925925925925926
6 0.016666666666666666 0.7643518518518518 0.03333333333333333 0.18981481481481483
4 0.54453125 0.5222222222222223 0.0109375 0.022222222222222223
14 0.56875 0.5254629629629629 0.009375 0.017592592592592594
4 0.5776041666666667 0.5402777777777777 0.021875 0.041666666666666664
14 0.61953125 0.5486111111111112 0.033854166666666664 0.0712962962962963
6 0.5208333333333334 0.5351851851851852 0.005208333333333333 0.020370370370370372
8 0.52109375 0.5291666666666667 0.0078125 0.025
8 0.52734375 0.538425925925926 0.0109375 0.04722222222222222
7 0.54140625 0.5412037037037037 0.008854166666666666 0.04537037037037037
4 0.5591145833333333 0.5421296296296296 0.03177083333333333 0.04537037037037037
1 0.5973958333333333 0.5532407407407407 0.035416666666666666 0.0712962962962963
0 0.6283854166666667 0.5740740740740741 0.016145833333333335 0.037037037037037035
7 0.6059895833333333 0.5652777777777778 0.0171875 0.0787037037037037
6 0.7395833333333334 0.5583333333333333 0.022916666666666665 0.046296296296296294
7 0.69921875 0.5708333333333333 0.0203125 0.08055555555555556
7 0.6861979166666666 0.5717592592592593 0.016145833333333335 0.075
6 0.7546875 0.6064814814814815 0.029166666666666667 0.06296296296296296
1 0.8166666666666667 0.6087962962962963 0.10625 0.20092592592592592
7 0.86640625 0.5476851851851852 0.011979166666666667 0.03796296296296296
7 0.88828125 0.5736111111111111 0.025520833333333333 0.12685185185185185
7 0.91640625 0.5092592592592593 0.021354166666666667 0.024074074074074074
7 0.9411458333333333 0.4981481481481482 0.016666666666666666 0.03333333333333333
7 0.9783854166666667 0.500462962962963 0.0265625 0.026851851851851852
4 0.9421875 0.649537037037037 0.1125 0.27685185185185185
4 0.4239583333333333 0.5375 0.017708333333333333 0.03611111111111111
7 0.5182291666666666 0.513425925925926 0.004166666666666667 0.01574074074074074
4 0.5510416666666667 0.5222222222222223 0.008333333333333333 0.014814814814814815
14 0.5598958333333334 0.5166666666666667 0.009375 0.011111111111111112
6 0.3575520833333333 0.5518518518518518 0.016145833333333335 0.02962962962962963
8 0.35833333333333334 0.5393518518518519 0.007291666666666667 0.03425925925925926