0 0.55546875 0.3175925925925926 0.0036458333333333334 0.005555555555555556
0 0.5651041666666666 0.32592592592592595 0.004166666666666667 0.005555555555555556
0 0.5526041666666667 0.3296296296296296 0.0020833333333333333 0.005555555555555556
0 0.5479166666666667 0.33101851851851855 0.004166666666666667 0.006481481481481481
0 0.53828125 0.3523148148148148 0.0026041666666666665 0.004629629629629629
0 0.5375 0.35694444444444445 0.004166666666666667 0.004629629629629629
0 0.53515625 0.3680555555555556 0.0026041666666666665 0.004629629629629629
0 0.5348958333333333 0.3726851851851852 0.003125 0.004629629629629629
0 0.53359375 0.37916666666666665 0.0026041666666666665 0.004629629629629629
0 0.5322916666666667 0.38425925925925924 0.004166666666666667 0.005555555555555556
0 0.5296875 0.3925925925925926 0.004166666666666667 0.005555555555555556
0 0.5283854166666667 0.399537037037037 0.0036458333333333334 0.006481481481481481
0 0.52421875 0.4078703703703704 0.0036458333333333334 0.004629629629629629
0 0.521875 0.32592592592592595 0.0020833333333333333 0.003703703703703704
3 0.4713541666666667 0.5009259259259259 0.0375 0.03518518518518519
8 0.484375 0.5 0.010416666666666666 0.025925925925925925
8 0.4828125 0.5046296296296297 0.0125 0.020370370370370372
8 0.49296875 0.487962962962963 0.0109375 0.05185185185185185
8 0.5018229166666667 0.48935185185185187 0.024479166666666666 0.05277777777777778
14 0.50546875 0.5212962962962963 0.022395833333333334 0.03888888888888889
3 0.5268229166666667 0.5111111111111111 0.04635416666666667 0.07407407407407407
14 0.5596354166666667 0.5236111111111111 0.015104166666666667 0.013888888888888888
4 0.5700520833333333 0.5222222222222223 0.0109375 0.014814814814814815
3 0.62421875 0.5087962962962963 0.0796875 0.0824074074074074
6 0.6815104166666667 0.5462962962962963 0.015104166666666667 0.018518518518518517
6 0.6619791666666667 0.5606481481481481 0.021875 0.041666666666666664
8 0.6630208333333333 0.549074074074074 0.01875 0.05740740740740741
8 0.7104166666666667 0.5347222222222222 0.016666666666666666 0.03425925925925926
8 0.7377604166666667 0.5254629629629629 0.0203125 0.03981481481481482
3 0.8223958333333333 0.5305555555555556 0.228125 0.2222222222222222
6 0.984375 0.6064814814814815 0.030208333333333334 0.053703703703703705
4 0.5135416666666667 0.5805555555555556 0.022916666666666665 0.10555555555555556
4 0.5341145833333333 0.5416666666666666 0.022395833333333334 0.037037037037037035
4 0.55390625 0.538425925925926 0.028645833333333332 0.032407407407407406
4 0.5885416666666666 0.5458333333333333 0.03333333333333333 0.03981481481481482
4 0.6151041666666667 0.5995370370370371 0.07916666666666666 0.13425925925925927
6 0.53359375 0.6171296296296296 0.03177083333333333 0.10092592592592593
8 0.5341145833333333 0.5837962962962963 0.03177083333333333 0.11944444444444445
6 0.5653645833333333 0.6375 0.04739583333333333 0.14537037037037037
8 0.5638020833333334 0.5981481481481481 0.05260416666666667 0.1537037037037037
6 0.3971354166666667 0.5416666666666666 0.013020833333333334 0.025925925925925925
8 0.3971354166666667 0.5324074074074074 0.0109375 0.04259259259259259
8 0.3828125 0.5365740740740741 0.023958333333333335 0.041666666666666664
4 0.3515625 0.5425925925925926 0.04791666666666667 0.04814814814814815
8 0.27421875 0.5449074074074074 0.018229166666666668 0.028703703703703703
7 0.13828125 0.5342592592592592 0.027604166666666666 0.12962962962962962
6 0.1859375 0.6129629629629629 0.0375 0.11851851851851852
4 0.46067708333333335 0.6152777777777778 0.1203125 0.21944444444444444
4 0.3184895833333333 0.7574074074074074 0.3067708333333333 0.42407407407407405
4 0.7557291666666667 0.6800925925925926 0.26458333333333334 0.28425925925925927
6 0.22135416666666666 0.5662037037037037 0.046875 0.11203703703703703