6 0.1359375 0.8449074074074074 0.2677083333333333 0.30648148148148147
8 0.17916666666666667 0.7657407407407407 0.20208333333333334 0.46296296296296297
6 0.053125 0.6412037037037037 0.09375 0.10462962962962963
14 0.19296875 0.562037037037037 0.07760416666666667 0.13333333333333333
13 0.3580729166666667 0.5157407407407407 0.0796875 0.08703703703703704
1 0.40859375 0.5282407407407408 0.0265625 0.062037037037037036
6 0.3768229166666667 0.5439814814814815 0.0328125 0.03796296296296296
6 0.3614583333333333 0.5606481481481481 0.023958333333333335 0.05462962962962963
7 0.39817708333333335 0.5574074074074075 0.013020833333333334 0.08518518518518518
7 0.42526041666666664 0.5037037037037037 0.0046875 0.014814814814814815
7 0.4276041666666667 0.5078703703703704 0.00625 0.017592592592592594
7 0.43333333333333335 0.5087962962962963 0.00625 0.023148148148148147
7 0.42161458333333335 0.5175925925925926 0.009895833333333333 0.03518518518518519
14 0.4549479166666667 0.5 0.0109375 0.011111111111111112
1 0.44921875 0.5027777777777778 0.0203125 0.007407407407407408
1 0.45286458333333335 0.5537037037037037 0.04739583333333333 0.10185185185185185
6 0.47994791666666664 0.5472222222222223 0.0109375 0.03888888888888889
8 0.4791666666666667 0.5328703703703703 0.011458333333333333 0.04351851851851852
13 0.5125 0.5388888888888889 0.06354166666666666 0.10555555555555556
6 0.55390625 0.5578703703703703 0.024479166666666666 0.041666666666666664
8 0.5549479166666667 0.5486111111111112 0.015104166666666667 0.062037037037037036
7 0.56484375 0.5527777777777778 0.0171875 0.07592592592592592
1 0.5669270833333333 0.5300925925925926 0.0265625 0.049074074074074076
1 0.590625 0.5435185185185185 0.040625 0.06481481481481481
14 0.6236979166666666 0.562037037037037 0.0671875 0.12777777777777777
6 0.6361979166666667 0.5995370370370371 0.058854166666666666 0.06944444444444445
6 0.6572916666666667 0.5949074074074074 0.046875 0.09166666666666666
1 0.7174479166666666 0.5986111111111111 0.0921875 0.1787037037037037
7 0.6473958333333333 0.6097222222222223 0.021875 0.13796296296296295
7 0.63125 0.5976851851851852 0.027083333333333334 0.16018518518518518
7 0.584375 0.5990740740740741 0.0375 0.1425925925925926
6 0.8130208333333333 0.6847222222222222 0.13541666666666666 0.18425925925925926
6 0.9221354166666667 0.6564814814814814 0.11927083333333334 0.15185185185185185
6 0.428125 0.586574074074074 0.027083333333333334 0.08055555555555556
8 0.42578125 0.5578703703703703 0.028645833333333332 0.08611111111111111