3 0.31484375 0.42453703703703705 0.29635416666666664 0.262037037037037
1 0.42473958333333334 0.44074074074074077 0.025520833333333333 0.06111111111111111
8 0.41796875 0.44675925925925924 0.025520833333333333 0.058333333333333334
6 0.36223958333333334 0.4689814814814815 0.04010416666666667 0.03611111111111111
8 0.36041666666666666 0.45555555555555555 0.03333333333333333 0.05740740740740741
6 0.34765625 0.47685185185185186 0.04010416666666667 0.037037037037037035
8 0.33958333333333335 0.46064814814814814 0.036458333333333336 0.06574074074074074
6 0.2171875 0.5180555555555556 0.06875 0.06018518518518518
8 0.22213541666666667 0.49212962962962964 0.05677083333333333 0.09722222222222222
6 0.7080729166666667 0.4027777777777778 0.0067708333333333336 0.016666666666666666
8 0.7078125 0.39537037037037037 0.009375 0.020370370370370372
6 0.7192708333333333 0.40185185185185185 0.009375 0.016666666666666666
8 0.71953125 0.3939814814814815 0.0109375 0.021296296296296296
6 0.7385416666666667 0.44583333333333336 0.029166666666666667 0.07314814814814814
8 0.7375 0.42314814814814816 0.030208333333333334 0.08703703703703704
7 0.74921875 0.3939814814814815 0.009895833333333333 0.05462962962962963
6 0.7794270833333333 0.5199074074074074 0.06197916666666667 0.1675925925925926
8 0.7802083333333333 0.4652777777777778 0.05520833333333333 0.17685185185185184
6 0.8502604166666666 0.5981481481481481 0.1046875 0.29814814814814816
8 0.85078125 0.5407407407407407 0.09635416666666667 0.3
14 0.7 0.39675925925925926 0.008333333333333333 0.01574074074074074
14 0.6869791666666667 0.3976851851851852 0.010416666666666666 0.023148148148148147
6 0.69140625 0.4064814814814815 0.005729166666666666 0.016666666666666666
8 0.6911458333333333 0.39861111111111114 0.00625 0.017592592592592594
4 0.690625 0.44583333333333336 0.022916666666666665 0.09722222222222222
3 0.03958333333333333 0.45 0.07916666666666666 0.29074074074074074
4 0.12265625 0.7643518518518518 0.2453125 0.46944444444444444
13 0.52265625 0.5472222222222223 0.3609375 0.8611111111111112