4 0.5046875 0.5611111111111111 0.03854166666666667 0.06111111111111111
9 0.5880208333333333 0.3912037037037037 0.007291666666666667 0.013888888888888888
6 0.47239583333333335 0.5532407407407407 0.008333333333333333 0.013888888888888888
8 0.47213541666666664 0.5435185185185185 0.0067708333333333336 0.016666666666666666
6 0.39088541666666665 0.5828703703703704 0.015104166666666667 0.04722222222222222
8 0.39114583333333336 0.5694444444444444 0.015625 0.05740740740740741
3 0.5494791666666666 0.5347222222222222 0.017708333333333333 0.026851851851851852
4 0.5591145833333333 0.5425925925925926 0.009895833333333333 0.016666666666666666
10 0.5533854166666666 0.5430555555555555 0.008854166666666666 0.017592592592592594
14 0.5197916666666667 0.5300925925925926 0.005208333333333333 0.010185185185185186
3 0.51328125 0.5319444444444444 0.008854166666666666 0.017592592592592594
3 0.5377604166666666 0.5333333333333333 0.005729166666666666 0.012962962962962963
4 0.5302083333333333 0.5324074074074074 0.005208333333333333 0.009259259259259259
10 0.5158854166666667 0.5203703703703704 0.005729166666666666 0.012962962962962963