3 0.503125 0.4583333333333333 0.046875 0.09722222222222222
4 0.444921875 0.48819444444444443 0.01796875 0.02361111111111111
4 0.400390625 0.5208333333333334 0.08046875 0.10277777777777777
8 0.429296875 0.4951388888888889 0.01640625 0.02361111111111111
1 0.474609375 0.4847222222222222 0.04453125 0.025
1 0.52421875 0.5069444444444444 0.01875 0.07777777777777778
8 0.496484375 0.48819444444444443 0.01328125 0.018055555555555554
13 0.6375 0.46111111111111114 0.0390625 0.06388888888888888
3 0.673828125 0.46597222222222223 0.03515625 0.05416666666666667
1 0.69765625 0.475 0.03125 0.027777777777777776
4 0.698828125 0.53125 0.07734375 0.10138888888888889
3 0.8734375 0.45555555555555555 0.2515625 0.22777777777777777
1 0.816015625 0.5041666666666667 0.06953125 0.08888888888888889
4 0.630859375 0.5819444444444445 0.13984375 0.19444444444444445
4 0.304296875 0.5861111111111111 0.18671875 0.19444444444444445
4 0.463671875 0.6055555555555555 0.14765625 0.225
6 0.31875 0.6923611111111111 0.096875 0.2263888888888889
8 0.34765625 0.6291666666666667 0.0640625 0.2611111111111111
8 0.312109375 0.6048611111111111 0.08046875 0.2652777777777778
7 0.094921875 0.5270833333333333 0.02890625 0.19027777777777777
13 0.576953125 0.46458333333333335 0.10078125 0.24861111111111112
4 0.088671875 0.8430555555555556 0.17734375 0.3111111111111111
10 0.65625 0.20069444444444445 0.58125 0.12916666666666668