10 0.07239583333333334 0.274537037037037 0.01875 0.03611111111111111
13 0.01015625 0.3523148148148148 0.0203125 0.012037037037037037
1 0.017447916666666667 0.37037037037037035 0.033854166666666664 0.027777777777777776
4 0.030989583333333334 0.45740740740740743 0.06197916666666667 0.14074074074074075
4 0.0546875 0.38796296296296295 0.03854166666666667 0.05925925925925926
4 0.3299479166666667 0.4134259259259259 0.0296875 0.049074074074074076
7 0.30755208333333334 0.49074074074074076 0.058854166666666666 0.23703703703703705
8 0.3453125 0.4134259259259259 0.015625 0.021296296296296296
8 0.35078125 0.42268518518518516 0.0109375 0.03425925925925926
6 0.3333333333333333 0.42777777777777776 0.011458333333333333 0.020370370370370372
6 0.35104166666666664 0.4375 0.029166666666666667 0.026851851851851852
13 0.18020833333333333 0.42407407407407405 0.25104166666666666 0.48518518518518516