14 0.04895833333333333 0.4125 0.020833333333333332 0.03981481481481482
6 0.016666666666666666 0.43333333333333335 0.03333333333333333 0.08333333333333333
6 0.036458333333333336 0.4425925925925926 0.034375 0.09259259259259259
7 0.1375 0.43148148148148147 0.022916666666666665 0.1388888888888889
6 0.11145833333333334 0.47638888888888886 0.058333333333333334 0.12314814814814815
6 0.1953125 0.5398148148148149 0.06979166666666667 0.14629629629629629
6 0.2734375 0.49444444444444446 0.06041666666666667 0.11481481481481481
6 0.2559895833333333 0.5657407407407408 0.06822916666666666 0.17222222222222222
10 0.425 0.2101851851851852 0.04375 0.09814814814814815
10 0.4236979166666667 0.2865740740740741 0.0421875 0.030555555555555555
6 0.3919270833333333 0.6462962962962963 0.11614583333333334 0.2111111111111111
6 0.59375 0.725925925925926 0.19375 0.2796296296296296
7 0.7411458333333333 0.5722222222222222 0.04479166666666667 0.2574074074074074
7 0.7888020833333333 0.5388888888888889 0.0421875 0.1962962962962963
6 0.6598958333333333 0.7814814814814814 0.24166666666666667 0.3425925925925926
7 0.9203125 0.6222222222222222 0.078125 0.3425925925925926
6 0.8783854166666667 0.8689814814814815 0.2421875 0.2601851851851852
7 0.9859375 0.6037037037037037 0.027083333333333334 0.29259259259259257