6 0.8341145833333333 0.8462962962962963 0.1765625 0.3
8 0.8364583333333333 0.7555555555555555 0.12916666666666668 0.387037037037037
7 0.9515625 0.6990740740740741 0.0625 0.2759259259259259
7 0.03046875 0.8175925925925925 0.0609375 0.3611111111111111
13 0.14453125 0.6027777777777777 0.28802083333333334 0.3074074074074074
6 0.18177083333333333 0.7046296296296296 0.15208333333333332 0.2
1 0.33359375 0.6148148148148148 0.08385416666666666 0.19074074074074074
7 0.3854166666666667 0.612037037037037 0.023958333333333335 0.1574074074074074
6 0.39348958333333334 0.6087962962962963 0.028645833333333332 0.07314814814814814
8 0.39505208333333336 0.5814814814814815 0.016145833333333335 0.09259259259259259
6 0.4044270833333333 0.5773148148148148 0.015104166666666667 0.04351851851851852
8 0.4041666666666667 0.5643518518518519 0.014583333333333334 0.05462962962962963
1 0.40260416666666665 0.5518518518518518 0.021875 0.040740740740740744
8 0.4158854166666667 0.5546296296296296 0.0067708333333333336 0.03518518518518519
6 0.4158854166666667 0.5712962962962963 0.008854166666666666 0.024074074074074074
1 0.42864583333333334 0.5476851851851852 0.016666666666666666 0.028703703703703703
6 0.41796875 0.600462962962963 0.0234375 0.06018518518518518
8 0.41953125 0.5782407407407407 0.0234375 0.07685185185185185
1 0.44375 0.5791666666666667 0.03958333333333333 0.08611111111111111
4 0.4669270833333333 0.5685185185185185 0.024479166666666666 0.05740740740740741
6 0.4796875 0.5634259259259259 0.007291666666666667 0.021296296296296296
6 0.48463541666666665 0.5532407407407407 0.0036458333333333334 0.012037037037037037
7 0.48854166666666665 0.5449074074074074 0.003125 0.017592592592592594
4 0.4921875 0.5435185185185185 0.013541666666666667 0.018518518518518517
6 0.4984375 0.5504629629629629 0.005208333333333333 0.010185185185185186
8 0.4981770833333333 0.5453703703703704 0.0036458333333333334 0.014814814814814815
8 0.4830729166666667 0.5476851851851852 0.0046875 0.017592592592592594
8 0.47994791666666664 0.5555555555555556 0.008854166666666666 0.025925925925925925
6 0.4984375 0.5717592592592593 0.020833333333333332 0.03796296296296296
1 0.5416666666666666 0.575 0.03854166666666667 0.08148148148148149
4 0.58359375 0.5861111111111111 0.05364583333333333 0.06851851851851852
6 0.6372395833333333 0.586574074074074 0.0421875 0.05462962962962963
1 0.7458333333333333 0.600462962962963 0.1 0.12685185185185185
6 0.853125 0.625 0.053125 0.09259259259259259
7 0.5588541666666667 0.5893518518518519 0.015625 0.08796296296296297
7 0.5424479166666667 0.5879629629629629 0.019270833333333334 0.09074074074074075
7 0.5200520833333333 0.5875 0.019270833333333334 0.08981481481481482
7 0.9825520833333333 0.7101851851851851 0.0328125 0.26851851851851855