7 0.16588541666666667 0.5291666666666667 0.030729166666666665 0.125
6 0.24088541666666666 0.5532407407407407 0.04739583333333333 0.08796296296296297
6 0.2559895833333333 0.5481481481481482 0.034895833333333334 0.05925925925925926
4 0.35625 0.5375 0.04479166666666667 0.049074074074074076
8 0.24192708333333332 0.5819444444444445 0.030729166666666665 0.09537037037037037
8 0.23697916666666666 0.5912037037037037 0.030208333333333334 0.1175925925925926
8 0.20703125 0.6449074074074074 0.06302083333333333 0.20462962962962963
6 0.20260416666666667 0.5717592592592593 0.01875 0.028703703703703703
6 0.21380208333333334 0.7166666666666667 0.034895833333333334 0.12407407407407407
8 0.3802083333333333 0.5328703703703703 0.019791666666666666 0.04537037037037037
3 0.4713541666666667 0.5009259259259259 0.0375 0.044444444444444446
8 0.49322916666666666 0.4828703703703704 0.010416666666666666 0.05277777777777778
8 0.48125 0.49907407407407406 0.0125 0.020370370370370372
8 0.49765625 0.4842592592592593 0.013020833333333334 0.05555555555555555
3 0.525 0.5064814814814815 0.04895833333333333 0.07777777777777778
14 0.5583333333333333 0.5111111111111111 0.013541666666666667 0.014814814814814815
14 0.55234375 0.5162037037037037 0.013020833333333334 0.012037037037037037
14 0.5653645833333333 0.5162037037037037 0.0109375 0.013888888888888888
3 0.6072916666666667 0.5037037037037037 0.06770833333333333 0.07592592592592592
6 0.6421875 0.5513888888888889 0.0125 0.03796296296296296
8 0.6401041666666667 0.5388888888888889 0.015625 0.04814814814814815
6 0.6598958333333333 0.5578703703703703 0.019791666666666666 0.04722222222222222
8 0.6598958333333333 0.5402777777777777 0.017708333333333333 0.06018518518518518
3 0.7598958333333333 0.5203703703703704 0.171875 0.17777777777777778
1 0.8635416666666667 0.5564814814814815 0.0625 0.07592592592592592
7 0.7190104166666667 0.5222222222222223 0.016145833333333335 0.037037037037037035
6 0.9619791666666667 0.5935185185185186 0.03854166666666667 0.053703703703703705
6 0.9747395833333333 0.6037037037037037 0.022395833333333334 0.053703703703703705
6 0.9888020833333333 0.6069444444444444 0.021354166666666667 0.06388888888888888
4 0.5401041666666667 0.5388888888888889 0.029166666666666667 0.040740740740740744
14 0.5026041666666666 0.525 0.028125 0.040740740740740744
4 0.51640625 0.5768518518518518 0.0265625 0.10740740740740741
4 0.5520833333333334 0.5402777777777777 0.03125 0.05092592592592592
4 0.5744791666666667 0.5476851851851852 0.04791666666666667 0.058333333333333334
4 0.6127604166666667 0.5893518518518519 0.07760416666666667 0.12685185185185185
6 0.5372395833333333 0.6083333333333333 0.03177083333333333 0.1
6 0.5640625 0.6324074074074074 0.04583333333333333 0.14814814814814814
8 0.5375 0.575462962962963 0.03125 0.11388888888888889
8 0.5666666666666667 0.5925925925925926 0.04375 0.1537037037037037
4 0.7463541666666667 0.6685185185185185 0.25104166666666666 0.2722222222222222
1 0.41458333333333336 0.5277777777777778 0.019791666666666666 0.04259259259259259
6 0.39869791666666665 0.5319444444444444 0.009895833333333333 0.025
8 0.39869791666666665 0.5259259259259259 0.011979166666666667 0.03888888888888889
4 0.4627604166666667 0.6078703703703704 0.1078125 0.2101851851851852
4 0.3421875 0.7231481481481481 0.2708333333333333 0.37037037037037035
0 0.5528645833333333 0.31666666666666665 0.0036458333333333334 0.005555555555555556
0 0.5625 0.32407407407407407 0.003125 0.005555555555555556
0 0.5502604166666667 0.32916666666666666 0.0026041666666666665 0.004629629629629629
0 0.54609375 0.33055555555555555 0.0036458333333333334 0.005555555555555556
0 0.5359375 0.3509259259259259 0.003125 0.005555555555555556
0 0.5359375 0.3537037037037037 0.003125 0.003703703703703704
0 0.5333333333333333 0.36574074074074076 0.0020833333333333333 0.003703703703703704
0 0.5325520833333334 0.36898148148148147 0.0026041666666666665 0.004629629629629629
0 0.5309895833333333 0.3800925925925926 0.0026041666666666665 0.002777777777777778
0 0.53046875 0.38101851851851853 0.0026041666666666665 0.002777777777777778
0 0.5283854166666667 0.3902777777777778 0.0036458333333333334 0.004629629629629629
0 0.5265625 0.3962962962962963 0.003125 0.005555555555555556
0 0.5234375 0.4027777777777778 0.003125 0.003703703703703704
0 0.5221354166666666 0.4046296296296296 0.0026041666666666665 0.003703703703703704
0 0.5197916666666667 0.325 0.0020833333333333333 0.005555555555555556