7 0.5192708333333333 0.5148148148148148 0.004166666666666667 0.014814814814814815
4 0.5049479166666667 0.5189814814814815 0.0140625 0.021296296296296296
7 0.51640625 0.5138888888888888 0.0036458333333333334 0.012962962962962963
7 0.5125 0.5138888888888888 0.004166666666666667 0.009259259259259259
8 0.5106770833333333 0.524074074074074 0.0067708333333333336 0.014814814814814815
8 0.515625 0.5259259259259259 0.00625 0.012962962962962963
7 0.52421875 0.5236111111111111 0.0109375 0.021296296296296296
13 0.5395833333333333 0.5324074074074074 0.016666666666666666 0.05740740740740741
7 0.5515625 0.5574074074074075 0.016666666666666666 0.05
7 0.5651041666666666 0.5787037037037037 0.019791666666666666 0.1
7 0.5765625 0.5763888888888888 0.010416666666666666 0.0787037037037037
7 0.5833333333333334 0.5768518518518518 0.011458333333333333 0.07222222222222222
7 0.6666666666666666 0.5189814814814815 0.013541666666666667 0.04351851851851852
7 0.6763020833333333 0.5152777777777777 0.013020833333333334 0.03796296296296296
7 0.6893229166666667 0.5143518518518518 0.0171875 0.04351851851851852
7 0.7596354166666667 0.5305555555555556 0.0140625 0.07037037037037037
7 0.7739583333333333 0.5430555555555555 0.027083333333333334 0.08055555555555556
1 0.6932291666666667 0.5782407407407407 0.0625 0.09166666666666666
7 0.8611979166666667 0.5416666666666666 0.009895833333333333 0.03518518518518519
7 0.8692708333333333 0.5337962962962963 0.009375 0.030555555555555555
6 0.79765625 0.5875 0.0578125 0.049074074074074076
6 0.7901041666666667 0.5902777777777778 0.041666666666666664 0.05462962962962963
6 0.8028645833333333 0.6537037037037037 0.033854166666666664 0.14074074074074075
6 0.8302083333333333 0.6074074074074074 0.03229166666666667 0.07222222222222222
6 0.8552083333333333 0.5800925925925926 0.023958333333333335 0.05092592592592592
6 0.85078125 0.6148148148148148 0.050520833333333334 0.08888888888888889
13 0.6161458333333333 0.5615740740740741 0.075 0.12129629629629629
8 0.6447916666666667 0.600925925925926 0.0375 0.1
7 0.775 0.7101851851851851 0.071875 0.32222222222222224
7 0.72578125 0.7152777777777778 0.07135416666666666 0.35462962962962963
7 0.6739583333333333 0.7273148148148149 0.058333333333333334 0.3472222222222222
6 0.5552083333333333 0.6726851851851852 0.042708333333333334 0.11944444444444445
8 0.55546875 0.6037037037037037 0.044270833333333336 0.09814814814814815
6 0.5934895833333333 0.8041666666666667 0.10260416666666666 0.2712962962962963
8 0.57109375 0.7291666666666666 0.07135416666666666 0.3638888888888889
8 0.6033854166666667 0.7027777777777777 0.0921875 0.31666666666666665
7 0.49114583333333334 0.5180555555555556 0.005208333333333333 0.013888888888888888
7 0.4940104166666667 0.524537037037037 0.0078125 0.013888888888888888
1 0.50078125 0.600462962962963 0.06927083333333334 0.14537037037037037
14 0.4674479166666667 0.5106481481481482 0.030729166666666665 0.06574074074074074
7 0.45625 0.6037037037037037 0.017708333333333333 0.05185185185185185
6 0.5171875 0.7412037037037037 0.06354166666666666 0.18981481481481483
8 0.5138020833333333 0.6787037037037037 0.0703125 0.2611111111111111
7 0.46145833333333336 0.6736111111111112 0.026041666666666668 0.08055555555555556
7 0.3697916666666667 0.5546296296296296 0.007291666666666667 0.025925925925925925
7 0.37161458333333336 0.5597222222222222 0.015104166666666667 0.04351851851851852
7 0.36875 0.6231481481481481 0.014583333333333334 0.0962962962962963
7 0.37786458333333334 0.6194444444444445 0.019270833333333334 0.11296296296296296
8 0.41302083333333334 0.6754629629629629 0.071875 0.1398148148148148
6 0.41692708333333334 0.7125 0.0671875 0.06388888888888888
7 0.35703125 0.6189814814814815 0.027604166666666666 0.10277777777777777
7 0.3541666666666667 0.6976851851851852 0.04583333333333333 0.2490740740740741
7 0.32083333333333336 0.6958333333333333 0.035416666666666666 0.2898148148148148
7 0.27317708333333335 0.5962962962962963 0.034895833333333334 0.10925925925925926
6 0.19322916666666667 0.7023148148148148 0.09166666666666666 0.16203703703703703
14 0.24661458333333333 0.5879629629629629 0.0296875 0.15
7 0.08671875 0.5185185185185185 0.0234375 0.06666666666666667
7 0.06588541666666667 0.49074074074074076 0.013020833333333334 0.027777777777777776
14 0.1734375 0.6310185185185185 0.12395833333333334 0.24537037037037038
7 0.19869791666666667 0.7583333333333333 0.043229166666666666 0.21481481481481482
7 0.25 0.7518518518518519 0.036458333333333336 0.30925925925925923
7 0.29244791666666664 0.774537037037037 0.0609375 0.4324074074074074
7 0.4161458333333333 0.7092592592592593 0.17916666666666667 0.575925925925926
7 0.009895833333333333 0.5986111111111111 0.019791666666666666 0.23796296296296296
7 0.9736979166666667 0.7453703703703703 0.050520833333333334 0.5055555555555555
7 0.9138020833333333 0.6625 0.09635416666666667 0.3731481481481482
7 0.9067708333333333 0.7921296296296296 0.14895833333333333 0.41388888888888886
7 0.16614583333333333 0.75 0.051041666666666666 0.27037037037037037
6 0.8440104166666667 0.5412037037037037 0.015104166666666667 0.028703703703703703