7 0.12265625 0.6032407407407407 0.016145833333333335 0.08611111111111111
6 0.3190104166666667 0.6064814814814815 0.04010416666666667 0.1
8 0.32057291666666665 0.5833333333333334 0.0296875 0.1
4 0.38229166666666664 0.5537037037037037 0.03854166666666667 0.05185185185185185
10 0.3958333333333333 0.5032407407407408 0.009375 0.01574074074074074
6 0.41796875 0.5657407407407408 0.018229166666666668 0.04814814814814815
8 0.41770833333333335 0.5523148148148148 0.014583333333333334 0.04722222222222222
6 0.43776041666666665 0.5564814814814815 0.011979166666666667 0.03333333333333333
8 0.43723958333333335 0.5449074074074074 0.011979166666666667 0.03796296296296296
6 0.44947916666666665 0.55 0.009375 0.024074074074074074
8 0.44947916666666665 0.5402777777777777 0.010416666666666666 0.03425925925925926
8 0.4518229166666667 0.5388888888888889 0.0067708333333333336 0.027777777777777776
6 0.4625 0.5578703703703703 0.011458333333333333 0.030555555555555555
8 0.4627604166666667 0.5467592592592593 0.011979166666666667 0.03981481481481482
6 0.47213541666666664 0.5481481481481482 0.0109375 0.027777777777777776
8 0.471875 0.5398148148148149 0.010416666666666666 0.03333333333333333
7 0.46119791666666665 0.5194444444444445 0.0046875 0.016666666666666666
7 0.46953125 0.5180555555555556 0.0046875 0.019444444444444445
6 0.49375 0.5236111111111111 0.004166666666666667 0.008333333333333333
8 0.49375 0.5189814814814815 0.004166666666666667 0.012037037037037037
4 0.5111979166666667 0.5231481481481481 0.0078125 0.011111111111111112
4 0.5020833333333333 0.5254629629629629 0.014583333333333334 0.019444444444444445
4 0.5046875 0.5444444444444444 0.026041666666666668 0.037037037037037035
6 0.5494791666666666 0.5282407407407408 0.005208333333333333 0.013888888888888888
8 0.54921875 0.5222222222222223 0.0046875 0.014814814814814815
6 0.55859375 0.5287037037037037 0.0046875 0.012962962962962963
8 0.5588541666666667 0.524074074074074 0.005208333333333333 0.016666666666666666
1 0.5708333333333333 0.5273148148148148 0.011458333333333333 0.025
6 0.61328125 0.549074074074074 0.0078125 0.022222222222222223
8 0.61328125 0.5402777777777777 0.008854166666666666 0.030555555555555555
6 0.62109375 0.5611111111111111 0.009895833333333333 0.027777777777777776
8 0.6213541666666667 0.5504629629629629 0.011458333333333333 0.03796296296296296
6 0.8088541666666667 0.6240740740740741 0.035416666666666666 0.08333333333333333
8 0.7989583333333333 0.5944444444444444 0.016666666666666666 0.0962962962962963
8 0.81015625 0.600462962962963 0.027604166666666666 0.09537037037037037
14 0.6809895833333334 0.5550925925925926 0.030729166666666665 0.04351851851851852