8 0.50390625 0.5537037037037037 0.005729166666666666 0.012962962962962963
8 0.50625 0.5550925925925926 0.009375 0.01574074074074074
14 0.5096354166666667 0.5550925925925926 0.013020833333333334 0.01574074074074074
7 0.5174479166666667 0.5537037037037037 0.008854166666666666 0.014814814814814815
7 0.521875 0.5537037037037037 0.009375 0.016666666666666666
7 0.525 0.5513888888888889 0.010416666666666666 0.019444444444444445
7 0.540625 0.5476851851851852 0.00625 0.006481481481481481
7 0.5627604166666667 0.5453703703703704 0.0046875 0.005555555555555556
7 0.57578125 0.5425925925925926 0.008854166666666666 0.018518518518518517
7 0.5848958333333333 0.5481481481481482 0.00625 0.018518518518518517
1 0.6104166666666667 0.5532407407407407 0.05 0.09166666666666666
7 0.6552083333333333 0.5731481481481482 0.010416666666666666 0.04259259259259259
6 0.6575520833333334 0.5981481481481481 0.034895833333333334 0.09444444444444444
7 0.6440104166666667 0.5768518518518518 0.0265625 0.11666666666666667
2 0.6841145833333333 0.6365740740740741 0.044270833333333336 0.04537037037037037
7 0.7421875 0.6356481481481482 0.03125 0.15092592592592594
7 0.7309895833333333 0.5291666666666667 0.0390625 0.07314814814814814
8 0.8817708333333333 0.5925925925925926 0.05416666666666667 0.15
6 0.8984375 0.7101851851851851 0.059375 0.18518518518518517
7 0.9252604166666667 0.6777777777777778 0.0671875 0.3648148148148148
7 0.9520833333333333 0.7175925925925926 0.09479166666666666 0.4703703703703704
6 0.8403645833333333 0.8597222222222223 0.3151041666666667 0.27685185185185185
8 0.81484375 0.7717592592592593 0.19322916666666667 0.4546296296296296
4 0.5661458333333333 0.6046296296296296 0.07916666666666666 0.11481481481481481
8 0.5919270833333333 0.6513888888888889 0.0515625 0.22685185185185186
8 0.6013020833333333 0.6421296296296296 0.04114583333333333 0.18981481481481483
8 0.61171875 0.6416666666666667 0.05677083333333333 0.2
8 0.5901041666666667 0.6300925925925925 0.029166666666666667 0.1287037037037037
6 0.60859375 0.6865740740740741 0.07135416666666666 0.1824074074074074
7 0.4942708333333333 0.5550925925925926 0.007291666666666667 0.012037037037037037
7 0.4859375 0.5532407407407407 0.010416666666666666 0.019444444444444445
7 0.4705729166666667 0.5541666666666667 0.0109375 0.030555555555555555
8 0.4744791666666667 0.5601851851851852 0.015625 0.02962962962962963
8 0.48359375 0.5537037037037037 0.015104166666666667 0.024074074074074074
7 0.45234375 0.5518518518518518 0.0078125 0.022222222222222223
7 0.4588541666666667 0.5680555555555555 0.014583333333333334 0.0712962962962963
7 0.44114583333333335 0.5638888888888889 0.007291666666666667 0.027777777777777776
7 0.4588541666666667 0.5861111111111111 0.013541666666666667 0.07777777777777778
7 0.4466145833333333 0.587037037037037 0.0140625 0.07592592592592592
7 0.43671875 0.5625 0.005729166666666666 0.021296296296296296
7 0.434375 0.5662037037037037 0.010416666666666666 0.028703703703703703
6 0.4041666666666667 0.5916666666666667 0.019791666666666666 0.05
7 0.4083333333333333 0.5898148148148148 0.011458333333333333 0.053703703703703705
7 0.42578125 0.6435185185185185 0.0421875 0.2111111111111111
4 0.5044270833333333 0.6458333333333334 0.10677083333333333 0.175
6 0.38567708333333334 0.6175925925925926 0.033854166666666664 0.06851851851851852
7 0.38385416666666666 0.6680555555555555 0.028125 0.1398148148148148
7 0.34140625 0.5694444444444444 0.027604166666666666 0.07962962962962963
7 0.32526041666666666 0.5712962962962963 0.033854166666666664 0.06851851851851852
7 0.28958333333333336 0.6856481481481481 0.022916666666666665 0.14722222222222223
7 0.2625 0.600462962962963 0.034375 0.14907407407407408
7 0.3651041666666667 0.6472222222222223 0.03229166666666667 0.19444444444444445
7 0.3182291666666667 0.674537037037037 0.0375 0.25092592592592594
7 0.34270833333333334 0.6833333333333333 0.046875 0.2574074074074074
7 0.28046875 0.6606481481481481 0.04635416666666667 0.2675925925925926
7 0.23072916666666668 0.6157407407407407 0.025 0.1574074074074074
7 0.21432291666666667 0.6180555555555556 0.027604166666666666 0.18055555555555555
4 0.11510416666666666 0.6240740740740741 0.14166666666666666 0.20555555555555555
6 0.14401041666666667 0.7101851851851851 0.15052083333333333 0.1962962962962963
7 0.04505208333333333 0.6643518518518519 0.0671875 0.28055555555555556
6 0.053125 0.8356481481481481 0.065625 0.2212962962962963
7 0.04192708333333333 0.7976851851851852 0.08385416666666666 0.3972222222222222