13 0.35494791666666664 0.5203703703703704 0.024479166666666666 0.025925925925925925
6 0.40208333333333335 0.5300925925925926 0.005208333333333333 0.010185185185185186
6 0.4075520833333333 0.5305555555555556 0.005729166666666666 0.009259259259259259
8 0.4044270833333333 0.5277777777777778 0.0036458333333333334 0.012962962962962963
6 0.4171875 0.5291666666666667 0.008333333333333333 0.010185185185185186
8 0.41640625 0.5259259259259259 0.0036458333333333334 0.007407407407407408
4 0.44921875 0.5199074074074074 0.009895833333333333 0.012037037037037037
6 0.42604166666666665 0.5328703703703703 0.005208333333333333 0.010185185185185186
8 0.42604166666666665 0.5273148148148148 0.004166666666666667 0.012037037037037037
6 0.46041666666666664 0.5291666666666667 0.004166666666666667 0.010185185185185186
8 0.46067708333333335 0.5254629629629629 0.0036458333333333334 0.012037037037037037
4 0.4864583333333333 0.538425925925926 0.013541666666666667 0.028703703703703703
13 0.5216145833333333 0.5333333333333333 0.0203125 0.037037037037037035
3 0.5505208333333333 0.512962962962963 0.027083333333333334 0.016666666666666666
4 0.5 0.5449074074074074 0.026041666666666668 0.03796296296296296
4 0.565625 0.5555555555555556 0.05416666666666667 0.07777777777777778
6 0.6028645833333334 0.6393518518518518 0.05364583333333333 0.14722222222222223
8 0.5989583333333334 0.6037037037037037 0.042708333333333334 0.14814814814814814
7 0.41796875 0.5287037037037037 0.0036458333333333334 0.011111111111111112
10 0.37005208333333334 0.4726851851851852 0.049479166666666664 0.06388888888888888
10 0.61953125 0.48564814814814816 0.011979166666666667 0.028703703703703703
10 0.653125 0.4759259259259259 0.013541666666666667 0.02962962962962963
10 0.7072916666666667 0.4587962962962963 0.01875 0.03796296296296296