13 0.5653645833333333 0.362962962962963 0.049479166666666664 0.05740740740740741
4 0.6361979166666667 0.45925925925925926 0.05364583333333333 0.14814814814814814
4 0.6671875 0.42592592592592593 0.05 0.06666666666666667
4 0.5671875 0.5402777777777777 0.196875 0.3194444444444444
1 0.515625 0.3912037037037037 0.011458333333333333 0.01574074074074074
4 0.5080729166666667 0.4078703703703704 0.0171875 0.03981481481481482
13 0.48125 0.3763888888888889 0.03229166666666667 0.03796296296296296
4 0.48385416666666664 0.4162037037037037 0.04479166666666667 0.06018518518518518
4 0.46458333333333335 0.4393518518518518 0.03854166666666667 0.07685185185185185
10 0.4830729166666667 0.4444444444444444 0.005729166666666666 0.012962962962962963
13 0.39453125 0.42777777777777776 0.12552083333333333 0.26296296296296295
4 0.31666666666666665 0.48842592592592593 0.05 0.11388888888888889
1 0.2950520833333333 0.4685185185185185 0.050520833333333334 0.10555555555555556
1 0.22265625 0.5439814814814815 0.14427083333333332 0.25462962962962965
6 0.12890625 0.5481481481481482 0.024479166666666666 0.11296296296296296
1 0.061197916666666664 0.5143518518518518 0.12239583333333333 0.14351851851851852
6 0.08020833333333334 0.6268518518518519 0.09895833333333333 0.1925925925925926
8 0.07604166666666666 0.5569444444444445 0.08020833333333334 0.20462962962962963
6 0.6755208333333333 0.5194444444444445 0.0625 0.1648148148148148
8 0.6765625 0.41944444444444445 0.035416666666666666 0.07407407407407407
8 0.6765625 0.48564814814814816 0.04791666666666667 0.1824074074074074
6 0.709375 0.4527777777777778 0.015625 0.05
8 0.7114583333333333 0.41759259259259257 0.019791666666666666 0.05740740740740741
7 0.7671875 0.40555555555555556 0.011458333333333333 0.06296296296296296
7 0.7619791666666667 0.4166666666666667 0.015625 0.05555555555555555
7 0.7544270833333333 0.4050925925925926 0.008854166666666666 0.04722222222222222
8 0.73671875 0.42916666666666664 0.044270833333333336 0.08796296296296297
6 0.7286458333333333 0.5643518518518519 0.06145833333333333 0.20462962962962963
8 0.7221354166666667 0.5300925925925926 0.0640625 0.2675925925925926
9 0.7705729166666667 0.2449074074074074 0.015104166666666667 0.06018518518518518
9 0.7729166666666667 0.30324074074074076 0.013541666666666667 0.025
10 0.4161458333333333 0.5083333333333333 0.014583333333333334 0.020370370370370372
4 0.058854166666666666 0.8481481481481481 0.11666666666666667 0.17407407407407408
3 0.9049479166666666 0.2814814814814815 0.1859375 0.4148148148148148
9 0.2559895833333333 0.3388888888888889 0.011979166666666667 0.03888888888888889
4 0.85859375 0.6898148148148148 0.2796875 0.6111111111111112
8 0.53359375 0.3888888888888889 0.0067708333333333336 0.012962962962962963
14 0.50390625 0.3787037037037037 0.0140625 0.020370370370370372
13 0.5942708333333333 0.37407407407407406 0.015625 0.04259259259259259