1 0.04973958333333333 0.6805555555555556 0.09947916666666666 0.32037037037037036
8 0.10651041666666666 0.6680555555555555 0.0328125 0.175
8 0.10546875 0.687962962962963 0.049479166666666664 0.23148148148148148
7 0.3307291666666667 0.5944444444444444 0.010416666666666666 0.05
7 0.3411458333333333 0.5824074074074074 0.00625 0.03518518518518519
7 0.35078125 0.587037037037037 0.005729166666666666 0.03333333333333333
7 0.33828125 0.5902777777777778 0.005729166666666666 0.028703703703703703
7 0.35520833333333335 0.5861111111111111 0.007291666666666667 0.03518518518518519
7 0.3614583333333333 0.5847222222222223 0.00625 0.026851851851851852
7 0.36432291666666666 0.5773148148148148 0.0046875 0.017592592592592594
7 0.3377604166666667 0.5768518518518518 0.0036458333333333334 0.016666666666666666
7 0.31640625 0.5861111111111111 0.0046875 0.011111111111111112
6 0.3223958333333333 0.5925925925925926 0.009375 0.009259259259259259
8 0.32083333333333336 0.5837962962962963 0.004166666666666667 0.019444444444444445
8 0.3263020833333333 0.5833333333333334 0.005729166666666666 0.024074074074074074
4 0.4627604166666667 0.6027777777777777 0.1921875 0.14444444444444443
6 0.6049479166666667 0.5912037037037037 0.034895833333333334 0.05462962962962963
6 0.6403645833333333 0.5902777777777778 0.043229166666666666 0.05277777777777778
7 0.684375 0.5532407407407407 0.009375 0.030555555555555555
6 0.6890625 0.5861111111111111 0.030208333333333334 0.053703703703703705
7 0.6942708333333333 0.5504629629629629 0.010416666666666666 0.023148148148148147
7 0.7677083333333333 0.5425925925925926 0.013541666666666667 0.025925925925925925
6 0.7572916666666667 0.587037037037037 0.053125 0.08518518518518518
8 0.75859375 0.5680555555555555 0.025520833333333333 0.0824074074074074
8 0.7395833333333334 0.5694444444444444 0.027083333333333334 0.08333333333333333
7 0.8317708333333333 0.5462962962962963 0.015625 0.06666666666666667
7 0.8140625 0.5421296296296296 0.011458333333333333 0.04722222222222222
7 0.8872395833333333 0.5430555555555555 0.011979166666666667 0.075
7 0.9192708333333334 0.5351851851851852 0.008333333333333333 0.04814814814814815
6 0.9130208333333333 0.5546296296296296 0.0375 0.06111111111111111
6 0.9533854166666667 0.549537037037037 0.009895833333333333 0.025
7 0.9638020833333333 0.5416666666666666 0.0109375 0.06481481481481481
10 0.7979166666666667 0.4736111111111111 0.020833333333333332 0.03981481481481482
7 0.61171875 0.5069444444444444 0.008854166666666666 0.05092592592592592
6 0.9752604166666666 0.5421296296296296 0.0109375 0.03611111111111111