4 0.5072916666666667 0.5097222222222222 0.007291666666666667 0.012037037037037037
1 0.515625 0.5125 0.003125 0.008333333333333333
6 0.5184895833333333 0.5166666666666667 0.0046875 0.009259259259259259
8 0.5192708333333333 0.5120370370370371 0.005208333333333333 0.009259259259259259
6 0.5666666666666667 0.5504629629629629 0.010416666666666666 0.026851851851851852
8 0.5661458333333333 0.5398148148148149 0.013541666666666667 0.03333333333333333
6 0.8239583333333333 0.6972222222222222 0.07708333333333334 0.17962962962962964
14 0.4075520833333333 0.6324074074074074 0.2046875 0.30185185185185187
8 0.4471354166666667 0.5032407407407408 0.030729166666666665 0.05462962962962963
8 0.41302083333333334 0.5185185185185185 0.03958333333333333 0.08333333333333333
8 0.8221354166666667 0.6324074074074074 0.0515625 0.18518518518518517