3 0.5677083333333334 0.49074074074074076 0.035416666666666666 0.04259259259259259
4 0.5981770833333333 0.549074074074074 0.049479166666666664 0.10555555555555556
1 0.71328125 0.5666666666666667 0.1046875 0.2222222222222222
10 0.6721354166666667 0.6601851851851852 0.015104166666666667 0.025925925925925925
2 0.9286458333333333 0.6458333333333334 0.09583333333333334 0.11574074074074074
10 0.82890625 0.7939814814814815 0.025520833333333333 0.04722222222222222
7 0.2794270833333333 0.5884259259259259 0.0265625 0.14166666666666666
1 0.3893229166666667 0.5226851851851851 0.013020833333333334 0.01574074074074074
1 0.33619791666666665 0.6347222222222222 0.11510416666666666 0.24351851851851852
7 0.09453125 0.5828703703703704 0.022395833333333334 0.07685185185185185
4 0.18541666666666667 0.6125 0.146875 0.20833333333333334
1 0.48411458333333335 0.662962962962963 0.19635416666666666 0.4203703703703704
6 0.3296875 0.7824074074074074 0.10208333333333333 0.2611111111111111
8 0.3338541666666667 0.6958333333333333 0.08958333333333333 0.3435185185185185
6 0.18854166666666666 0.8074074074074075 0.12083333333333333 0.2796296296296296
8 0.19375 0.7023148148148148 0.09583333333333334 0.31574074074074077
6 0.5799479166666667 0.8564814814814815 0.1359375 0.2814814814814815
8 0.5598958333333334 0.7564814814814815 0.08645833333333333 0.48518518518518516
8 0.6083333333333333 0.7421296296296296 0.14270833333333333 0.4675925925925926
10 0.309375 0.4824074074074074 0.016666666666666666 0.05555555555555555