7 0.0515625 0.3680555555555556 0.004166666666666667 0.012037037037037037
7 0.05 0.38564814814814813 0.005208333333333333 0.025
1 0.021354166666666667 0.3976851851851852 0.042708333333333334 0.05462962962962963
6 0.01640625 0.4027777777777778 0.0067708333333333336 0.011111111111111112
8 0.00703125 0.38796296296296295 0.0140625 0.022222222222222223
7 0.10963541666666667 0.38981481481481484 0.011979166666666667 0.03148148148148148
1 0.16223958333333333 0.4199074074074074 0.0921875 0.075
4 0.08463541666666667 0.48055555555555557 0.12552083333333333 0.1648148148148148
4 0.030989583333333334 0.4837962962962963 0.06197916666666667 0.1787037037037037
1 0.38723958333333336 0.5074074074074074 0.15260416666666668 0.1962962962962963
14 0.603125 0.4824074074074074 0.09583333333333334 0.18888888888888888
4 0.31796875 0.6361111111111111 0.4901041666666667 0.39444444444444443
6 0.7848958333333333 0.6884259259259259 0.196875 0.21388888888888888
8 0.7752604166666667 0.611574074074074 0.0609375 0.25092592592592594
8 0.97734375 0.6175925925925926 0.043229166666666666 0.12962962962962962
6 0.9533854166666667 0.7722222222222223 0.0859375 0.18518518518518517
8 0.9921875 0.6370370370370371 0.014583333333333334 0.14629629629629629
8 0.9619791666666667 0.6787037037037037 0.075 0.3333333333333333