4 0.07890625 0.65 0.1578125 0.21481481481481482
10 0.22890625 0.47453703703703703 0.027604166666666666 0.049074074074074076
6 0.2625 0.6393518518518518 0.05625 0.13796296296296295
8 0.26640625 0.6074074074074074 0.043229166666666666 0.1388888888888889
6 0.40234375 0.5731481481481482 0.0234375 0.05925925925925926
8 0.40234375 0.5569444444444445 0.018229166666666668 0.06018518518518518
6 0.43072916666666666 0.5546296296296296 0.014583333333333334 0.04259259259259259
8 0.43072916666666666 0.5444444444444444 0.013541666666666667 0.044444444444444446
6 0.44817708333333334 0.5472222222222223 0.011979166666666667 0.027777777777777776
8 0.446875 0.5370370370370371 0.0125 0.037037037037037035
6 0.4669270833333333 0.5486111111111112 0.009895833333333333 0.030555555555555555
8 0.46770833333333334 0.537962962962963 0.011458333333333333 0.037037037037037035
7 0.4596354166666667 0.524537037037037 0.0046875 0.023148148148148147
7 0.4666666666666667 0.5171296296296296 0.00625 0.010185185185185186
8 0.47161458333333334 0.5305555555555556 0.0067708333333333336 0.02962962962962963
4 0.5171875 0.5231481481481481 0.011458333333333333 0.016666666666666666
4 0.5122395833333333 0.5319444444444444 0.021354166666666667 0.032407407407407406
4 0.5575520833333333 0.5310185185185186 0.0067708333333333336 0.017592592592592594
6 0.6153645833333333 0.5416666666666666 0.0046875 0.014814814814814815
8 0.615625 0.5351851851851852 0.005208333333333333 0.018518518518518517
6 0.6221354166666667 0.5509259259259259 0.013020833333333334 0.03518518518518519
8 0.6216145833333333 0.5407407407407407 0.0109375 0.03888888888888889
6 0.640625 0.5527777777777778 0.009375 0.03333333333333333
8 0.6401041666666667 0.5407407407407407 0.009375 0.03888888888888889
1 0.6513020833333333 0.5435185185185185 0.0234375 0.04814814814814815
14 0.9255208333333333 0.5800925925925926 0.10208333333333333 0.1175925925925926
7 0.90390625 0.5888888888888889 0.016145833333333335 0.08333333333333333