3 0.0453125 0.26666666666666666 0.090625 0.22407407407407406
7 0.09479166666666666 0.37037037037037035 0.011458333333333333 0.014814814814814815
7 0.15859375 0.3814814814814815 0.018229166666666668 0.02962962962962963
7 0.25 0.387037037037037 0.017708333333333333 0.037037037037037035
7 0.26901041666666664 0.3990740740740741 0.016145833333333335 0.025925925925925925
7 0.28619791666666666 0.39814814814814814 0.0171875 0.044444444444444446
7 0.30494791666666665 0.39675925925925926 0.024479166666666666 0.04537037037037037
7 0.31666666666666665 0.399537037037037 0.011458333333333333 0.030555555555555555
7 0.2375 0.3939814814814815 0.017708333333333333 0.030555555555555555
1 0.06302083333333333 0.5092592592592593 0.12604166666666666 0.2851851851851852
7 0.625 0.5175925925925926 0.0375 0.22037037037037038
7 0.8747395833333333 0.5907407407407408 0.06614583333333333 0.2462962962962963
4 0.34322916666666664 0.6851851851851852 0.4635416666666667 0.512962962962963
7 0.13645833333333332 0.3819444444444444 0.008333333333333333 0.021296296296296296
7 0.1265625 0.37916666666666665 0.007291666666666667 0.019444444444444445
8 0.09973958333333334 0.23333333333333334 0.0078125 0.014814814814814815
14 0.984375 0.32083333333333336 0.028125 0.04722222222222222