6 0.48984375 0.449537037037037 0.0265625 0.03981481481481482
8 0.48880208333333336 0.4375 0.011979166666666667 0.032407407407407406
8 0.49895833333333334 0.43796296296296294 0.009375 0.040740740740740744
4 0.715625 0.45046296296296295 0.014583333333333334 0.028703703703703703
4 0.7255208333333333 0.45 0.017708333333333333 0.02962962962962963
4 0.7364583333333333 0.45092592592592595 0.008333333333333333 0.03518518518518519
4 0.69921875 0.4537037037037037 0.019270833333333334 0.04259259259259259
6 0.7299479166666667 0.46574074074074073 0.015104166666666667 0.04259259259259259
8 0.7291666666666666 0.4537037037037037 0.014583333333333334 0.04259259259259259
1 0.75390625 0.46620370370370373 0.034895833333333334 0.07685185185185185
4 0.8213541666666667 0.4550925925925926 0.014583333333333334 0.03425925925925926
4 0.85078125 0.4546296296296296 0.0515625 0.05740740740740741
6 0.9486979166666667 0.5013888888888889 0.04010416666666667 0.049074074074074076
6 0.8377604166666667 0.5231481481481481 0.04739583333333333 0.09074074074074075
8 0.8424479166666666 0.4986111111111111 0.03177083333333333 0.09907407407407408
4 0.6635416666666667 0.4615740740740741 0.06979166666666667 0.0712962962962963