4 0.13151041666666666 0.6175925925925926 0.18802083333333333 0.17407407407407408
7 0.22161458333333334 0.5435185185185185 0.016145833333333335 0.07777777777777778
7 0.20520833333333333 0.5407407407407407 0.013541666666666667 0.07222222222222222
7 0.18046875 0.538425925925926 0.019270833333333334 0.06018518518518518
1 0.2981770833333333 0.5694444444444444 0.06197916666666667 0.10555555555555556
6 0.35078125 0.5578703703703703 0.022395833333333334 0.049074074074074076
8 0.34453125 0.5435185185185185 0.013020833333333334 0.044444444444444446
8 0.3546875 0.5472222222222223 0.014583333333333334 0.05555555555555555
6 0.3776041666666667 0.5634259259259259 0.013541666666666667 0.05092592592592592
8 0.37421875 0.5449074074074074 0.011979166666666667 0.041666666666666664
4 0.40078125 0.5532407407407407 0.0515625 0.07685185185185185
4 0.41380208333333335 0.5703703703703704 0.07552083333333333 0.09814814814814815
14 0.428125 0.5287037037037037 0.036458333333333336 0.02962962962962963
13 0.4830729166666667 0.5458333333333333 0.0421875 0.08611111111111111
4 0.5075520833333333 0.5527777777777778 0.0171875 0.044444444444444446
4 0.5145833333333333 0.5481481481481482 0.010416666666666666 0.025925925925925925
4 0.5559895833333334 0.5773148148148148 0.09114583333333333 0.1398148148148148
6 0.46197916666666666 0.6361111111111111 0.05 0.13518518518518519
8 0.46197916666666666 0.5935185185185186 0.04479166666666667 0.14814814814814814
4 0.6424479166666667 0.5472222222222223 0.024479166666666666 0.044444444444444446
4 0.6635416666666667 0.5518518518518518 0.01875 0.027777777777777776
13 0.7252604166666666 0.5337962962962963 0.11822916666666666 0.19537037037037036
4 0.78671875 0.5527777777777778 0.0140625 0.06666666666666667
1 0.8161458333333333 0.5569444444444445 0.06354166666666666 0.11388888888888889
6 0.8916666666666667 0.5712962962962963 0.015625 0.04814814814814815
8 0.89296875 0.5513888888888889 0.015104166666666667 0.05277777777777778
4 0.9359375 0.5583333333333333 0.08020833333333334 0.09814814814814815
4 0.9627604166666667 0.6240740740740741 0.0734375 0.19444444444444445
14 0.6559895833333333 0.5351851851851852 0.008854166666666666 0.012962962962962963