4 0.99453125 0.3541666666666667 0.0067708333333333336 0.03981481481481482
6 0.9872395833333333 0.3625 0.008854166666666666 0.01574074074074074
8 0.98828125 0.3476851851851852 0.013020833333333334 0.026851851851851852
6 0.9927083333333333 0.3736111111111111 0.010416666666666666 0.023148148148148147
8 0.99140625 0.35324074074074074 0.011979166666666667 0.025
6 0.98046875 0.3819444444444444 0.011979166666666667 0.026851851851851852
8 0.9817708333333334 0.36064814814814816 0.0125 0.04537037037037037
4 0.90703125 0.36203703703703705 0.034895833333333334 0.04259259259259259
1 0.8083333333333333 0.3768518518518518 0.040625 0.08333333333333333
1 0.9505208333333334 0.38935185185185184 0.05 0.10833333333333334
6 0.8916666666666667 0.38935185185185184 0.022916666666666665 0.06574074074074074
8 0.8841145833333334 0.38101851851851853 0.028645833333333332 0.0787037037037037
6 0.8380208333333333 0.39861111111111114 0.022916666666666665 0.058333333333333334
8 0.8356770833333333 0.3824074074074074 0.0296875 0.08703703703703704
6 0.7755208333333333 0.40185185185185185 0.021875 0.05740740740740741
13 0.58359375 0.337037037037037 0.32447916666666665 0.3537037037037037
1 0.1328125 0.6935185185185185 0.265625 0.6074074074074074
10 0.9036458333333334 0.15416666666666667 0.190625 0.05462962962962963