14 0.5270833333333333 0.5138888888888888 0.00625 0.014814814814814815
14 0.5364583333333334 0.5143518518518518 0.007291666666666667 0.010185185185185186
6 0.5291666666666667 0.5194444444444445 0.0020833333333333333 0.007407407407407408
8 0.5296875 0.5157407407407407 0.003125 0.007407407407407408
6 0.5244791666666667 0.5236111111111111 0.004166666666666667 0.008333333333333333
8 0.52421875 0.5175925925925926 0.0036458333333333334 0.009259259259259259
4 0.49973958333333335 0.5236111111111111 0.0109375 0.017592592592592594
4 0.49166666666666664 0.524074074074074 0.010416666666666666 0.018518518518518517
4 0.4817708333333333 0.5259259259259259 0.013541666666666667 0.022222222222222223
4 0.5083333333333333 0.5282407407407408 0.013541666666666667 0.023148148148148147
6 0.515625 0.538425925925926 0.011458333333333333 0.025
8 0.5166666666666667 0.5310185185185186 0.010416666666666666 0.032407407407407406
6 0.41302083333333334 0.5402777777777777 0.030208333333333334 0.030555555555555555
7 0.37135416666666665 0.5370370370370371 0.008333333333333333 0.014814814814814815
7 0.3421875 0.5314814814814814 0.016666666666666666 0.06111111111111111
7 0.33177083333333335 0.5296296296296297 0.015625 0.05740740740740741
13 0.13828125 0.47129629629629627 0.2765625 0.4703703703703704
14 0.5658854166666667 0.5180555555555556 0.005729166666666666 0.012037037037037037
14 0.58046875 0.5217592592592593 0.008854166666666666 0.010185185185185186
14 0.67578125 0.5018518518518519 0.0390625 0.10555555555555556
13 0.790625 0.5351851851851852 0.09270833333333334 0.0962962962962963
6 0.8947916666666667 0.600462962962963 0.040625 0.0787037037037037
8 0.8953125 0.5800925925925926 0.030208333333333334 0.08981481481481482