14 0.5244791666666667 0.5064814814814815 0.005208333333333333 0.012962962962962963
1 0.5356770833333333 0.5055555555555555 0.008854166666666666 0.016666666666666666
10 0.553125 0.4930555555555556 0.00625 0.010185185185185186
14 0.5604166666666667 0.5032407407407408 0.004166666666666667 0.004629629629629629
1 0.5671875 0.5064814814814815 0.010416666666666666 0.011111111111111112
14 0.571875 0.5078703703703704 0.0125 0.010185185185185186
6 0.52890625 0.512962962962963 0.0036458333333333334 0.011111111111111112
8 0.5283854166666667 0.5041666666666667 0.0046875 0.008333333333333333
8 0.5377604166666666 0.5060185185185185 0.0046875 0.006481481481481481
6 0.5369791666666667 0.5152777777777777 0.004166666666666667 0.017592592592592594
14 0.54765625 0.5060185185185185 0.0109375 0.008333333333333333
14 0.5518229166666667 0.5162037037037037 0.022395833333333334 0.025
8 0.5216145833333333 0.5037037037037037 0.0026041666666666665 0.007407407407407408
6 0.5216145833333333 0.5111111111111111 0.0026041666666666665 0.011111111111111112
7 0.5190104166666667 0.5162037037037037 0.0046875 0.025
8 0.54375 0.5185185185185185 0.005208333333333333 0.011111111111111112
8 0.5401041666666667 0.5365740740740741 0.0125 0.04722222222222222
4 0.5614583333333333 0.55 0.0375 0.08333333333333333
7 0.9869791666666666 0.5944444444444444 0.025 0.18888888888888888
6 0.9114583333333334 0.6597222222222222 0.09479166666666666 0.1361111111111111
8 0.9153645833333334 0.6407407407407407 0.044270833333333336 0.1814814814814815
6 0.6921875 0.5412037037037037 0.019791666666666666 0.028703703703703703
6 0.72109375 0.55 0.0140625 0.037037037037037035
7 0.73046875 0.537962962962963 0.0109375 0.05185185185185185
7 0.7361979166666667 0.5518518518518518 0.015104166666666667 0.05
7 0.74296875 0.5462962962962963 0.0109375 0.07777777777777778
7 0.7533854166666667 0.5462962962962963 0.011979166666666667 0.07407407407407407
7 0.7645833333333333 0.5453703703703704 0.013541666666666667 0.07407407407407407
7 0.7731770833333333 0.5560185185185185 0.009895833333333333 0.058333333333333334
13 0.6322916666666667 0.5504629629629629 0.11041666666666666 0.25462962962962965
6 0.06380208333333333 0.8810185185185185 0.12760416666666666 0.2361111111111111
8 0.05703125 0.8634259259259259 0.1140625 0.2712962962962963
13 0.23151041666666666 0.5449074074074074 0.05677083333333333 0.10092592592592593
7 0.26171875 0.5523148148148148 0.0109375 0.06388888888888888
7 0.3328125 0.5412037037037037 0.016666666666666666 0.03611111111111111
7 0.32317708333333334 0.5435185185185185 0.0109375 0.02962962962962963
7 0.30833333333333335 0.5606481481481481 0.014583333333333334 0.04351851851851852
6 0.3333333333333333 0.5884259259259259 0.05 0.09722222222222222
6 0.33177083333333335 0.6032407407407407 0.023958333333333335 0.06018518518518518
6 0.31666666666666665 0.612037037037037 0.03125 0.06481481481481481
14 0.24453125 0.6111111111111112 0.04739583333333333 0.02962962962962963
7 0.4786458333333333 0.5138888888888888 0.00625 0.011111111111111112
1 0.51171875 0.5194444444444445 0.013020833333333334 0.027777777777777776
7 0.5010416666666667 0.5152777777777777 0.004166666666666667 0.01574074074074074
7 0.5096354166666667 0.5185185185185185 0.0036458333333333334 0.02962962962962963
7 0.5111979166666667 0.5226851851851851 0.0046875 0.028703703703703703
7 0.5057291666666667 0.5236111111111111 0.008333333333333333 0.030555555555555555
7 0.46171875 0.5125 0.0036458333333333334 0.008333333333333333
7 0.46380208333333334 0.513425925925926 0.005729166666666666 0.010185185185185186
1 0.49140625 0.5259259259259259 0.018229166666666668 0.03888888888888889
7 0.42473958333333334 0.5412037037037037 0.0067708333333333336 0.023148148148148147
14 0.39947916666666666 0.5671296296296297 0.03958333333333333 0.04351851851851852
7 0.41119791666666666 0.5768518518518518 0.013020833333333334 0.05555555555555555
7 0.39739583333333334 0.5259259259259259 0.009375 0.020370370370370372
7 0.39791666666666664 0.5625 0.019791666666666666 0.0824074074074074
4 0.46119791666666665 0.5768518518518518 0.0828125 0.11666666666666667
7 0.1234375 0.6050925925925926 0.03125 0.13240740740740742
7 0.071875 0.5972222222222222 0.027083333333333334 0.17407407407407408
7 0.08333333333333333 0.5976851851851852 0.0375 0.17685185185185184
6 0.19635416666666666 0.637962962962963 0.10104166666666667 0.13703703703703704
8 0.18463541666666666 0.6166666666666667 0.033854166666666664 0.19074074074074074
7 0.378125 0.6226851851851852 0.034375 0.11574074074074074
8 0.378125 0.587037037037037 0.03333333333333333 0.12777777777777777
6 0.4640625 0.6208333333333333 0.046875 0.13425925925925927
8 0.4630208333333333 0.5861111111111111 0.042708333333333334 0.1388888888888889
6 0.29375 0.7902777777777777 0.109375 0.27870370370370373
8 0.3151041666666667 0.6680555555555555 0.058333333333333334 0.262037037037037
8 0.28828125 0.7129629629629629 0.12135416666666667 0.3537037037037037
6 0.5395833333333333 0.55 0.014583333333333334 0.044444444444444446