4 0.34401041666666665 0.5402777777777777 0.044270833333333336 0.08611111111111111
7 0.3494791666666667 0.5680555555555555 0.017708333333333333 0.11203703703703703
6 0.06197916666666667 0.5694444444444444 0.06041666666666667 0.09074074074074075
6 0.0546875 0.5740740740740741 0.058333333333333334 0.08703703703703704
6 0.0296875 0.5791666666666667 0.057291666666666664 0.0787037037037037
6 0.18463541666666666 0.5773148148148148 0.0578125 0.0824074074074074
6 0.17239583333333333 0.5819444444444445 0.051041666666666666 0.08796296296296297
6 0.15651041666666668 0.5837962962962963 0.0515625 0.09166666666666666
6 0.14296875 0.587037037037037 0.06197916666666667 0.1037037037037037
6 0.12161458333333333 0.5898148148148148 0.0890625 0.08518518518518518
6 0.2546875 0.5310185185185186 0.03125 0.049074074074074076
6 0.2630208333333333 0.6518518518518519 0.07395833333333333 0.14629629629629629
8 0.27421875 0.6138888888888889 0.03177083333333333 0.16666666666666666
8 0.24713541666666666 0.6171296296296296 0.05677083333333333 0.15648148148148147
7 0.45260416666666664 0.5361111111111111 0.007291666666666667 0.027777777777777776
4 0.43046875 0.5314814814814814 0.018229166666666668 0.02962962962962963
7 0.4440104166666667 0.5337962962962963 0.005729166666666666 0.021296296296296296
8 0.47369791666666666 0.5365740740740741 0.008854166666666666 0.023148148148148147
4 0.4908854166666667 0.5407407407407407 0.013020833333333334 0.02962962962962963
4 0.5044270833333333 0.5439814814814815 0.0234375 0.04722222222222222
4 0.515625 0.5518518518518518 0.029166666666666667 0.046296296296296294
4 0.5302083333333333 0.5356481481481481 0.00625 0.019444444444444445
3 0.5453125 0.5305555555555556 0.028125 0.046296296296296294
1 0.57890625 0.5453703703703704 0.0140625 0.02962962962962963
8 0.5674479166666667 0.5402777777777777 0.0109375 0.028703703703703703
8 0.58046875 0.5412037037037037 0.008854166666666666 0.030555555555555555
6 0.5799479166666667 0.5523148148148148 0.008854166666666666 0.025
6 0.5674479166666667 0.5509259259259259 0.008854166666666666 0.020370370370370372
7 0.6565104166666667 0.5476851851851852 0.0067708333333333336 0.028703703703703703
13 0.7609375 0.5458333333333333 0.08020833333333334 0.06018518518518518
13 0.8653645833333333 0.5407407407407407 0.0828125 0.046296296296296294
7 0.7184895833333333 0.5578703703703703 0.0109375 0.03611111111111111
6 0.7236979166666667 0.6 0.0296875 0.06481481481481481
8 0.7223958333333333 0.5800925925925926 0.020833333333333332 0.0787037037037037
6 0.7833333333333333 0.6069444444444444 0.027083333333333334 0.0787037037037037
8 0.7825520833333334 0.5930555555555556 0.022395833333333334 0.07685185185185185
1 0.8697916666666666 0.5995370370370371 0.08645833333333333 0.11574074074074074
7 0.8130208333333333 0.5995370370370371 0.016666666666666666 0.09537037037037037
7 0.81640625 0.6064814814814815 0.016145833333333335 0.09814814814814815
6 0.91796875 0.5796296296296296 0.013020833333333334 0.04259259259259259
4 0.9643229166666667 0.6074074074074074 0.0703125 0.09814814814814815
6 0.9533854166666667 0.6712962962962963 0.09010416666666667 0.1259259259259259
8 0.9380208333333333 0.6361111111111111 0.022916666666666665 0.12962962962962962
8 0.953125 0.6282407407407408 0.040625 0.1361111111111111
6 0.6192708333333333 0.6537037037037037 0.04895833333333333 0.15555555555555556
8 0.6208333333333333 0.6175925925925926 0.06041666666666667 0.1537037037037037
6 0.51484375 0.575 0.021354166666666667 0.06111111111111111
8 0.5130208333333334 0.562962962962963 0.01875 0.06481481481481481
6 0.5432291666666667 0.5939814814814814 0.027083333333333334 0.075
8 0.54296875 0.575462962962963 0.0234375 0.08611111111111111
8 0.4830729166666667 0.5791666666666667 0.027604166666666666 0.09166666666666666
6 0.48828125 0.5995370370370371 0.021354166666666667 0.06018518518518518
1 0.365625 0.5402777777777777 0.014583333333333334 0.06759259259259259
4 0.4276041666666667 0.6472222222222223 0.134375 0.2037037037037037