14 0.46067708333333335 0.5185185185185185 0.044270833333333336 0.11296296296296296
1 0.5065104166666666 0.5217592592592593 0.024479166666666666 0.019444444444444445
4 0.5247395833333334 0.5217592592592593 0.018229166666666668 0.01574074074074074
7 0.525 0.524074074074074 0.00625 0.014814814814814815
7 0.43671875 0.5083333333333333 0.005729166666666666 0.027777777777777776
7 0.4348958333333333 0.5282407407407408 0.00625 0.019444444444444445
7 0.5252604166666667 0.524537037037037 0.0046875 0.01574074074074074
7 0.52890625 0.5222222222222223 0.0046875 0.016666666666666666
7 0.53828125 0.5212962962962963 0.005729166666666666 0.020370370370370372
8 0.534375 0.5268518518518519 0.008333333333333333 0.020370370370370372
6 0.5359375 0.5513888888888889 0.015625 0.03981481481481482
13 0.5807291666666666 0.5398148148148149 0.035416666666666666 0.08333333333333333
14 0.5604166666666667 0.5175925925925926 0.011458333333333333 0.02962962962962963
6 0.5440104166666667 0.5513888888888889 0.0109375 0.028703703703703703
8 0.5416666666666666 0.525 0.00625 0.014814814814814815
7 0.5510416666666667 0.5217592592592593 0.008333333333333333 0.019444444444444445
8 0.5424479166666667 0.5314814814814814 0.008854166666666666 0.022222222222222223
7 0.55625 0.5273148148148148 0.007291666666666667 0.019444444444444445
7 0.5536458333333333 0.5800925925925926 0.025 0.10462962962962963
7 0.56328125 0.5726851851851852 0.0203125 0.11018518518518519
7 0.5692708333333333 0.5351851851851852 0.008333333333333333 0.02962962962962963
7 0.5729166666666666 0.5398148148148149 0.008333333333333333 0.022222222222222223
7 0.5802083333333333 0.5726851851851852 0.017708333333333333 0.0787037037037037
4 0.65703125 0.5907407407407408 0.0828125 0.12037037037037036
6 0.609375 0.663425925925926 0.04895833333333333 0.14166666666666666
8 0.6080729166666666 0.6162037037037037 0.049479166666666664 0.15833333333333333
7 0.7921875 0.5393518518518519 0.016666666666666666 0.04537037037037037
7 0.45625 0.5537037037037037 0.013541666666666667 0.07037037037037037
7 0.475 0.5583333333333333 0.014583333333333334 0.06481481481481481
1 0.50703125 0.5972222222222222 0.0640625 0.13333333333333333
7 0.4158854166666667 0.5375 0.009895833333333333 0.030555555555555555
7 0.40651041666666665 0.5337962962962963 0.009895833333333333 0.026851851851851852
7 0.44635416666666666 0.5907407407407408 0.021875 0.1037037037037037
7 0.42864583333333334 0.6064814814814815 0.020833333333333332 0.13148148148148148
7 0.4432291666666667 0.6097222222222223 0.026041666666666668 0.13796296296296295
7 0.4075520833333333 0.5453703703703704 0.0203125 0.03518518518518519
7 0.36796875 0.5972222222222222 0.018229166666666668 0.09444444444444444
7 0.3854166666666667 0.6032407407407407 0.026041666666666668 0.15648148148148147
7 0.41119791666666666 0.6097222222222223 0.027604166666666666 0.14351851851851852
7 0.3385416666666667 0.5708333333333333 0.015625 0.05462962962962963
8 0.31927083333333334 0.5916666666666667 0.027083333333333334 0.05740740740740741
6 0.3125 0.6287037037037037 0.019791666666666666 0.07592592592592592
7 0.29635416666666664 0.625462962962963 0.026041666666666668 0.15648148148148147
7 0.3875 0.7620370370370371 0.034375 0.18333333333333332
7 0.34817708333333336 0.6930555555555555 0.06822916666666666 0.287962962962963
7 0.2 0.5921296296296297 0.025 0.10833333333333334
7 0.2708333333333333 0.6851851851851852 0.035416666666666666 0.25555555555555554
7 0.18125 0.6023148148148149 0.025 0.1175925925925926
14 0.18880208333333334 0.6337962962962963 0.09114583333333333 0.24537037037037038
7 0.25026041666666665 0.7027777777777777 0.0734375 0.37962962962962965
6 0.04140625 0.6625 0.0828125 0.19722222222222222
7 0.16901041666666666 0.787962962962963 0.09947916666666666 0.4185185185185185
7 0.2328125 0.8865740740740741 0.09895833333333333 0.2212962962962963
13 0.90546875 0.6476851851851851 0.18385416666666668 0.5564814814814815
6 0.8174479166666667 0.8550925925925926 0.18802083333333333 0.2861111111111111
8 0.7528645833333333 0.6865740740740741 0.05572916666666667 0.23981481481481481
8 0.81484375 0.775 0.14635416666666667 0.44074074074074077
8 0.8200520833333333 0.6888888888888889 0.03697916666666667 0.07222222222222222