13 0.2796875 0.5587962962962963 0.05625 0.05092592592592592
4 0.33619791666666665 0.5652777777777778 0.0671875 0.04351851851851852
7 0.09140625 0.5796296296296296 0.019270833333333334 0.05555555555555555
7 0.22395833333333334 0.5902777777777778 0.020833333333333332 0.05462962962962963
6 0.3377604166666667 0.5685185185185185 0.03177083333333333 0.03333333333333333
10 0.4515625 0.5291666666666667 0.005208333333333333 0.010185185185185186
6 0.4578125 0.5564814814814815 0.005208333333333333 0.012962962962962963
8 0.4578125 0.5504629629629629 0.005208333333333333 0.012037037037037037
7 0.44973958333333336 0.5546296296296296 0.0026041666666666665 0.016666666666666666
7 0.525 0.5555555555555556 0.007291666666666667 0.03148148148148148
7 0.44765625 0.5564814814814815 0.0036458333333333334 0.012962962962962963
7 0.4791666666666667 0.5537037037037037 0.003125 0.012962962962962963
7 0.4921875 0.5560185185185185 0.003125 0.008333333333333333
7 0.5408854166666667 0.5592592592592592 0.0067708333333333336 0.02962962962962963
13 0.5591145833333333 0.5546296296296296 0.03697916666666667 0.05185185185185185
8 0.5734375 0.5597222222222222 0.00625 0.041666666666666664
8 0.5591145833333333 0.5361111111111111 0.0078125 0.018518518518518517
7 0.55859375 0.562037037037037 0.008854166666666666 0.04814814814814815
7 0.5638020833333334 0.5615740740740741 0.008854166666666666 0.041666666666666664
7 0.6291666666666667 0.5638888888888889 0.008333333333333333 0.027777777777777776
7 0.62578125 0.5879629629629629 0.016145833333333335 0.08333333333333333
1 0.6627604166666666 0.587037037037037 0.05677083333333333 0.09074074074074075
7 0.65390625 0.5898148148148148 0.018229166666666668 0.0962962962962963
7 0.6700520833333333 0.5962962962962963 0.015104166666666667 0.07962962962962963
7 0.7192708333333333 0.5967592592592592 0.014583333333333334 0.06018518518518518
7 0.7184895833333333 0.5995370370370371 0.025520833333333333 0.08611111111111111
7 0.8005208333333333 0.5921296296296297 0.015625 0.06388888888888888
14 0.8901041666666667 0.6282407407407408 0.06458333333333334 0.08425925925925926
14 0.8471354166666667 0.6333333333333333 0.06302083333333333 0.1
6 0.9098958333333333 0.7671296296296296 0.153125 0.23055555555555557