7 0.30911458333333336 0.5930555555555556 0.005729166666666666 0.10277777777777777
6 0.38958333333333334 0.5939814814814814 0.06354166666666666 0.07685185185185185
7 0.48411458333333335 0.5680555555555555 0.0140625 0.06018518518518518
7 0.47369791666666666 0.5449074074074074 0.0078125 0.03796296296296296
13 0.5130208333333334 0.5504629629629629 0.035416666666666666 0.07314814814814814
7 0.5234375 0.5694444444444444 0.015625 0.07222222222222222
6 0.54609375 0.5550925925925926 0.008854166666666666 0.030555555555555555
4 0.54921875 0.5328703703703703 0.019270833333333334 0.023148148148148147
1 0.5755208333333334 0.5351851851851852 0.025 0.024074074074074074
1 0.5692708333333333 0.5671296296296297 0.036458333333333336 0.08055555555555556
1 0.59375 0.5472222222222223 0.019791666666666666 0.044444444444444446
6 0.6109375 0.5421296296296296 0.013541666666666667 0.026851851851851852
6 0.63046875 0.5615740740740741 0.0109375 0.03425925925925926
8 0.6299479166666667 0.549074074074074 0.013020833333333334 0.044444444444444446
6 0.64921875 0.5625 0.016145833333333335 0.041666666666666664
8 0.6473958333333333 0.5481481481481482 0.016666666666666666 0.04814814814814815
7 0.6622395833333333 0.5472222222222223 0.005729166666666666 0.03333333333333333
7 0.6682291666666667 0.55 0.013541666666666667 0.05740740740740741
4 0.7059895833333333 0.5486111111111112 0.03177083333333333 0.05092592592592592
6 0.7276041666666667 0.5685185185185185 0.034375 0.046296296296296294
6 0.7434895833333334 0.5782407407407407 0.04739583333333333 0.0712962962962963
6 0.7604166666666666 0.5856481481481481 0.05625 0.0712962962962963
6 0.7731770833333333 0.5898148148148148 0.06197916666666667 0.07037037037037037
6 0.784375 0.5916666666666667 0.058333333333333334 0.06666666666666667
6 0.9229166666666667 0.5810185185185185 0.0625 0.07685185185185185
6 0.9286458333333333 0.6277777777777778 0.078125 0.1111111111111111
6 0.946875 0.6449074074074074 0.103125 0.16018518518518518
6 0.990625 0.5944444444444444 0.015625 0.11296296296296296
6 0.6854166666666667 0.5587962962962963 0.009375 0.028703703703703703
6 0.6783854166666666 0.5541666666666667 0.011979166666666667 0.021296296296296296