7 0.46432291666666664 0.5546296296296296 0.013020833333333334 0.05
6 0.44869791666666664 0.5671296296296297 0.019270833333333334 0.030555555555555555
8 0.44557291666666665 0.5555555555555556 0.0078125 0.05
1 0.5036458333333333 0.5597222222222222 0.04583333333333333 0.08981481481481482
1 0.53984375 0.5509259259259259 0.022395833333333334 0.053703703703703705
1 0.5658854166666667 0.5550925925925926 0.04635416666666667 0.06759259259259259
7 0.540625 0.5583333333333333 0.0125 0.05925925925925926
7 0.5895833333333333 0.562037037037037 0.010416666666666666 0.06111111111111111
7 0.59765625 0.5638888888888889 0.011979166666666667 0.07407407407407407
1 0.6388020833333333 0.5509259259259259 0.018229166666666668 0.06296296296296296
1 0.6174479166666667 0.5634259259259259 0.03177083333333333 0.0824074074074074
1 0.67421875 0.5712962962962963 0.10677083333333333 0.12407407407407407
7 0.7190104166666667 0.600925925925926 0.027604166666666666 0.1925925925925926
6 0.7708333333333334 0.6277777777777778 0.08333333333333333 0.0962962962962963
6 0.8153645833333333 0.5712962962962963 0.011979166666666667 0.037037037037037035
1 0.8973958333333333 0.5814814814814815 0.07916666666666666 0.13518518518518519
1 0.940625 0.6129629629629629 0.115625 0.1925925925925926
6 0.9005208333333333 0.8328703703703704 0.19583333333333333 0.33240740740740743
6 0.5739583333333333 0.5995370370370371 0.03125 0.0824074074074074
8 0.5747395833333333 0.5745370370370371 0.028645833333333332 0.10092592592592593
6 0.49166666666666664 0.6134259259259259 0.0375 0.08055555555555556
8 0.4981770833333333 0.5787037037037037 0.028645833333333332 0.10185185185185185
6 0.5244791666666667 0.6935185185185185 0.052083333333333336 0.16666666666666666
8 0.5278645833333333 0.6342592592592593 0.0578125 0.20185185185185187
8 0.5265625 0.6356481481481482 0.04895833333333333 0.20092592592592592
6 0.43645833333333334 0.5907407407407408 0.023958333333333335 0.05925925925925926
8 0.43515625 0.5712962962962963 0.0171875 0.07777777777777778
7 0.4161458333333333 0.5537037037037037 0.009375 0.04814814814814815
7 0.39348958333333334 0.549074074074074 0.0109375 0.037037037037037035
7 0.4088541666666667 0.5671296296296297 0.011458333333333333 0.07314814814814814
6 0.38229166666666664 0.5708333333333333 0.020833333333333332 0.058333333333333334
6 0.37864583333333335 0.5810185185185185 0.030208333333333334 0.06018518518518518
6 0.3609375 0.6194444444444445 0.05416666666666667 0.10185185185185185
7 0.40208333333333335 0.6069444444444444 0.025 0.14166666666666666
7 0.42109375 0.6236111111111111 0.04010416666666667 0.16944444444444445
7 0.390625 0.6319444444444444 0.03229166666666667 0.175
6 0.325 0.6453703703703704 0.05 0.08333333333333333
7 0.3143229166666667 0.5939814814814814 0.025520833333333333 0.08981481481481482
7 0.2921875 0.6111111111111112 0.028125 0.20185185185185187
7 0.28098958333333335 0.6458333333333334 0.034895833333333334 0.2564814814814815
7 0.24635416666666668 0.5930555555555556 0.027083333333333334 0.1527777777777778
7 0.23125 0.586574074074074 0.041666666666666664 0.16944444444444445
7 0.18697916666666667 0.6023148148148149 0.029166666666666667 0.1527777777777778
7 0.20572916666666666 0.6648148148148149 0.06770833333333333 0.3277777777777778
7 0.16536458333333334 0.6069444444444444 0.028645833333333332 0.1787037037037037
7 0.14036458333333332 0.5995370370370371 0.025520833333333333 0.1638888888888889
7 0.13854166666666667 0.5898148148148148 0.021875 0.16111111111111112
7 0.12473958333333333 0.5986111111111111 0.015104166666666667 0.11574074074074074
7 0.08333333333333333 0.5976851851851852 0.029166666666666667 0.09537037037037037
6 0.10625 0.6898148148148148 0.075 0.13333333333333333
6 0.228125 0.7462962962962963 0.09895833333333333 0.2611111111111111
6 0.32864583333333336 0.7092592592592593 0.1 0.21851851851851853
6 0.47994791666666664 0.6388888888888888 0.04010416666666667 0.1111111111111111
8 0.47942708333333334 0.6050925925925926 0.03697916666666667 0.1287037037037037
8 0.8388020833333333 0.7046296296296296 0.06197916666666667 0.3537037037037037
8 0.89921875 0.700462962962963 0.11927083333333334 0.36944444444444446
7 0.43828125 0.5893518518518519 0.0171875 0.09722222222222222
7 0.7963541666666667 0.5898148148148148 0.011458333333333333 0.040740740740740744