6 0.20625 0.6412037037037037 0.046875 0.10833333333333334
8 0.20885416666666667 0.5995370370370371 0.041666666666666664 0.13055555555555556
6 0.35494791666666664 0.5685185185185185 0.0171875 0.044444444444444446
8 0.3528645833333333 0.5569444444444445 0.016145833333333335 0.05092592592592592
7 0.37447916666666664 0.5476851851851852 0.007291666666666667 0.030555555555555555
6 0.3932291666666667 0.562962962962963 0.0125 0.03148148148148148
8 0.3924479166666667 0.549074074074074 0.013020833333333334 0.04259259259259259
6 0.39895833333333336 0.5560185185185185 0.00625 0.021296296296296296
8 0.39817708333333335 0.5453703703703704 0.0078125 0.03148148148148148
6 0.4049479166666667 0.5513888888888889 0.005729166666666666 0.01574074074074074
8 0.4049479166666667 0.5453703703703704 0.0067708333333333336 0.022222222222222223
4 0.40963541666666664 0.5421296296296296 0.005729166666666666 0.008333333333333333
4 0.41458333333333336 0.5421296296296296 0.004166666666666667 0.006481481481481481
4 0.41744791666666664 0.5416666666666666 0.005729166666666666 0.009259259259259259
4 0.4200520833333333 0.5439814814814815 0.005729166666666666 0.010185185185185186
4 0.42421875 0.5467592592592593 0.008854166666666666 0.01574074074074074
6 0.425 0.5509259259259259 0.00625 0.016666666666666666
8 0.42473958333333334 0.5444444444444444 0.0067708333333333336 0.022222222222222223
6 0.43333333333333335 0.5578703703703703 0.010416666666666666 0.028703703703703703
8 0.43359375 0.5476851851851852 0.0109375 0.03611111111111111
4 0.43776041666666665 0.5476851851851852 0.0046875 0.013888888888888888
1 0.46588541666666666 0.5425925925925926 0.0036458333333333334 0.009259259259259259
7 0.58515625 0.5527777777777778 0.0067708333333333336 0.03148148148148148
6 0.5955729166666667 0.5601851851851852 0.013020833333333334 0.020370370370370372
7 0.59140625 0.5504629629629629 0.005729166666666666 0.026851851851851852
7 0.5981770833333333 0.5509259259259259 0.0078125 0.020370370370370372
6 0.6700520833333333 0.5689814814814815 0.019270833333333334 0.03981481481481482
8 0.6640625 0.5532407407407407 0.00625 0.049074074074074076
8 0.6692708333333334 0.5574074074074075 0.011458333333333333 0.05185185185185185