4 0.35182291666666665 0.5736111111111111 0.08072916666666667 0.11018518518518519
10 0.4192708333333333 0.5046296296296297 0.01875 0.022222222222222223
14 0.5291666666666667 0.5171296296296296 0.015625 0.026851851851851852
6 0.55390625 0.525 0.0036458333333333334 0.007407407407407408
8 0.5541666666666667 0.5203703703703704 0.003125 0.012962962962962963
13 0.5794270833333334 0.5120370370370371 0.018229166666666668 0.04259259259259259
6 0.6020833333333333 0.5268518518518519 0.004166666666666667 0.012962962962962963
8 0.6018229166666667 0.5199074074074074 0.005729166666666666 0.017592592592592594
3 0.6674479166666667 0.5027777777777778 0.015104166666666667 0.027777777777777776
3 0.6703125 0.5097222222222222 0.016666666666666666 0.028703703703703703
13 0.65234375 0.5092592592592593 0.013020833333333334 0.024074074074074074
3 0.6994791666666667 0.49907407407407406 0.0125 0.016666666666666666
6 0.7375 0.5296296296296297 0.008333333333333333 0.020370370370370372
8 0.7380208333333333 0.524537037037037 0.007291666666666667 0.025
4 0.8065104166666667 0.524537037037037 0.021354166666666667 0.028703703703703703