10 0.9763020833333333 0.29259259259259257 0.04635416666666667 0.020370370370370372
6 0.9880208333333333 0.38935185185185184 0.008333333333333333 0.017592592592592594
8 0.9885416666666667 0.38333333333333336 0.010416666666666666 0.03333333333333333
4 0.9768229166666667 0.37916666666666665 0.0140625 0.021296296296296296
13 0.9510416666666667 0.3449074074074074 0.040625 0.032407407407407406
6 0.8317708333333333 0.37546296296296294 0.017708333333333333 0.04351851851851852
7 0.8716145833333333 0.3875 0.0140625 0.062037037037037036
6 0.9932291666666667 0.43148148148148147 0.0125 0.06296296296296296
8 0.99296875 0.40555555555555556 0.011979166666666667 0.08333333333333333
1 0.9325520833333333 0.4412037037037037 0.08489583333333334 0.175
3 0.4119791666666667 0.3787037037037037 0.27708333333333335 0.3851851851851852
13 0.6552083333333333 0.350462962962963 0.27708333333333335 0.4398148148148148
6 0.978125 0.3888888888888889 0.009375 0.020370370370370372
8 0.9778645833333334 0.3819444444444444 0.008854166666666666 0.028703703703703703