6 0.55 0.5504629629629629 0.004166666666666667 0.012037037037037037
8 0.5502604166666667 0.5398148148148149 0.0046875 0.007407407407407408
6 0.5549479166666667 0.5541666666666667 0.0046875 0.010185185185185186
8 0.5546875 0.5453703703703704 0.004166666666666667 0.007407407407407408
6 0.5752604166666667 0.5523148148148148 0.009895833333333333 0.012037037037037037
8 0.5765625 0.5444444444444444 0.007291666666666667 0.014814814814814815
8 0.5815104166666667 0.5597222222222222 0.0140625 0.03981481481481482
6 0.5817708333333333 0.5708333333333333 0.013541666666666667 0.032407407407407406
8 0.5104166666666666 0.5527777777777778 0.009375 0.03148148148148148
6 0.5114583333333333 0.5592592592592592 0.011458333333333333 0.027777777777777776
4 0.5388020833333333 0.5453703703703704 0.005729166666666666 0.007407407407407408