4 0.01640625 0.7212962962962963 0.0328125 0.17407407407407408
1 0.9481770833333333 0.6986111111111111 0.1015625 0.3490740740740741
4 0.7153645833333333 0.6222222222222222 0.13177083333333334 0.17222222222222222
1 0.6580729166666667 0.5898148148148148 0.06197916666666667 0.12962962962962962
6 0.6044270833333333 0.5847222222222223 0.0234375 0.058333333333333334
1 0.59296875 0.5509259259259259 0.0203125 0.06296296296296296
1 0.5583333333333333 0.5472222222222223 0.0125 0.046296296296296294
1 0.5760416666666667 0.5611111111111111 0.035416666666666666 0.07407407407407407
1 0.54296875 0.5513888888888889 0.025520833333333333 0.058333333333333334
1 0.5354166666666667 0.5296296296296297 0.010416666666666666 0.016666666666666666
1 0.5231770833333333 0.5194444444444445 0.0140625 0.011111111111111112
4 0.528125 0.5217592592592593 0.009375 0.008333333333333333
4 0.5091145833333334 0.5208333333333334 0.0078125 0.004629629629629629
1 0.5 0.5166666666666667 0.007291666666666667 0.012962962962962963
1 0.49114583333333334 0.5175925925925926 0.007291666666666667 0.014814814814814815
4 0.48723958333333334 0.5333333333333333 0.019270833333333334 0.027777777777777776
6 0.48489583333333336 0.5768518518518518 0.015625 0.037037037037037035
1 0.5111979166666667 0.5726851851851852 0.04739583333333333 0.10092592592592593
8 0.4861979166666667 0.5587962962962963 0.015104166666666667 0.06944444444444445
6 0.4765625 0.6074074074074074 0.029166666666666667 0.08148148148148149
8 0.47552083333333334 0.575462962962963 0.030208333333333334 0.09907407407407408
1 0.4596354166666667 0.5402777777777777 0.0171875 0.03981481481481482
6 0.46015625 0.5546296296296296 0.013020833333333334 0.037037037037037035
6 0.4434895833333333 0.5546296296296296 0.0171875 0.03518518518518519
6 0.40520833333333334 0.5560185185185185 0.016666666666666666 0.041666666666666664
6 0.38515625 0.5634259259259259 0.013020833333333334 0.04537037037037037
6 0.40078125 0.6287037037037037 0.04010416666666667 0.10740740740740741