6 0.019791666666666666 0.42453703703703705 0.03333333333333333 0.10462962962962963
6 0.00703125 0.44212962962962965 0.0140625 0.062037037037037036
7 0.05234375 0.38287037037037036 0.0171875 0.0787037037037037
7 0.075 0.36944444444444446 0.013541666666666667 0.05555555555555555
7 0.09192708333333334 0.37037037037037035 0.0265625 0.12962962962962962
7 0.08072916666666667 0.4212962962962963 0.029166666666666667 0.07222222222222222
7 0.15963541666666667 0.3990740740740741 0.025520833333333333 0.13518518518518519
6 0.22786458333333334 0.487962962962963 0.0765625 0.18333333333333332
7 0.5236979166666667 0.34120370370370373 0.0046875 0.012037037037037037
7 0.51875 0.35324074074074074 0.007291666666666667 0.01574074074074074
6 0.5130208333333334 0.3578703703703704 0.007291666666666667 0.01574074074074074
7 0.5369791666666667 0.35509259259259257 0.004166666666666667 0.026851851851851852
7 0.5299479166666666 0.3537037037037037 0.005729166666666666 0.02962962962962963
7 0.5619791666666667 0.3490740740740741 0.00625 0.020370370370370372
6 0.5794270833333334 0.3638888888888889 0.0109375 0.037037037037037035
7 0.48932291666666666 0.3592592592592593 0.005729166666666666 0.020370370370370372
7 0.4947916666666667 0.37175925925925923 0.015625 0.049074074074074076
7 0.52109375 0.3939814814814815 0.011979166666666667 0.04351851851851852
7 0.51015625 0.40046296296296297 0.0078125 0.041666666666666664
7 0.4744791666666667 0.3712962962962963 0.009375 0.022222222222222223
7 0.46640625 0.4 0.018229166666666668 0.05555555555555555
7 0.475 0.40555555555555556 0.008333333333333333 0.03888888888888889
7 0.4796875 0.4046296296296296 0.008333333333333333 0.037037037037037035
7 0.4309895833333333 0.4356481481481482 0.021354166666666667 0.04351851851851852