7 0.4830729166666667 0.5175925925925926 0.0046875 0.016666666666666666
4 0.49713541666666666 0.5226851851851851 0.0171875 0.028703703703703703
7 0.5057291666666667 0.5180555555555556 0.00625 0.019444444444444445
7 0.5122395833333333 0.5162037037037037 0.0078125 0.023148148148148147
7 0.5166666666666667 0.5152777777777777 0.005208333333333333 0.013888888888888888
7 0.521875 0.5291666666666667 0.011458333333333333 0.03425925925925926
7 0.5078125 0.5324074074074074 0.008333333333333333 0.03518518518518519
8 0.5401041666666667 0.5388888888888889 0.008333333333333333 0.018518518518518517
8 0.5442708333333334 0.5351851851851852 0.007291666666666667 0.016666666666666666
7 0.5364583333333334 0.5504629629629629 0.013541666666666667 0.041666666666666664
7 0.5434895833333333 0.5527777777777778 0.008854166666666666 0.02962962962962963
7 0.57109375 0.5675925925925925 0.0109375 0.03333333333333333
8 0.5643229166666667 0.5611111111111111 0.013020833333333334 0.03888888888888889
6 0.5684895833333333 0.5916666666666667 0.011979166666666667 0.03333333333333333
7 0.5325520833333334 0.5962962962962963 0.021354166666666667 0.11851851851851852
7 0.5192708333333333 0.5939814814814814 0.020833333333333332 0.13425925925925927
6 0.5513020833333333 0.6273148148148148 0.03177083333333333 0.08611111111111111
8 0.54921875 0.6055555555555555 0.0328125 0.12777777777777777
7 0.6671875 0.5310185185185186 0.014583333333333334 0.09166666666666666
7 0.6770833333333334 0.5152777777777777 0.014583333333333334 0.05092592592592592
7 0.6911458333333333 0.5074074074074074 0.016666666666666666 0.05
13 0.6145833333333334 0.5694444444444444 0.08125 0.14629629629629629
7 0.771875 0.5254629629629629 0.017708333333333333 0.08796296296296297
7 0.7890625 0.5351851851851852 0.020833333333333332 0.09074074074074075
4 0.8796875 0.5296296296296297 0.01875 0.03148148148148148
7 0.86171875 0.5337962962962963 0.0109375 0.03425925925925926
7 0.8703125 0.5296296296296297 0.011458333333333333 0.03333333333333333
7 0.8963541666666667 0.5185185185185185 0.019791666666666666 0.05555555555555555
7 0.92890625 0.5157407407407407 0.016145833333333335 0.04814814814814815
7 0.9174479166666667 0.5416666666666666 0.009895833333333333 0.03888888888888889
6 0.8489583333333334 0.5601851851851852 0.04479166666666667 0.04814814814814815
8 0.83671875 0.549074074074074 0.008854166666666666 0.046296296296296294
6 0.80546875 0.5912037037037037 0.06510416666666667 0.062037037037037036
7 0.8119791666666667 0.6097222222222223 0.06666666666666667 0.05648148148148148
7 0.8177083333333334 0.6041666666666666 0.053125 0.08981481481481482
7 0.8190104166666666 0.6282407407407408 0.028645833333333332 0.06574074074074074
7 0.8348958333333333 0.6652777777777777 0.04895833333333333 0.16203703703703703
7 0.8484375 0.5615740740740741 0.030208333333333334 0.09907407407407408
6 0.9046875 0.5587962962962963 0.014583333333333334 0.026851851851851852
1 0.7119791666666667 0.6092592592592593 0.09479166666666666 0.17037037037037037
6 0.7619791666666667 0.8175925925925925 0.153125 0.3611111111111111
8 0.7630208333333334 0.7490740740740741 0.15520833333333334 0.4
6 0.5888020833333333 0.7106481481481481 0.0515625 0.15648148148148147
8 0.5890625 0.6791666666666667 0.058333333333333334 0.19537037037037036
8 0.5908854166666667 0.6402777777777777 0.0640625 0.19722222222222222
1 0.48333333333333334 0.5893518518518519 0.034375 0.11388888888888889
6 0.50390625 0.6773148148148148 0.04739583333333333 0.125
8 0.5041666666666667 0.6129629629629629 0.041666666666666664 0.13518518518518519
7 0.41171875 0.5694444444444444 0.019270833333333334 0.07407407407407407
7 0.3919270833333333 0.562037037037037 0.0140625 0.044444444444444446
7 0.3578125 0.5601851851851852 0.011458333333333333 0.02962962962962963
7 0.33828125 0.5537037037037037 0.009895833333333333 0.022222222222222223
7 0.35260416666666666 0.6240740740740741 0.023958333333333335 0.14629629629629629
7 0.35598958333333336 0.6444444444444445 0.021354166666666667 0.11481481481481481
7 0.40625 0.6375 0.036458333333333336 0.17314814814814813
7 0.38307291666666665 0.6537037037037037 0.0546875 0.2537037037037037
7 0.42213541666666665 0.6583333333333333 0.013020833333333334 0.025925925925925925
6 0.43333333333333335 0.6712962962962963 0.021875 0.03888888888888889
7 0.3104166666666667 0.6175925925925926 0.023958333333333335 0.07037037037037037
6 0.29375 0.6425925925925926 0.021875 0.025925925925925925
6 0.25364583333333335 0.6615740740740741 0.10104166666666667 0.14722222222222223
6 0.20494791666666667 0.6398148148148148 0.033854166666666664 0.0962962962962963
7 0.26953125 0.7078703703703704 0.04114583333333333 0.3175925925925926
7 0.25625 0.7162037037037037 0.029166666666666667 0.24537037037037038
7 0.14375 0.7564814814814815 0.14166666666666666 0.19444444444444445
7 0.11015625 0.8013888888888889 0.08802083333333334 0.36944444444444446
7 0.1671875 0.7782407407407408 0.08020833333333334 0.43796296296296294
7 0.24114583333333334 0.7949074074074074 0.08229166666666667 0.4046296296296296
14 0.12604166666666666 0.6532407407407408 0.18125 0.2972222222222222
7 0.34088541666666666 0.7638888888888888 0.08072916666666667 0.412962962962963
7 0.3658854166666667 0.8986111111111111 0.049479166666666664 0.19722222222222222
7 0.4479166666666667 0.7240740740740741 0.146875 0.5462962962962963
7 0.9596354166666666 0.7620370370370371 0.0765625 0.4722222222222222
7 0.8888020833333333 0.7828703703703703 0.1359375 0.4287037037037037
8 0.496875 0.525 0.010416666666666666 0.018518518518518517
8 0.49244791666666665 0.5273148148148148 0.0078125 0.012037037037037037