13 0.4822916666666667 0.5333333333333333 0.016666666666666666 0.020370370370370372
6 0.5 0.549074074074074 0.008333333333333333 0.016666666666666666
8 0.5002604166666667 0.538425925925926 0.008854166666666666 0.028703703703703703
4 0.446875 0.5375 0.007291666666666667 0.012037037037037037
4 0.4546875 0.538425925925926 0.009375 0.012037037037037037
6 0.41770833333333335 0.549074074074074 0.005208333333333333 0.016666666666666666
8 0.4153645833333333 0.5458333333333333 0.0067708333333333336 0.025
7 0.4203125 0.5430555555555555 0.005208333333333333 0.025
10 0.334375 0.5064814814814815 0.023958333333333335 0.040740740740740744
6 0.34375 0.55 0.009375 0.027777777777777776
8 0.34348958333333335 0.5421296296296296 0.008854166666666666 0.03611111111111111
6 0.321875 0.5467592592592593 0.009375 0.023148148148148147
8 0.3221354166666667 0.5388888888888889 0.008854166666666666 0.03148148148148148
3 0.2911458333333333 0.5226851851851851 0.026041666666666668 0.023148148148148147
6 0.30104166666666665 0.5560185185185185 0.011458333333333333 0.030555555555555555
8 0.30104166666666665 0.5467592592592593 0.010416666666666666 0.04351851851851852
4 0.18385416666666668 0.5310185185185186 0.014583333333333334 0.019444444444444445
13 0.3419270833333333 0.5152777777777777 0.025520833333333333 0.025