6 0.18098958333333334 0.5143518518518518 0.025520833333333333 0.025
6 0.1765625 0.5296296296296297 0.034375 0.037037037037037035
7 0.15677083333333333 0.5171296296296296 0.016666666666666666 0.03611111111111111
7 0.13880208333333333 0.5023148148148148 0.009895833333333333 0.01574074074074074
14 0.28411458333333334 0.5347222222222222 0.015104166666666667 0.023148148148148147
4 0.32526041666666666 0.538425925925926 0.0609375 0.05277777777777778
6 0.30885416666666665 0.5648148148148148 0.01875 0.053703703703703705
6 0.3606770833333333 0.549537037037037 0.013020833333333334 0.013888888888888888
1 0.38984375 0.5337962962962963 0.013020833333333334 0.023148148148148147
13 0.41484375 0.5458333333333333 0.050520833333333334 0.04537037037037037
13 0.45260416666666664 0.5361111111111111 0.036458333333333336 0.02962962962962963
7 0.48723958333333334 0.5560185185185185 0.0109375 0.032407407407407406
7 0.47317708333333336 0.5662037037037037 0.016145833333333335 0.075
7 0.5002604166666667 0.5453703703703704 0.005729166666666666 0.025925925925925925
3 0.5239583333333333 0.5356481481481481 0.013541666666666667 0.025
13 0.5583333333333333 0.5407407407407407 0.014583333333333334 0.02962962962962963
4 0.5307291666666667 0.5449074074074074 0.010416666666666666 0.01574074074074074
4 0.54296875 0.5449074074074074 0.0109375 0.01574074074074074
6 0.5197916666666667 0.549537037037037 0.005208333333333333 0.013888888888888888
8 0.51953125 0.5412037037037037 0.005729166666666666 0.013888888888888888
6 0.6643229166666667 0.5773148148148148 0.008854166666666666 0.032407407407407406
7 0.6958333333333333 0.5717592592592593 0.005208333333333333 0.032407407407407406
13 0.76953125 0.5768518518518518 0.09427083333333333 0.07962962962962963
14 0.75625 0.5652777777777778 0.010416666666666666 0.03611111111111111
4 0.84765625 0.5708333333333333 0.0578125 0.05092592592592592
6 0.890625 0.5638888888888889 0.021875 0.025925925925925925
6 0.9119791666666667 0.5657407407407408 0.009375 0.018518518518518517
6 0.8736979166666666 0.5796296296296296 0.028645833333333332 0.02962962962962963
6 0.8463541666666666 0.5819444444444445 0.030208333333333334 0.028703703703703703
6 0.37005208333333334 0.5467592592592593 0.016145833333333335 0.023148148148148147