3 0.515625 0.5268518518518519 0.011458333333333333 0.04259259259259259
7 0.525 0.5365740740740741 0.004166666666666667 0.023148148148148147
6 0.53984375 0.5425925925925926 0.0067708333333333336 0.012962962962962963
6 0.5473958333333333 0.5416666666666666 0.0125 0.020370370370370372
14 0.5286458333333334 0.5365740740740741 0.005208333333333333 0.019444444444444445
8 0.5348958333333333 0.5324074074074074 0.007291666666666667 0.020370370370370372
6 0.5338541666666666 0.5421296296296296 0.009375 0.021296296296296296
6 0.5598958333333334 0.5412037037037037 0.011458333333333333 0.017592592592592594
6 0.5666666666666667 0.5449074074074074 0.013541666666666667 0.021296296296296296
6 0.5736979166666667 0.5458333333333333 0.0140625 0.025
6 0.5890625 0.5569444444444445 0.0125 0.032407407407407406
8 0.58671875 0.5504629629629629 0.009895833333333333 0.04537037037037037
1 0.6221354166666667 0.5643518518518519 0.044270833333333336 0.07685185185185185
6 0.6705729166666666 0.5731481481481482 0.024479166666666666 0.05925925925925926
6 0.6739583333333333 0.5888888888888889 0.023958333333333335 0.053703703703703705
7 0.7260416666666667 0.5388888888888889 0.009375 0.022222222222222223
7 0.7369791666666666 0.5370370370370371 0.009375 0.024074074074074074
4 0.7455729166666667 0.6087962962962963 0.1453125 0.12685185185185185
6 0.8471354166666667 0.649537037037037 0.0859375 0.10648148148148148
6 0.8752604166666667 0.6537037037037037 0.07864583333333333 0.12962962962962962
7 0.9776041666666667 0.6078703703703704 0.03333333333333333 0.08981481481481482
6 0.9322916666666666 0.6569444444444444 0.08229166666666667 0.1527777777777778
6 0.9783854166666667 0.7194444444444444 0.0421875 0.13148148148148148
4 0.46484375 0.5412037037037037 0.022395833333333334 0.03796296296296296
4 0.45208333333333334 0.5351851851851852 0.010416666666666666 0.020370370370370372
7 0.4546875 0.5333333333333333 0.004166666666666667 0.009259259259259259
6 0.44947916666666665 0.5412037037037037 0.00625 0.021296296296296296
8 0.44765625 0.5375 0.0046875 0.026851851851851852
8 0.46432291666666664 0.5347222222222222 0.008854166666666666 0.023148148148148147
6 0.46640625 0.549074074074074 0.009895833333333333 0.03888888888888889
3 0.49375 0.5296296296296297 0.03854166666666667 0.08703703703703704
7 0.4984375 0.5634259259259259 0.023958333333333335 0.06388888888888888
6 0.42265625 0.5333333333333333 0.005729166666666666 0.016666666666666666
4 0.4354166666666667 0.5435185185185185 0.025 0.037037037037037035
14 0.43072916666666666 0.5564814814814815 0.01875 0.037037037037037035
14 0.42109375 0.5643518518518519 0.022395833333333334 0.03981481481481482
4 0.3651041666666667 0.5416666666666666 0.03854166666666667 0.03148148148148148
6 0.38333333333333336 0.5513888888888889 0.011458333333333333 0.023148148148148147
6 0.37786458333333334 0.5583333333333333 0.0265625 0.03518518518518519
6 0.36770833333333336 0.5712962962962963 0.03333333333333333 0.05740740740740741
7 0.36041666666666666 0.5583333333333333 0.011458333333333333 0.05185185185185185
4 0.3463541666666667 0.5828703703703704 0.04791666666666667 0.08611111111111111
4 0.29296875 0.600462962962963 0.11614583333333334 0.13796296296296295
6 0.16041666666666668 0.6523148148148148 0.084375 0.14722222222222223
6 0.13151041666666666 0.6787037037037037 0.07135416666666666 0.14629629629629629
6 0.07916666666666666 0.7189814814814814 0.06770833333333333 0.1175925925925926
6 0.0484375 0.6995370370370371 0.052083333333333336 0.21574074074074073
4 0.01953125 0.7018518518518518 0.03802083333333333 0.28888888888888886
6 0.39765625 0.6851851851851852 0.07552083333333333 0.18333333333333332
8 0.3971354166666667 0.624537037037037 0.0578125 0.18425925925925926
10 0.81328125 0.45740740740740743 0.016145833333333335 0.05185185185185185
7 0.40572916666666664 0.5342592592592592 0.005208333333333333 0.024074074074074074
7 0.40911458333333334 0.5282407407407408 0.0046875 0.017592592592592594
8 0.42161458333333335 0.524537037037037 0.0046875 0.012037037037037037
8 0.42526041666666664 0.5231481481481481 0.005729166666666666 0.014814814814814815