1 0.5614583333333333 0.513425925925926 0.014583333333333334 0.01574074074074074
3 0.5966145833333333 0.4986111111111111 0.059895833333333336 0.062037037037037036
8 0.6294270833333333 0.5212962962962963 0.0140625 0.027777777777777776
6 0.6427083333333333 0.537962962962963 0.010416666666666666 0.027777777777777776
3 0.7119791666666667 0.49537037037037035 0.13958333333333334 0.09814814814814815
7 0.6986979166666667 0.5157407407407407 0.018229166666666668 0.037037037037037035
1 0.84765625 0.5504629629629629 0.06197916666666667 0.0787037037037037
1 0.9388020833333334 0.5875 0.1109375 0.175
13 0.9796875 0.5476851851851852 0.03854166666666667 0.2601851851851852
3 0.5283854166666667 0.5087962962962963 0.0484375 0.08981481481481482
13 0.5106770833333333 0.5111111111111111 0.0265625 0.046296296296296294
8 0.4984375 0.4837962962962963 0.014583333333333334 0.049074074074074076
8 0.50078125 0.48333333333333334 0.013020833333333334 0.05185185185185185
4 0.5359375 0.5361111111111111 0.023958333333333335 0.037037037037037035
4 0.5580729166666667 0.5361111111111111 0.027604166666666666 0.044444444444444446
4 0.5760416666666667 0.5412037037037037 0.042708333333333334 0.04537037037037037
4 0.6111979166666667 0.5856481481481481 0.0734375 0.125
3 0.4739583333333333 0.4912037037037037 0.0375 0.032407407407407406
4 0.5216145833333333 0.5694444444444444 0.025520833333333333 0.1
6 0.5471354166666667 0.6078703703703704 0.03802083333333333 0.10833333333333334
8 0.5473958333333333 0.5763888888888888 0.03125 0.125
6 0.5739583333333333 0.637962962962963 0.05 0.1537037037037037
8 0.5744791666666667 0.5986111111111111 0.053125 0.16574074074074074
4 0.7338541666666667 0.6578703703703703 0.23854166666666668 0.262037037037037
1 0.42552083333333335 0.524537037037037 0.029166666666666667 0.041666666666666664
8 0.40520833333333334 0.524537037037037 0.013541666666666667 0.032407407407407406
6 0.4036458333333333 0.5291666666666667 0.013541666666666667 0.025
4 0.47291666666666665 0.5976851851851852 0.10208333333333333 0.18796296296296297
4 0.36822916666666666 0.5291666666666667 0.04479166666666667 0.030555555555555555
8 0.38385416666666666 0.5287037037037037 0.019791666666666666 0.027777777777777776
6 0.2786458333333333 0.5601851851851852 0.04583333333333333 0.07592592592592592
6 0.26666666666666666 0.5611111111111111 0.05 0.1
4 0.3770833333333333 0.6986111111111111 0.225 0.31203703703703706
6 0.24713541666666666 0.5944444444444444 0.028645833333333332 0.09074074074074075
6 0.21432291666666667 0.7226851851851852 0.0890625 0.23055555555555557
7 0.20078125 0.5189814814814815 0.025520833333333333 0.0824074074074074
8 0.23046875 0.6578703703703703 0.0515625 0.24537037037037038
8 0.225 0.6537037037037037 0.053125 0.2351851851851852
8 0.18463541666666666 0.6625 0.07864583333333333 0.23055555555555557
10 0.3263020833333333 0.45925925925925926 0.022395833333333334 0.07222222222222222
8 0.4859375 0.4986111111111111 0.011458333333333333 0.013888888888888888