1 0.21302083333333333 0.5546296296296296 0.03854166666666667 0.06481481481481481
4 0.3294270833333333 0.5453703703703704 0.028645833333333332 0.03148148148148148
4 0.42213541666666665 0.638425925925926 0.15989583333333332 0.21944444444444444
1 0.45625 0.5537037037037037 0.04791666666666667 0.06481481481481481
1 0.59921875 0.6328703703703704 0.12552083333333333 0.22870370370370371
4 0.9356770833333333 0.7328703703703704 0.12760416666666666 0.3787037037037037
1 0.9484375 0.5717592592592593 0.06145833333333333 0.06759259259259259
7 0.8833333333333333 0.5685185185185185 0.010416666666666666 0.03888888888888889
8 0.8591145833333333 0.5643518518518519 0.015104166666666667 0.04351851851851852
4 0.8377604166666667 0.5634259259259259 0.03177083333333333 0.04537037037037037
6 0.86484375 0.5726851851851852 0.019270833333333334 0.032407407407407406
7 0.8880208333333334 0.5578703703703703 0.005208333333333333 0.021296296296296296
6 0.7234375 0.5541666666666667 0.0125 0.021296296296296296
8 0.7223958333333333 0.5476851851851852 0.008333333333333333 0.028703703703703703
1 0.70703125 0.5509259259259259 0.0140625 0.02962962962962963
1 0.6958333333333333 0.5481481481481482 0.010416666666666666 0.022222222222222223
6 0.6979166666666666 0.5541666666666667 0.009375 0.012037037037037037
8 0.6986979166666667 0.5481481481481482 0.0078125 0.018518518518518517
6 0.6833333333333333 0.5537037037037037 0.005208333333333333 0.007407407407407408
8 0.6817708333333333 0.5467592592592593 0.005208333333333333 0.013888888888888888
1 0.6502604166666667 0.5416666666666666 0.011979166666666667 0.018518518518518517
3 0.5205729166666667 0.5194444444444445 0.005729166666666666 0.009259259259259259
13 0.5278645833333333 0.5212962962962963 0.0109375 0.011111111111111112
14 0.5359375 0.5296296296296297 0.007291666666666667 0.025925925925925925
4 0.528125 0.525 0.00625 0.007407407407407408
4 0.5307291666666667 0.5421296296296296 0.014583333333333334 0.032407407407407406
6 0.5244791666666667 0.5527777777777778 0.008333333333333333 0.018518518518518517
8 0.5247395833333334 0.5416666666666666 0.0078125 0.020370370370370372
8 0.5203125 0.5305555555555556 0.004166666666666667 0.007407407407407408
3 0.5106770833333333 0.5268518518518519 0.005729166666666666 0.011111111111111112
6 0.5166666666666667 0.5523148148148148 0.005208333333333333 0.021296296296296296
6 0.5098958333333333 0.5574074074074075 0.010416666666666666 0.022222222222222223
8 0.5166666666666667 0.5421296296296296 0.007291666666666667 0.025
8 0.5104166666666666 0.5481481481481482 0.011458333333333333 0.037037037037037035
6 0.5052083333333334 0.5458333333333333 0.003125 0.008333333333333333
8 0.5052083333333334 0.5393518518518519 0.003125 0.010185185185185186
6 0.49947916666666664 0.5449074074074074 0.0020833333333333333 0.012037037037037037
8 0.49895833333333334 0.5361111111111111 0.0020833333333333333 0.011111111111111112
1 0.49192708333333335 0.5421296296296296 0.009895833333333333 0.019444444444444445
6 0.48489583333333336 0.5476851851851852 0.003125 0.010185185185185186
8 0.48515625 0.537962962962963 0.005729166666666666 0.016666666666666666
6 0.4828125 0.5467592592592593 0.00625 0.012037037037037037
8 0.48151041666666666 0.5388888888888889 0.0026041666666666665 0.018518518518518517