1 0.4161458333333333 0.5333333333333333 0.0125 0.024074074074074074
14 0.3841145833333333 0.5398148148148149 0.0067708333333333336 0.018518518518518517
4 0.39401041666666664 0.5435185185185185 0.0171875 0.025925925925925925
8 0.41875 0.538425925925926 0.005208333333333333 0.013888888888888888
6 0.4046875 0.5657407407407408 0.008333333333333333 0.024074074074074074
8 0.40520833333333334 0.5513888888888889 0.011458333333333333 0.03796296296296296
4 0.4278645833333333 0.5282407407407408 0.009895833333333333 0.010185185185185186
8 0.4153645833333333 0.5611111111111111 0.015104166666666667 0.05
6 0.4166666666666667 0.5796296296296296 0.013541666666666667 0.03148148148148148
14 0.5458333333333333 0.5180555555555556 0.030208333333333334 0.008333333333333333
1 0.5567708333333333 0.6259259259259259 0.05520833333333333 0.21666666666666667
1 0.48932291666666666 0.6717592592592593 0.1484375 0.3212962962962963
4 0.9440104166666666 0.7055555555555556 0.10989583333333333 0.29074074074074074
1 0.7690104166666667 0.7018518518518518 0.3880208333333333 0.5925925925925926
0 0.31015625 0.6231481481481481 0.025520833333333333 0.06111111111111111