7 0.13229166666666667 0.5893518518518519 0.007291666666666667 0.026851851851851852
7 0.11119791666666666 0.5810185185185185 0.0067708333333333336 0.01574074074074074
8 0.06614583333333333 0.5944444444444444 0.016666666666666666 0.04259259259259259
6 0.06588541666666667 0.6037037037037037 0.016145833333333335 0.04259259259259259
6 0.11692708333333333 0.6296296296296297 0.028645833333333332 0.07037037037037037
8 0.11744791666666667 0.6097222222222223 0.025520833333333333 0.0824074074074074
6 0.4703125 0.7138888888888889 0.14270833333333333 0.19074074074074074
6 0.5690104166666666 0.7337962962962963 0.1421875 0.27870370370370373
6 0.6622395833333333 0.7768518518518519 0.19010416666666666 0.26666666666666666
2 0.93046875 0.6731481481481482 0.09947916666666666 0.11481481481481481
6 0.8994791666666667 0.8018518518518518 0.19375 0.3925925925925926
6 0.971875 0.8231481481481482 0.052083333333333336 0.3296296296296296