7 0.5205729166666667 0.4986111111111111 0.0046875 0.023148148148148147
7 0.55546875 0.5143518518518518 0.0046875 0.025
7 0.5643229166666667 0.5032407407407408 0.0036458333333333334 0.012037037037037037
7 0.559375 0.5092592592592593 0.003125 0.018518518518518517
7 0.5611979166666666 0.5152777777777777 0.0046875 0.023148148148148147
7 0.5861979166666667 0.5046296296296297 0.0026041666666666665 0.011111111111111112
7 0.5934895833333333 0.5148148148148148 0.0078125 0.037037037037037035
7 0.58828125 0.5194444444444445 0.0067708333333333336 0.037037037037037035
13 0.5997395833333333 0.5138888888888888 0.005729166666666666 0.03518518518518519
4 0.5776041666666667 0.5175925925925926 0.016666666666666666 0.03518518518518519
6 0.5721354166666667 0.5287037037037037 0.008854166666666666 0.025925925925925925
8 0.5721354166666667 0.5217592592592593 0.0078125 0.03611111111111111
7 0.5661458333333333 0.5171296296296296 0.00625 0.028703703703703703
14 0.5377604166666666 0.49953703703703706 0.0296875 0.062037037037037036
7 0.5453125 0.5212962962962963 0.007291666666666667 0.016666666666666666
7 0.5518229166666667 0.5217592592592593 0.008854166666666666 0.021296296296296296
7 0.5208333333333334 0.5111111111111111 0.005208333333333333 0.020370370370370372
7 0.5169270833333334 0.5143518518518518 0.005729166666666666 0.012037037037037037
7 0.41432291666666665 0.6263888888888889 0.0203125 0.19537037037037036
7 0.396875 0.5921296296296297 0.036458333333333336 0.1712962962962963
7 0.309375 0.5143518518518518 0.008333333333333333 0.03425925925925926
7 0.29765625 0.4962962962962963 0.0078125 0.014814814814814815
7 0.27630208333333334 0.5013888888888889 0.009895833333333333 0.030555555555555555
7 0.28020833333333334 0.5060185185185185 0.008333333333333333 0.021296296296296296
7 0.24010416666666667 0.49907407407407406 0.013541666666666667 0.02962962962962963
7 0.025 0.5199074074074074 0.03229166666666667 0.05277777777777778
7 0.06197916666666667 0.5171296296296296 0.05416666666666667 0.05462962962962963
6 0.25416666666666665 0.6981481481481482 0.13854166666666667 0.12777777777777777
8 0.2552083333333333 0.6138888888888889 0.040625 0.17222222222222222
8 0.22838541666666667 0.6222222222222222 0.0421875 0.16111111111111112
7 0.30520833333333336 0.6606481481481481 0.020833333333333332 0.16018518518518518
7 0.33671875 0.6601851851851852 0.03177083333333333 0.1962962962962963
14 0.35390625 0.5847222222222223 0.06614583333333333 0.16574074074074074
1 0.490625 0.6398148148148148 0.15625 0.26296296296296295
7 0.5768229166666666 0.5449074074074074 0.015104166666666667 0.025
7 0.5747395833333333 0.5861111111111111 0.018229166666666668 0.0962962962962963
8 0.6127604166666667 0.5236111111111111 0.0046875 0.012037037037037037
8 0.61015625 0.5356481481481481 0.011979166666666667 0.03611111111111111
6 0.5958333333333333 0.6189814814814815 0.0375 0.10462962962962963
8 0.5875 0.5837962962962963 0.014583333333333334 0.09351851851851851
8 0.5966145833333333 0.5847222222222223 0.028645833333333332 0.10648148148148148
7 0.6078125 0.5555555555555556 0.011458333333333333 0.040740740740740744
13 0.66328125 0.5254629629629629 0.06197916666666667 0.0712962962962963
7 0.7065104166666667 0.5060185185185185 0.011979166666666667 0.03611111111111111
7 0.71484375 0.5041666666666667 0.0109375 0.032407407407407406
7 0.7239583333333334 0.5060185185185185 0.011458333333333333 0.03425925925925926
1 0.7088541666666667 0.5763888888888888 0.05 0.11574074074074074
7 0.6591145833333333 0.5356481481481481 0.021354166666666667 0.049074074074074076
7 0.6484375 0.6 0.023958333333333335 0.15185185185185185
7 0.6653645833333334 0.6050925925925926 0.022395833333333334 0.13425925925925927
7 0.6807291666666667 0.5731481481481482 0.017708333333333333 0.10185185185185185
7 0.6984375 0.6236111111111111 0.05 0.17314814814814813
6 0.7677083333333333 0.5962962962962963 0.034375 0.08703703703703704
7 0.7940104166666667 0.5606481481481481 0.013020833333333334 0.08425925925925926
7 0.78125 0.5578703703703703 0.020833333333333332 0.09166666666666666
7 0.7361979166666667 0.6199074074074075 0.043229166666666666 0.18796296296296297
7 0.8106770833333333 0.6157407407407407 0.0328125 0.17962962962962964
7 0.8302083333333333 0.6097222222222223 0.030208333333333334 0.13425925925925927
8 0.8489583333333334 0.6 0.040625 0.1574074074074074
2 0.8213541666666667 0.6657407407407407 0.08854166666666667 0.12962962962962962
6 0.6143229166666667 0.7819444444444444 0.0828125 0.2601851851851852
8 0.60703125 0.6972222222222222 0.09322916666666667 0.3425925925925926
6 0.2838541666666667 0.7388888888888889 0.153125 0.21481481481481482
8 0.30078125 0.6912037037037037 0.08385416666666666 0.30277777777777776
7 0.38619791666666664 0.7620370370370371 0.1046875 0.4351851851851852
6 0.034895833333333334 0.6837962962962963 0.06875 0.1675925925925926
7 0.023177083333333334 0.899537037037037 0.04635416666666667 0.19907407407407407
7 0.12447916666666667 0.7305555555555555 0.178125 0.5351851851851852