4 0.00703125 0.3800925925925926 0.0140625 0.049074074074074076
4 0.06536458333333334 0.39861111111111114 0.03802083333333333 0.06388888888888888
4 0.10052083333333334 0.41064814814814815 0.05416666666666667 0.06759259259259259
7 0.18020833333333333 0.38055555555555554 0.00625 0.016666666666666666
4 0.15078125 0.41574074074074074 0.06822916666666666 0.08518518518518518
4 0.22395833333333334 0.43287037037037035 0.10208333333333333 0.09722222222222222
7 0.16979166666666667 0.4310185185185185 0.019791666666666666 0.10277777777777777
6 0.2908854166666667 0.45046296296296295 0.043229166666666666 0.06574074074074074
7 0.27838541666666666 0.4425925925925926 0.0171875 0.0962962962962963
7 0.2604166666666667 0.45416666666666666 0.023958333333333335 0.1361111111111111
7 0.28151041666666665 0.4601851851851852 0.028645833333333332 0.12037037037037036
4 0.3484375 0.46574074074074073 0.08958333333333333 0.11666666666666667
4 0.425 0.48564814814814816 0.12291666666666666 0.14537037037037037
7 0.5505208333333333 0.42962962962962964 0.016666666666666666 0.02962962962962963
6 0.5963541666666666 0.4532407407407407 0.016666666666666666 0.023148148148148147
6 0.6247395833333333 0.45416666666666666 0.0203125 0.028703703703703703
6 0.6700520833333333 0.45925925925925926 0.024479166666666666 0.025925925925925925
6 0.7059895833333333 0.4699074074074074 0.0203125 0.028703703703703703
6 0.7609375 0.5106481481481482 0.059375 0.08611111111111111
4 0.5294270833333333 0.5208333333333334 0.1359375 0.16574074074074074
4 0.6848958333333334 0.5597222222222222 0.22395833333333334 0.19907407407407407
1 0.034895833333333334 0.4337962962962963 0.06979166666666667 0.13796296296296295
10 0.34036458333333336 0.8083333333333333 0.0265625 0.04814814814814815