7 0.4544270833333333 0.5467592592592593 0.0109375 0.03425925925925926
14 0.5091145833333334 0.5324074074074074 0.015104166666666667 0.016666666666666666
1 0.5401041666666667 0.5412037037037037 0.015625 0.03425925925925926
1 0.52265625 0.5328703703703703 0.018229166666666668 0.021296296296296296
1 0.6052083333333333 0.5337962962962963 0.023958333333333335 0.026851851851851852
1 0.5848958333333333 0.5592592592592592 0.06770833333333333 0.09444444444444444
1 0.7434895833333334 0.5726851851851852 0.06197916666666667 0.10833333333333334
6 0.5393229166666667 0.5796296296296296 0.0140625 0.040740740740740744
8 0.5291666666666667 0.5328703703703703 0.009375 0.021296296296296296
8 0.5354166666666667 0.5546296296296296 0.017708333333333333 0.05925925925925926
7 0.58828125 0.5671296296296297 0.018229166666666668 0.10092592592592593
6 0.5591145833333333 0.5986111111111111 0.028645833333333332 0.0787037037037037
8 0.5515625 0.5694444444444444 0.016666666666666666 0.09444444444444444
8 0.5578125 0.5703703703703704 0.028125 0.09259259259259259
1 0.4796875 0.5662037037037037 0.051041666666666666 0.09907407407407408
6 0.4588541666666667 0.6439814814814815 0.03333333333333333 0.11574074074074074
8 0.45989583333333334 0.6087962962962963 0.035416666666666666 0.12129629629629629
6 0.49609375 0.6365740740740741 0.021354166666666667 0.08981481481481482
8 0.4940104166666667 0.5856481481481481 0.022395833333333334 0.05277777777777778
6 0.5083333333333333 0.7666666666666667 0.07604166666666666 0.2462962962962963
8 0.49270833333333336 0.6805555555555556 0.05 0.28888888888888886
8 0.51875 0.6754629629629629 0.07291666666666667 0.2916666666666667
6 0.41119791666666666 0.5458333333333333 0.0234375 0.026851851851851852
7 0.3502604166666667 0.5583333333333333 0.011979166666666667 0.040740740740740744
7 0.4401041666666667 0.5972222222222222 0.01875 0.11296296296296296
7 0.4041666666666667 0.5611111111111111 0.017708333333333333 0.05185185185185185
7 0.3645833333333333 0.5851851851851851 0.01875 0.11481481481481481
7 0.4158854166666667 0.5740740740740741 0.0203125 0.06666666666666667
7 0.34427083333333336 0.5601851851851852 0.017708333333333333 0.07777777777777778
7 0.4278645833333333 0.6060185185185185 0.024479166666666666 0.1175925925925926
6 0.39088541666666665 0.5574074074074075 0.0203125 0.022222222222222223
6 0.38828125 0.5833333333333334 0.027604166666666666 0.03888888888888889
6 0.3927083333333333 0.6199074074074075 0.053125 0.10462962962962963
6 0.35546875 0.6337962962962963 0.0359375 0.11944444444444445
1 0.66953125 0.6606481481481481 0.1296875 0.2898148148148148
6 0.86953125 0.6305555555555555 0.08697916666666666 0.1111111111111111
6 0.28802083333333334 0.5930555555555556 0.03229166666666667 0.05092592592592592
6 0.2833333333333333 0.6166666666666667 0.027083333333333334 0.06481481481481481
6 0.22161458333333334 0.6805555555555556 0.10052083333333334 0.15185185185185185
6 0.18333333333333332 0.687962962962963 0.13333333333333333 0.17037037037037037
6 0.9111979166666667 0.6537037037037037 0.07552083333333333 0.10925925925925926
6 0.9393229166666667 0.586574074074074 0.0328125 0.06388888888888888
6 0.9184895833333333 0.6592592592592592 0.043229166666666666 0.10555555555555556
6 0.928125 0.6685185185185185 0.0375 0.10555555555555556
7 0.9643229166666667 0.7490740740740741 0.06822916666666666 0.4425925925925926