14 0.5908854166666667 0.5486111111111112 0.013020833333333334 0.017592592592592594
6 0.55546875 0.5527777777777778 0.005729166666666666 0.011111111111111112
8 0.5559895833333334 0.5462962962962963 0.0067708333333333336 0.014814814814814815
6 0.5484375 0.5523148148148148 0.007291666666666667 0.012037037037037037
8 0.5489583333333333 0.5425925925925926 0.00625 0.014814814814814815
6 0.4864583333333333 0.5527777777777778 0.010416666666666666 0.020370370370370372
8 0.4875 0.5412037037037037 0.009375 0.028703703703703703
6 0.47734375 0.5606481481481481 0.0140625 0.032407407407407406
8 0.47760416666666666 0.5449074074074074 0.014583333333333334 0.04351851851851852
13 0.6377604166666667 0.5486111111111112 0.018229166666666668 0.026851851851851852
4 0.6651041666666667 0.5555555555555556 0.008333333333333333 0.016666666666666666
6 0.6502604166666667 0.5736111111111111 0.016145833333333335 0.03425925925925926
8 0.6505208333333333 0.5638888888888889 0.016666666666666666 0.03888888888888889
13 0.7729166666666667 0.5319444444444444 0.23333333333333334 0.3416666666666667
6 0.38697916666666665 0.5675925925925925 0.016666666666666666 0.04259259259259259
8 0.38697916666666665 0.5476851851851852 0.017708333333333333 0.06388888888888888