7 0.021354166666666667 0.7662037037037037 0.042708333333333334 0.26944444444444443
7 0.0890625 0.7837962962962963 0.103125 0.4212962962962963
2 0.15546875 0.7106481481481481 0.0421875 0.14907407407407408
6 0.275 0.6694444444444444 0.03333333333333333 0.10185185185185185
6 0.23203125 0.7810185185185186 0.09322916666666667 0.24722222222222223
8 0.25104166666666666 0.6847222222222222 0.0625 0.17685185185185184
14 0.4265625 0.46805555555555556 0.23333333333333334 0.562037037037037
8 0.23333333333333334 0.6976851851851852 0.10104166666666667 0.2675925925925926
4 0.6328125 0.5648148148148148 0.028125 0.04259259259259259
7 0.5036458333333333 0.5597222222222222 0.04583333333333333 0.12685185185185185
7 0.5013020833333334 0.7101851851851851 0.03697916666666667 0.31296296296296294
7 0.5643229166666667 0.5731481481481482 0.022395833333333334 0.03333333333333333
7 0.5713541666666667 0.5962962962962963 0.022916666666666665 0.06111111111111111
7 0.5606770833333333 0.7527777777777778 0.04739583333333333 0.35555555555555557
7 0.5729166666666666 0.7361111111111112 0.046875 0.32037037037037036
7 0.5908854166666667 0.5666666666666667 0.021354166666666667 0.06296296296296296
7 0.5924479166666666 0.5944444444444444 0.019270833333333334 0.06851851851851852
7 0.58515625 0.6041666666666666 0.027604166666666666 0.05462962962962963
7 0.6161458333333333 0.7537037037037037 0.084375 0.40370370370370373
7 0.7270833333333333 0.55 0.014583333333333334 0.037037037037037035
7 0.7484375 0.6203703703703703 0.036458333333333336 0.1425925925925926
4 0.6994791666666667 0.6527777777777778 0.11354166666666667 0.21296296296296297
7 0.69765625 0.7263888888888889 0.044270833333333336 0.2953703703703704
13 0.8346354166666666 0.611574074074074 0.15677083333333333 0.2712962962962963
7 0.6833333333333333 0.7101851851851851 0.084375 0.40925925925925927
7 0.7802083333333333 0.6425925925925926 0.0375 0.2111111111111111
7 0.8088541666666667 0.6430555555555556 0.036458333333333336 0.24722222222222223
7 0.8252604166666667 0.6509259259259259 0.0453125 0.26851851851851855
13 0.9260416666666667 0.6532407407407408 0.146875 0.5101851851851852
7 0.365625 0.7523148148148148 0.07395833333333333 0.4935185185185185
7 0.43359375 0.7731481481481481 0.0984375 0.45185185185185184
7 0.5263020833333333 0.7611111111111111 0.07760416666666667 0.4722222222222222