3 0.0921875 0.4810185185185185 0.184375 0.25462962962962965
6 0.08880208333333334 0.5578703703703703 0.0828125 0.09537037037037037
8 0.10104166666666667 0.5296296296296297 0.046875 0.10185185185185185
8 0.07083333333333333 0.5324074074074074 0.03229166666666667 0.08333333333333333
1 0.16666666666666666 0.5023148148148148 0.01875 0.0824074074074074
13 0.25104166666666666 0.5185185185185185 0.28958333333333336 0.5055555555555555
1 0.40234375 0.45416666666666666 0.021354166666666667 0.041666666666666664
4 0.4348958333333333 0.4912037037037037 0.04375 0.09907407407407408
14 0.5127604166666667 0.4203703703703704 0.025520833333333333 0.025925925925925925
1 0.55390625 0.42962962962962964 0.028645833333333332 0.027777777777777776
4 0.5502604166666667 0.4513888888888889 0.04635416666666667 0.03611111111111111
4 0.48020833333333335 0.4703703703703704 0.10729166666666666 0.09444444444444444
8 0.5908854166666667 0.4449074074074074 0.027604166666666666 0.041666666666666664
8 0.61171875 0.45694444444444443 0.025520833333333333 0.03981481481481482
7 0.6705729166666666 0.45555555555555555 0.022395833333333334 0.11296296296296296
4 0.5411458333333333 0.6759259259259259 0.4166666666666667 0.6425925925925926
6 0.9744791666666667 0.8495370370370371 0.05 0.29907407407407405
6 0.69453125 0.5569444444444445 0.049479166666666664 0.1361111111111111
8 0.6921875 0.5314814814814814 0.03854166666666667 0.18888888888888888
8 0.7549479166666667 0.5824074074074074 0.09635416666666667 0.31851851851851853
4 0.05286458333333333 0.8296296296296296 0.10572916666666667 0.3351851851851852