3 0.53359375 0.5208333333333334 0.013020833333333334 0.028703703703703703
1 0.5440104166666667 0.5259259259259259 0.008854166666666666 0.016666666666666666
4 0.51171875 0.5333333333333333 0.0203125 0.03333333333333333
4 0.5182291666666666 0.5398148148148149 0.021875 0.03518518518518519
8 0.48072916666666665 0.5305555555555556 0.007291666666666667 0.022222222222222223
13 0.496875 0.5180555555555556 0.017708333333333333 0.028703703703703703
7 0.48723958333333334 0.5277777777777778 0.0067708333333333336 0.020370370370370372
7 0.49296875 0.5305555555555556 0.0046875 0.018518518518518517
6 0.5682291666666667 0.5402777777777777 0.007291666666666667 0.019444444444444445
8 0.56875 0.5333333333333333 0.008333333333333333 0.025925925925925925
6 0.5760416666666667 0.5402777777777777 0.007291666666666667 0.025
8 0.57578125 0.5347222222222222 0.0067708333333333336 0.023148148148148147
8 0.5846354166666666 0.5347222222222222 0.0067708333333333336 0.021296296296296296
6 0.5848958333333333 0.5393518518518519 0.005208333333333333 0.019444444444444445
7 0.609375 0.5444444444444444 0.009375 0.03888888888888889
7 0.6166666666666667 0.5481481481481482 0.009375 0.046296296296296294
8 0.6315104166666666 0.5458333333333333 0.009895833333333333 0.03611111111111111
7 0.6213541666666667 0.5509259259259259 0.013541666666666667 0.05740740740740741
6 0.6401041666666667 0.5671296296296297 0.017708333333333333 0.04537037037037037
8 0.6401041666666667 0.5546296296296296 0.013541666666666667 0.05555555555555555
6 0.6619791666666667 0.5680555555555555 0.016666666666666666 0.05092592592592592
8 0.6619791666666667 0.5583333333333333 0.015625 0.06111111111111111
1 0.6848958333333334 0.549074074074074 0.027083333333333334 0.05185185185185185
1 0.69375 0.5634259259259259 0.03958333333333333 0.07314814814814814
1 0.7239583333333334 0.5444444444444444 0.017708333333333333 0.040740740740740744
4 0.75 0.5527777777777778 0.04375 0.04814814814814815
6 0.7747395833333334 0.5416666666666666 0.0078125 0.022222222222222223
6 0.7859375 0.5407407407407407 0.0125 0.025925925925925925
6 0.8083333333333333 0.5458333333333333 0.009375 0.021296296296296296
7 0.7966145833333333 0.5398148148148149 0.0078125 0.03333333333333333
7 0.834375 0.5791666666666667 0.01875 0.07314814814814814
7 0.8244791666666667 0.5787037037037037 0.013541666666666667 0.07407407407407407
1 0.8606770833333334 0.5782407407407407 0.0421875 0.10648148148148148
1 0.8966145833333333 0.6032407407407407 0.0953125 0.1398148148148148
7 0.9736979166666667 0.5824074074074074 0.018229166666666668 0.08333333333333333
6 0.7145833333333333 0.6592592592592592 0.059375 0.15
8 0.7127604166666667 0.6171296296296296 0.049479166666666664 0.1527777777777778
6 0.59375 0.6194444444444445 0.036458333333333336 0.11666666666666667
8 0.5973958333333333 0.5861111111111111 0.03333333333333333 0.12222222222222222
7 0.5002604166666667 0.5504629629629629 0.011979166666666667 0.03796296296296296
8 0.5153645833333333 0.5773148148148148 0.0265625 0.08611111111111111
6 0.5169270833333334 0.600925925925926 0.025520833333333333 0.08703703703703704
6 0.5427083333333333 0.6305555555555555 0.042708333333333334 0.11851851851851852
8 0.5424479166666667 0.6023148148148149 0.03802083333333333 0.1361111111111111
4 0.45598958333333334 0.5314814814814814 0.015104166666666667 0.027777777777777776
8 0.4713541666666667 0.5342592592592592 0.008333333333333333 0.03148148148148148
6 0.47213541666666664 0.5439814814814815 0.0078125 0.023148148148148147
6 0.48828125 0.6208333333333333 0.0296875 0.11203703703703703
8 0.48984375 0.5953703703703703 0.03697916666666667 0.1259259259259259
4 0.4171875 0.5342592592592592 0.029166666666666667 0.046296296296296294
7 0.42421875 0.5523148148148148 0.0109375 0.05277777777777778
6 0.30807291666666664 0.5587962962962963 0.016145833333333335 0.03611111111111111
4 0.3567708333333333 0.6180555555555556 0.13020833333333334 0.14907407407407408