9 0.9736979166666667 0.26342592592592595 0.0067708333333333336 0.04351851851851852
9 0.8104166666666667 0.2935185185185185 0.008333333333333333 0.037037037037037035
4 0.9911458333333333 0.3425925925925926 0.016666666666666666 0.025925925925925925
8 0.97890625 0.3592592592592593 0.013020833333333334 0.03333333333333333
8 0.934375 0.34675925925925927 0.015625 0.028703703703703703
8 0.9278645833333333 0.3458333333333333 0.0078125 0.013888888888888888
8 0.9174479166666667 0.3537037037037037 0.0109375 0.03518518518518519
4 0.8986979166666667 0.36712962962962964 0.0328125 0.05462962962962963
8 0.9192708333333334 0.3907407407407407 0.04791666666666667 0.08518518518518518
8 0.9169270833333333 0.4305555555555556 0.05364583333333333 0.13333333333333333
8 0.9580729166666667 0.39537037037037037 0.033854166666666664 0.0962962962962963
4 0.8143229166666667 0.362962962962963 0.013020833333333334 0.044444444444444446
1 0.78046875 0.34120370370370373 0.028645833333333332 0.028703703703703703
4 0.7791666666666667 0.3611111111111111 0.03958333333333333 0.05740740740740741
1 0.8497395833333333 0.4203703703703704 0.07760416666666667 0.17407407407407408
8 0.8580729166666666 0.4810185185185185 0.09010416666666667 0.27314814814814814
6 0.87421875 0.5407407407407407 0.0703125 0.20925925925925926
6 0.9200520833333333 0.5050925925925925 0.04739583333333333 0.19537037037037036
6 0.9671875 0.5689814814814815 0.06458333333333334 0.27870370370370373
6 0.48125 0.8060185185185185 0.334375 0.3861111111111111
8 0.46822916666666664 0.7240740740740741 0.303125 0.55
8 0.234375 0.7777777777777778 0.16354166666666667 0.4425925925925926
6 0.9513020833333333 0.37407407407407406 0.009895833333333333 0.014814814814814815