9 0.5963541666666666 0.2388888888888889 0.020833333333333332 0.09259259259259259
4 0.9190104166666667 0.5884259259259259 0.1578125 0.2638888888888889
4 0.29583333333333334 0.4356481481481482 0.030208333333333334 0.05462962962962963
1 0.015885416666666666 0.42407407407407405 0.03177083333333333 0.0962962962962963
10 0.01796875 0.2064814814814815 0.0359375 0.07222222222222222
9 0.0703125 0.1625 0.07083333333333333 0.03981481481481482
1 0.16328125 0.6888888888888889 0.25364583333333335 0.6148148148148148
4 0.0375 0.41064814814814815 0.014583333333333334 0.049074074074074076
1 0.19609375 0.38981481481481484 0.1203125 0.03888888888888889
1 0.38515625 0.4060185185185185 0.1578125 0.032407407407407406
1 0.7049479166666667 0.46805555555555556 0.3140625 0.1175925925925926
6 0.020833333333333332 0.7986111111111112 0.040625 0.3972222222222222
8 0.014583333333333334 0.8379629629629629 0.029166666666666667 0.32037037037037036
1 0.596875 0.6981481481481482 0.66875 0.6
10 0.4875 0.26157407407407407 0.057291666666666664 0.07685185185185185
8 0.02734375 0.5115740740740741 0.0265625 0.12129629629629629