3 0.5635416666666667 0.3976851851851852 0.12604166666666666 0.1527777777777778
1 0.5669270833333333 0.41944444444444445 0.0984375 0.10740740740740741
3 0.47239583333333335 0.4148148148148148 0.058333333333333334 0.09814814814814815
8 0.6265625 0.44675925925925924 0.007291666666666667 0.017592592592592594
7 0.6348958333333333 0.44537037037037036 0.007291666666666667 0.014814814814814815
3 0.8200520833333333 0.4981481481481482 0.3546875 0.9962962962962963
8 0.5916666666666667 0.4537037037037037 0.017708333333333333 0.012962962962962963
1 0.6440104166666667 0.7277777777777777 0.41302083333333334 0.5388888888888889
1 0.42578125 0.6643518518518519 0.18802083333333333 0.4324074074074074
3 0.2234375 0.3875 0.446875 0.7675925925925926
1 0.17239583333333333 0.7398148148148148 0.34479166666666666 0.5185185185185185