4 0.7703125 0.5828703703703704 0.096875 0.062037037037037036
1 0.9630208333333333 0.586574074074074 0.07291666666666667 0.10462962962962963
9 0.8513020833333333 0.4361111111111111 0.0234375 0.044444444444444446
9 0.9236979166666667 0.4041666666666667 0.0203125 0.07314814814814814
4 0.040625 0.6606481481481481 0.08020833333333334 0.16203703703703703
14 0.014583333333333334 0.5680555555555555 0.029166666666666667 0.03981481481481482
14 0.034895833333333334 0.575 0.026041666666666668 0.03148148148148148
14 0.06536458333333334 0.6055555555555555 0.0234375 0.040740740740740744
4 0.11119791666666666 0.6125 0.034895833333333334 0.06574074074074074
4 0.13463541666666667 0.6162037037037037 0.05260416666666667 0.0712962962962963
6 0.04453125 0.7134259259259259 0.0515625 0.15833333333333333
8 0.03802083333333333 0.6675925925925926 0.06041666666666667 0.19444444444444445
6 0.08411458333333334 0.8074074074074075 0.09010416666666667 0.28703703703703703
8 0.08463541666666667 0.7296296296296296 0.0921875 0.3055555555555556
9 0.203125 0.20092592592592592 0.051041666666666666 0.1925925925925926
9 0.18098958333333334 0.4828703703703704 0.04739583333333333 0.07314814814814814