2 0.13333333333333333 0.737037037037037 0.051041666666666666 0.2
7 0.08723958333333333 0.8740740740740741 0.08802083333333334 0.25
7 0.3065104166666667 0.7064814814814815 0.06197916666666667 0.3148148148148148
7 0.21927083333333333 0.7171296296296297 0.17708333333333334 0.5638888888888889
13 0.4703125 0.4625 0.3177083333333333 0.6657407407407407
6 0.696875 0.5689814814814815 0.021875 0.03425925925925926
8 0.6994791666666667 0.5518518518518518 0.014583333333333334 0.03333333333333333
8 0.6997395833333333 0.5555555555555556 0.011979166666666667 0.018518518518518517
7 0.6713541666666667 0.5666666666666667 0.022916666666666665 0.06666666666666667
7 0.6466145833333333 0.5333333333333333 0.0421875 0.10925925925925926
7 0.6549479166666666 0.5861111111111111 0.0359375 0.09074074074074075
7 0.6307291666666667 0.7694444444444445 0.07604166666666666 0.43703703703703706
8 0.715625 0.5407407407407407 0.008333333333333333 0.014814814814814815
8 0.7091145833333333 0.5458333333333333 0.013020833333333334 0.025
4 0.7614583333333333 0.5944444444444444 0.115625 0.12222222222222222
7 0.7375 0.6064814814814815 0.03854166666666667 0.1111111111111111
7 0.7216145833333333 0.6449074074074074 0.0359375 0.12685185185185185
7 0.6794270833333333 0.6106481481481482 0.028645833333333332 0.06388888888888888
7 0.6846354166666667 0.7898148148148149 0.07864583333333333 0.4185185185185185
7 0.53515625 0.7208333333333333 0.0921875 0.5564814814814815
7 0.49505208333333334 0.8490740740740741 0.0796875 0.3
7 0.5447916666666667 0.9050925925925926 0.05416666666666667 0.18796296296296297
7 0.6 0.8291666666666667 0.103125 0.3398148148148148
7 0.42682291666666666 0.799537037037037 0.1671875 0.3990740740740741
7 0.76484375 0.5333333333333333 0.0067708333333333336 0.012962962962962963
7 0.7736979166666667 0.5310185185185186 0.0067708333333333336 0.012037037037037037
7 0.8158854166666667 0.5592592592592592 0.013020833333333334 0.044444444444444446
7 0.80859375 0.5555555555555556 0.015104166666666667 0.05925925925925926
7 0.8026041666666667 0.5634259259259259 0.019791666666666666 0.0787037037037037
7 0.8244791666666667 0.5467592592592593 0.016666666666666666 0.04537037037037037
8 0.83359375 0.5666666666666667 0.03697916666666667 0.1111111111111111
6 0.8755208333333333 0.7472222222222222 0.08020833333333334 0.22407407407407406
8 0.8645833333333334 0.6171296296296296 0.09166666666666666 0.18981481481481483
4 0.921875 0.5449074074074074 0.09791666666666667 0.10648148148148148
7 0.8833333333333333 0.5444444444444444 0.019791666666666666 0.06481481481481481
7 0.8919270833333334 0.538425925925926 0.016145833333333335 0.041666666666666664
6 0.91484375 0.7018518518518518 0.034895833333333334 0.13703703703703704
8 0.8979166666666667 0.5634259259259259 0.036458333333333336 0.11944444444444445
8 0.91171875 0.6148148148148148 0.043229166666666666 0.17777777777777778
6 0.9494791666666667 0.8189814814814815 0.1 0.36018518518518516
8 0.92734375 0.7231481481481481 0.05364583333333333 0.3574074074074074
8 0.9625 0.762962962962963 0.07395833333333333 0.4722222222222222
7 0.7763020833333333 0.7685185185185185 0.16614583333333333 0.46111111111111114
7 0.8822916666666667 0.9013888888888889 0.09791666666666667 0.19537037037037036
13 0.9513020833333333 0.5314814814814814 0.0828125 0.13703703703703704