4 0.5481770833333334 0.5157407407407407 0.0036458333333333334 0.007407407407407408
3 0.5533854166666666 0.5162037037037037 0.0078125 0.013888888888888888
14 0.5583333333333333 0.5152777777777777 0.003125 0.012037037037037037
13 0.5705729166666667 0.5171296296296296 0.013020833333333334 0.023148148148148147
14 0.5911458333333334 0.5310185185185186 0.021875 0.023148148148148147
4 0.63828125 0.562962962962963 0.0703125 0.11481481481481481
2 0.9565104166666667 0.8101851851851852 0.08385416666666666 0.26481481481481484
8 0.9309895833333334 0.6930555555555555 0.05572916666666667 0.2361111111111111
8 0.96484375 0.6754629629629629 0.06927083333333334 0.275
7 0.5411458333333333 0.5152777777777777 0.0020833333333333333 0.006481481481481481
1 0.5393229166666667 0.525 0.0078125 0.016666666666666666
7 0.5315104166666667 0.5199074074074074 0.0026041666666666665 0.008333333333333333
7 0.5315104166666667 0.5328703703703703 0.008854166666666666 0.025
6 0.5489583333333333 0.5736111111111111 0.023958333333333335 0.06574074074074074
8 0.55078125 0.5449074074074074 0.016145833333333335 0.05277777777777778
7 0.5208333333333334 0.5194444444444445 0.0020833333333333333 0.009259259259259259
7 0.5151041666666667 0.5203703703703704 0.0020833333333333333 0.007407407407407408