14 0.50546875 0.5625 0.0078125 0.010185185185185186
14 0.5190104166666667 0.5638888888888889 0.0078125 0.007407407407407408
14 0.5247395833333334 0.5615740740740741 0.005729166666666666 0.012037037037037037
6 0.5208333333333334 0.5694444444444444 0.0020833333333333333 0.007407407407407408
8 0.5205729166666667 0.562962962962963 0.0026041666666666665 0.009259259259259259
14 0.49973958333333335 0.5699074074074074 0.005729166666666666 0.012037037037037037
4 0.48411458333333335 0.5879629629629629 0.0453125 0.06296296296296296
14 0.5276041666666667 0.5638888888888889 0.00625 0.016666666666666666
4 0.5458333333333333 0.6037037037037037 0.059375 0.08703703703703704
13 0.5794270833333334 0.562037037037037 0.016145833333333335 0.03518518518518519
4 0.5953125 0.5745370370370371 0.010416666666666666 0.019444444444444445
13 0.6091145833333333 0.5768518518518518 0.019270833333333334 0.037037037037037035
6 0.671875 0.587037037037037 0.007291666666666667 0.014814814814814815
14 0.6205729166666667 0.5652777777777778 0.0067708333333333336 0.006481481481481481
8 0.6708333333333333 0.5768518518518518 0.003125 0.014814814814814815
4 0.6229166666666667 0.5773148148148148 0.007291666666666667 0.025
4 0.6440104166666667 0.5787037037037037 0.0359375 0.06481481481481481
8 0.6739583333333333 0.5768518518518518 0.005208333333333333 0.016666666666666666
6 0.6671875 0.586574074074074 0.008333333333333333 0.021296296296296296
8 0.6661458333333333 0.5824074074074074 0.005208333333333333 0.02962962962962963
6 0.6841145833333333 0.5898148148148148 0.0067708333333333336 0.022222222222222223
8 0.6846354166666667 0.5777777777777777 0.008854166666666666 0.024074074074074074
6 0.67890625 0.5893518518518519 0.009895833333333333 0.021296296296296296
8 0.6791666666666667 0.5833333333333334 0.009375 0.03333333333333333
14 0.7182291666666667 0.5847222222222223 0.005208333333333333 0.03611111111111111
1 0.70546875 0.5842592592592593 0.024479166666666666 0.04259259259259259
13 0.7322916666666667 0.5777777777777777 0.023958333333333335 0.040740740740740744
8 0.8122395833333333 0.5986111111111111 0.0140625 0.05092592592592592
6 0.7255208333333333 0.5962962962962963 0.011458333333333333 0.025925925925925925
8 0.7203125 0.5842592592592593 0.00625 0.037037037037037035
6 0.8143229166666667 0.6097222222222223 0.016145833333333335 0.03611111111111111
8 0.7252604166666666 0.586574074074074 0.008854166666666666 0.03611111111111111
13 0.7721354166666666 0.5990740740740741 0.07239583333333334 0.09814814814814815
14 0.809375 0.6074074074074074 0.00625 0.03518518518518519
14 0.8697916666666666 0.6 0.0125 0.027777777777777776
6 0.8546875 0.6157407407407407 0.022916666666666665 0.03888888888888889
8 0.8557291666666667 0.600925925925926 0.017708333333333333 0.05185185185185185
14 0.9072916666666667 0.5703703703703704 0.029166666666666667 0.016666666666666666
14 0.9453125 0.5703703703703704 0.04583333333333333 0.016666666666666666
8 0.8708333333333333 0.6018518518518519 0.011458333333333333 0.03518518518518519
4 0.92578125 0.6814814814814815 0.14427083333333332 0.21666666666666667
8 0.9947916666666666 0.5879629629629629 0.004166666666666667 0.009259259259259259
8 0.24661458333333333 0.43842592592592594 0.009895833333333333 0.013888888888888888