13 0.5473958333333333 0.5087962962962963 0.00625 0.012037037037037037
4 0.57890625 0.513425925925926 0.005729166666666666 0.008333333333333333
4 0.5567708333333333 0.5106481481481482 0.007291666666666667 0.012037037037037037
4 0.5450520833333333 0.5194444444444445 0.008854166666666666 0.014814814814814815
6 0.53515625 0.5180555555555556 0.0036458333333333334 0.008333333333333333
8 0.5348958333333333 0.5138888888888888 0.005208333333333333 0.012962962962962963
6 0.5765625 0.5175925925925926 0.004166666666666667 0.007407407407407408
8 0.5755208333333334 0.5152777777777777 0.0020833333333333333 0.008333333333333333
6 0.58125 0.5263888888888889 0.005208333333333333 0.010185185185185186
8 0.5809895833333333 0.5231481481481481 0.005729166666666666 0.012962962962962963
6 0.5911458333333334 0.525 0.004166666666666667 0.011111111111111112
8 0.5903645833333333 0.5199074074074074 0.0036458333333333334 0.008333333333333333
6 0.5200520833333333 0.5319444444444444 0.0046875 0.010185185185185186
8 0.5197916666666667 0.525 0.00625 0.011111111111111112
6 0.49895833333333334 0.5351851851851852 0.007291666666666667 0.014814814814814815
8 0.49921875 0.5310185185185186 0.0078125 0.019444444444444445
6 0.4861979166666667 0.5407407407407407 0.0078125 0.024074074074074074
6 0.5078125 0.5412037037037037 0.008333333333333333 0.023148148148148147
8 0.4861979166666667 0.5342592592592592 0.008854166666666666 0.027777777777777776
8 0.5067708333333333 0.5347222222222222 0.009375 0.028703703703703703
6 0.621875 0.5462962962962963 0.008333333333333333 0.018518518518518517
6 0.6153645833333333 0.5481481481481482 0.005729166666666666 0.016666666666666666
8 0.6221354166666667 0.538425925925926 0.005729166666666666 0.019444444444444445
8 0.6153645833333333 0.537962962962963 0.008854166666666666 0.022222222222222223
6 0.65703125 0.562962962962963 0.013020833333333334 0.03148148148148148
8 0.65546875 0.5518518518518518 0.013020833333333334 0.04259259259259259
4 0.7111979166666667 0.5847222222222223 0.06822916666666666 0.08425925925925926
13 0.8799479166666667 0.5009259259259259 0.23489583333333333 0.6685185185185185
13 0.14114583333333333 0.6328703703703704 0.28125 0.725
8 0.0390625 0.3560185185185185 0.078125 0.2638888888888889
8 0.11796875 0.44166666666666665 0.11822916666666666 0.07037037037037037