6 0.328125 0.6643518518518519 0.052083333333333336 0.18425925925925926
1 0.4088541666666667 0.5537037037037037 0.022916666666666665 0.05555555555555555
4 0.46875 0.5574074074074075 0.028125 0.06111111111111111
1 0.5059895833333333 0.5462962962962963 0.034895833333333334 0.05
6 0.5263020833333333 0.5560185185185185 0.013020833333333334 0.023148148148148147
8 0.5364583333333334 0.5425925925925926 0.011458333333333333 0.024074074074074074
1 0.55234375 0.5625 0.04635416666666667 0.08611111111111111
6 0.5348958333333333 0.5708333333333333 0.0125 0.04722222222222222
1 0.5809895833333333 0.5606481481481481 0.0171875 0.0712962962962963
6 0.58828125 0.5916666666666667 0.024479166666666666 0.06666666666666667
1 0.60390625 0.562962962962963 0.04635416666666667 0.07222222222222222
8 0.5893229166666667 0.5726851851851852 0.0265625 0.0787037037037037
4 0.7268229166666667 0.5967592592592592 0.059895833333333336 0.11018518518518519
1 0.6541666666666667 0.600462962962963 0.10416666666666667 0.19907407407407407
7 0.5572916666666666 0.5745370370370371 0.020833333333333332 0.09722222222222222
1 0.44192708333333336 0.5578703703703703 0.0328125 0.06944444444444445
6 0.42239583333333336 0.5564814814814815 0.011458333333333333 0.027777777777777776
8 0.4236979166666667 0.5439814814814815 0.0078125 0.03796296296296296
6 0.46927083333333336 0.5736111111111111 0.021875 0.05277777777777778
8 0.46484375 0.562962962962963 0.0140625 0.05925925925925926
8 0.4700520833333333 0.5555555555555556 0.0203125 0.05925925925925926
6 0.48776041666666664 0.5740740740740741 0.016145833333333335 0.037037037037037035
8 0.4856770833333333 0.5569444444444445 0.0109375 0.05277777777777778
8 0.49244791666666665 0.5597222222222222 0.018229166666666668 0.0712962962962963
7 0.41510416666666666 0.549537037037037 0.0125 0.04722222222222222
7 0.41015625 0.6277777777777778 0.0265625 0.15555555555555556
7 0.15182291666666667 0.788425925925926 0.07760416666666667 0.41759259259259257
6 0.7947916666666667 0.874537037037037 0.11979166666666667 0.2490740740740741
8 0.8591145833333333 0.7699074074074074 0.21614583333333334 0.4583333333333333