13 0.5109375 0.5152777777777777 0.007291666666666667 0.01574074074074074
4 0.5213541666666667 0.5171296296296296 0.004166666666666667 0.010185185185185186
6 0.5182291666666666 0.5398148148148149 0.005208333333333333 0.018518518518518517
8 0.51796875 0.5342592592592592 0.0078125 0.024074074074074074
6 0.52421875 0.5273148148148148 0.0036458333333333334 0.013888888888888888
6 0.5479166666666667 0.5671296296296297 0.020833333333333332 0.05462962962962963
8 0.5481770833333334 0.5541666666666667 0.018229166666666668 0.062037037037037036
6 0.53984375 0.5273148148148148 0.0046875 0.013888888888888888
8 0.5408854166666667 0.5231481481481481 0.0036458333333333334 0.016666666666666666
3 0.49375 0.5097222222222222 0.015625 0.019444444444444445
4 0.4942708333333333 0.5208333333333334 0.011458333333333333 0.019444444444444445
7 0.49557291666666664 0.5259259259259259 0.0046875 0.018518518518518517
4 0.4875 0.5263888888888889 0.010416666666666666 0.017592592592592594
1 0.4817708333333333 0.537962962962963 0.007291666666666667 0.03518518518518519
13 0.4703125 0.537962962962963 0.01875 0.040740740740740744
4 0.42213541666666665 0.5421296296296296 0.0109375 0.019444444444444445
6 0.42161458333333335 0.5708333333333333 0.008854166666666666 0.032407407407407406
13 0.3263020833333333 0.5236111111111111 0.1890625 0.32685185185185184
8 0.54921875 0.5148148148148148 0.0026041666666666665 0.003703703703703704
6 0.5497395833333333 0.5185185185185185 0.0036458333333333334 0.005555555555555556
6 0.60625 0.5328703703703703 0.00625 0.012037037037037037
8 0.6057291666666667 0.5259259259259259 0.00625 0.016666666666666666
3 0.64453125 0.5194444444444445 0.015104166666666667 0.027777777777777776
14 0.6588541666666666 0.5231481481481481 0.011458333333333333 0.020370370370370372
14 0.6684895833333333 0.5231481481481481 0.008854166666666666 0.024074074074074074
6 0.6934895833333333 0.549074074074074 0.016145833333333335 0.024074074074074074
6 0.6479166666666667 0.5472222222222223 0.007291666666666667 0.022222222222222223
8 0.646875 0.5407407407407407 0.007291666666666667 0.02962962962962963
6 0.6729166666666667 0.5486111111111112 0.009375 0.019444444444444445
8 0.6703125 0.5402777777777777 0.00625 0.028703703703703703
6 0.6869791666666667 0.5652777777777778 0.013541666666666667 0.04537037037037037
8 0.6846354166666667 0.5546296296296296 0.0109375 0.04814814814814815
4 0.7299479166666667 0.5449074074074074 0.033854166666666664 0.04351851851851852
4 0.7677083333333333 0.5504629629629629 0.01875 0.032407407407407406
1 0.7872395833333333 0.5523148148148148 0.022395833333333334 0.05648148148148148
14 0.80703125 0.5486111111111112 0.03177083333333333 0.06944444444444445
4 0.84609375 0.5518518518518518 0.050520833333333334 0.053703703703703705
6 0.8953125 0.6046296296296296 0.026041666666666668 0.09444444444444444
6 0.9247395833333333 0.6194444444444445 0.04635416666666667 0.09814814814814815
8 0.8921875 0.5657407407407408 0.021875 0.07777777777777778
8 0.9078125 0.5962962962962963 0.03958333333333333 0.1388888888888889
8 0.9260416666666667 0.5967592592592592 0.029166666666666667 0.12685185185185185
6 0.6997395833333333 0.5310185185185186 0.0140625 0.017592592592592594
6 0.16848958333333333 0.575462962962963 0.009895833333333333 0.03425925925925926