6 0.0171875 0.5824074074074074 0.034375 0.12037037037037036
7 0.37083333333333335 0.549074074074074 0.0125 0.040740740740740744
6 0.39609375 0.5736111111111111 0.0171875 0.049074074074074076
8 0.39427083333333335 0.5662037037037037 0.01875 0.06759259259259259
7 0.40729166666666666 0.5657407407407408 0.015625 0.07407407407407407
7 0.4192708333333333 0.5625 0.014583333333333334 0.0712962962962963
1 0.22604166666666667 0.65 0.22916666666666666 0.37222222222222223
6 0.1109375 0.8407407407407408 0.221875 0.3148148148148148
8 0.121875 0.7597222222222222 0.1375 0.4101851851851852
6 0.36328125 0.7759259259259259 0.11614583333333334 0.3111111111111111
8 0.36692708333333335 0.6976851851851852 0.07864583333333333 0.27685185185185185
7 0.43255208333333334 0.5689814814814815 0.0078125 0.04722222222222222
7 0.440625 0.5504629629629629 0.00625 0.032407407407407406
6 0.44947916666666665 0.5509259259259259 0.007291666666666667 0.020370370370370372
8 0.44921875 0.5453703703703704 0.0078125 0.027777777777777776
6 0.4578125 0.5523148148148148 0.00625 0.01574074074074074
8 0.4591145833333333 0.5467592592592593 0.0067708333333333336 0.021296296296296296
8 0.4627604166666667 0.5523148148148148 0.0078125 0.019444444444444445
8 0.46875 0.549537037037037 0.007291666666666667 0.017592592592592594
3 0.5151041666666667 0.5231481481481481 0.035416666666666666 0.037037037037037035
8 0.5088541666666667 0.5212962962962963 0.011458333333333333 0.022222222222222223
8 0.5216145833333333 0.5083333333333333 0.015104166666666667 0.04259259259259259
8 0.5088541666666667 0.525 0.010416666666666666 0.016666666666666666
8 0.5223958333333333 0.5152777777777777 0.013541666666666667 0.05277777777777778
14 0.53203125 0.5361111111111111 0.027604166666666666 0.020370370370370372
3 0.56796875 0.5361111111111111 0.0640625 0.10555555555555556
4 0.5502604166666667 0.586574074074074 0.033854166666666664 0.08796296296296297
4 0.578125 0.575 0.017708333333333333 0.06296296296296296
7 0.6088541666666667 0.5375 0.00625 0.012037037037037037
4 0.5984375 0.586574074074074 0.05416666666666667 0.08981481481481482
3 0.615625 0.5342592592592592 0.028125 0.022222222222222223
4 0.61015625 0.5398148148148149 0.0171875 0.014814814814814815
14 0.6333333333333333 0.5398148148148149 0.0125 0.009259259259259259
3 0.6434895833333333 0.5310185185185186 0.025520833333333333 0.019444444444444445
3 0.6651041666666667 0.5333333333333333 0.021875 0.024074074074074074
14 0.6567708333333333 0.5402777777777777 0.014583333333333334 0.017592592592592594
4 0.6682291666666667 0.5625 0.036458333333333336 0.05092592592592592
13 0.6838541666666667 0.5467592592592593 0.04479166666666667 0.05648148148148148
3 0.7114583333333333 0.5282407407407408 0.027083333333333334 0.030555555555555555
8 0.71640625 0.549537037037037 0.021354166666666667 0.05277777777777778
4 0.7364583333333333 0.5546296296296296 0.057291666666666664 0.05185185185185185
3 0.7817708333333333 0.5351851851851852 0.11875 0.10925925925925926
1 0.9463541666666667 0.5467592592592593 0.04375 0.026851851851851852
1 0.9265625 0.5745370370370371 0.06145833333333333 0.0787037037037037
4 0.8635416666666667 0.5930555555555556 0.14791666666666667 0.1712962962962963
4 0.96484375 0.637962962962963 0.06927083333333334 0.18518518518518517
4 0.6434895833333333 0.6101851851851852 0.09322916666666667 0.13148148148148148
4 0.7640625 0.6814814814814815 0.19791666666666666 0.24444444444444444
4 0.50859375 0.5740740740740741 0.08072916666666667 0.09074074074074075
4 0.48723958333333334 0.6652777777777777 0.14010416666666667 0.22314814814814815
4 0.9395833333333333 0.8824074074074074 0.11979166666666667 0.23333333333333334