7 0.7619791666666667 0.39351851851851855 0.023958333333333335 0.11851851851851852
14 0.9361979166666666 0.4013888888888889 0.08072916666666667 0.05462962962962963
14 0.9802083333333333 0.4097222222222222 0.01875 0.03425925925925926
7 0.9166666666666666 0.3939814814814815 0.013541666666666667 0.03981481481481482
7 0.8895833333333333 0.3712962962962963 0.008333333333333333 0.024074074074074074
14 0.9921875 0.41203703703703703 0.013541666666666667 0.03333333333333333
9 0.8208333333333333 0.20185185185185187 0.021875 0.09814814814814815
10 0.84609375 0.25092592592592594 0.0171875 0.08333333333333333
9 0.82421875 0.3060185185185185 0.0140625 0.04722222222222222
4 0.8932291666666666 0.5912037037037037 0.21145833333333333 0.3453703703703704
4 0.83203125 0.40555555555555556 0.13177083333333334 0.1388888888888889
7 0.5440104166666667 0.37916666666666665 0.024479166666666666 0.1287037037037037
7 0.5341145833333333 0.44351851851851853 0.050520833333333334 0.18888888888888888
7 0.121875 0.42824074074074076 0.07291666666666667 0.325
6 0.29713541666666665 0.6754629629629629 0.30885416666666665 0.43796296296296294