13 0.5036458333333333 0.5162037037037037 0.019791666666666666 0.026851851851851852
4 0.51328125 0.5560185185185185 0.04010416666666667 0.08055555555555556
4 0.4908854166666667 0.5296296296296297 0.0078125 0.009259259259259259
4 0.48723958333333334 0.5296296296296297 0.005729166666666666 0.009259259259259259
4 0.4981770833333333 0.5856481481481481 0.06927083333333334 0.10462962962962963
6 0.4822916666666667 0.5305555555555556 0.0020833333333333333 0.005555555555555556
8 0.4822916666666667 0.5263888888888889 0.003125 0.006481481481481481
13 0.4625 0.5166666666666667 0.034375 0.08148148148148149
1 0.45598958333333334 0.5449074074074074 0.024479166666666666 0.05277777777777778
6 0.43854166666666666 0.5527777777777778 0.009375 0.025925925925925925
8 0.43802083333333336 0.5430555555555555 0.010416666666666666 0.03611111111111111
6 0.428125 0.5523148148148148 0.009375 0.025
8 0.43046875 0.537962962962963 0.0036458333333333334 0.009259259259259259
8 0.4270833333333333 0.5425925925925926 0.009375 0.03148148148148148
1 0.3927083333333333 0.575925925925926 0.05 0.10740740740740741
6 0.32317708333333334 0.5949074074074074 0.0265625 0.075
8 0.32317708333333334 0.5745370370370371 0.025520833333333333 0.07685185185185185
6 0.29635416666666664 0.6652777777777777 0.057291666666666664 0.14166666666666666
8 0.2986979166666667 0.6148148148148148 0.04635416666666667 0.15555555555555556
10 0.1265625 0.48842592592592593 0.028125 0.05462962962962963