14 0.8575520833333333 0.30787037037037035 0.0234375 0.04351851851851852
13 0.9734375 0.3351851851851852 0.05 0.13148148148148148
13 0.91015625 0.3402777777777778 0.0984375 0.21203703703703702
4 0.9130208333333333 0.41898148148148145 0.065625 0.1527777777777778
1 0.86875 0.44583333333333336 0.05 0.23425925925925925
6 0.35390625 0.48564814814814816 0.10364583333333334 0.1638888888888889
8 0.35651041666666666 0.4300925925925926 0.07447916666666667 0.21203703703703702
3 0.4236979166666667 0.31851851851851853 0.06822916666666666 0.39814814814814814
6 0.07161458333333333 0.6592592592592592 0.14322916666666666 0.35
8 0.036458333333333336 0.6666666666666666 0.071875 0.27037037037037037
8 0.020572916666666666 0.7708333333333334 0.04114583333333333 0.11574074074074074
4 0.965625 0.5796296296296296 0.06770833333333333 0.3907407407407407
13 0.6635416666666667 0.41898148148148145 0.43125 0.8379629629629629
6 0.6109375 0.7967592592592593 0.3333333333333333 0.4009259259259259
8 0.671875 0.6953703703703704 0.15208333333333332 0.6074074074074074
8 0.5447916666666667 0.6666666666666666 0.30520833333333336 0.6648148148148149
1 0.98984375 0.3675925925925926 0.019270833333333334 0.06851851851851852