4 0.18880208333333334 0.5402777777777777 0.1734375 0.24166666666666667
6 0.10494791666666667 0.45787037037037037 0.018229166666666668 0.09166666666666666
6 0.25390625 0.6393518518518518 0.08385416666666666 0.22685185185185186
7 0.6640625 0.5231481481481481 0.04791666666666667 0.10555555555555556
13 0.8614583333333333 0.5976851851851852 0.2760416666666667 0.8027777777777778
7 0.740625 0.6032407407407407 0.042708333333333334 0.3712962962962963
7 0.8994791666666667 0.7648148148148148 0.10104166666666667 0.4666666666666667
6 0.240625 0.42685185185185187 0.025 0.02962962962962963
6 0.27239583333333334 0.4671296296296296 0.03125 0.062037037037037036
8 0.27369791666666665 0.5842592592592593 0.0453125 0.25
1 0.5208333333333334 0.7166666666666667 0.49895833333333334 0.5611111111111111
4 0.05286458333333333 0.4351851851851852 0.10572916666666667 0.5
8 0.7546875 0.33055555555555555 0.019791666666666666 0.08333333333333333