6 0.56171875 0.5398148148148149 0.0046875 0.011111111111111112
8 0.56171875 0.5361111111111111 0.0046875 0.014814814814814815
6 0.90390625 0.611574074074074 0.043229166666666666 0.08611111111111111
8 0.9020833333333333 0.587037037037037 0.027083333333333334 0.0962962962962963
8 0.38697916666666665 0.55 0.010416666666666666 0.014814814814814815
6 0.50625 0.5453703703703704 0.005208333333333333 0.012962962962962963
6 0.49973958333333335 0.5518518518518518 0.0067708333333333336 0.014814814814814815
6 0.4864583333333333 0.5509259259259259 0.00625 0.014814814814814815
6 0.4783854166666667 0.5541666666666667 0.0036458333333333334 0.01574074074074074
6 0.4744791666666667 0.5578703703703703 0.005208333333333333 0.019444444444444445
8 0.50546875 0.5398148148148149 0.0046875 0.016666666666666666
8 0.5 0.5467592592592593 0.00625 0.017592592592592594
8 0.4861979166666667 0.5439814814814815 0.0067708333333333336 0.017592592592592594
8 0.4786458333333333 0.5476851851851852 0.003125 0.017592592592592594
8 0.4734375 0.549537037037037 0.00625 0.023148148148148147
8 0.47421875 0.5486111111111112 0.0078125 0.019444444444444445
6 0.4510416666666667 0.5768518518518518 0.014583333333333334 0.03888888888888889
8 0.45026041666666666 0.562962962962963 0.015104166666666667 0.044444444444444446
4 0.33541666666666664 0.6814814814814815 0.19479166666666667 0.2518518518518518