7 0.7463541666666667 0.3587962962962963 0.0125 0.04722222222222222
13 0.6669270833333333 0.34074074074074073 0.0796875 0.08703703703703704
9 0.6854166666666667 0.18425925925925926 0.020833333333333332 0.09444444444444444
9 0.6018229166666667 0.1587962962962963 0.0171875 0.08425925925925926
9 0.9598958333333333 0.2625 0.007291666666666667 0.049074074074074076
7 0.7981770833333334 0.3486111111111111 0.0067708333333333336 0.017592592592592594
9 0.78203125 0.29907407407407405 0.0078125 0.046296296296296294
8 0.7802083333333333 0.3768518518518518 0.017708333333333333 0.046296296296296294
8 0.759375 0.44027777777777777 0.052083333333333336 0.18055555555555555
8 0.76171875 0.42453703703703705 0.04635416666666667 0.125
6 0.8057291666666667 0.5199074074074074 0.07395833333333333 0.21944444444444444
8 0.8046875 0.4638888888888889 0.06458333333333334 0.2222222222222222
6 0.84609375 0.4550925925925926 0.0484375 0.14166666666666666
8 0.8471354166666667 0.42407407407407405 0.043229166666666666 0.1537037037037037
6 0.95234375 0.3921296296296296 0.028645833333333332 0.03425925925925926
8 0.9575520833333333 0.36712962962962964 0.011979166666666667 0.03796296296296296
4 0.984375 0.3435185185185185 0.022916666666666665 0.024074074074074074
1 0.99375 0.36898148148148147 0.011458333333333333 0.03981481481481482
8 0.9653645833333333 0.4273148148148148 0.050520833333333334 0.15833333333333333
6 0.9544270833333334 0.4476851851851852 0.013020833333333334 0.06759259259259259
4 0.9690104166666667 0.46620370370370373 0.0609375 0.16574074074074074
6 0.96015625 0.6851851851851852 0.07864583333333333 0.3611111111111111
8 0.95390625 0.6111111111111112 0.09114583333333333 0.43703703703703706
8 0.9541666666666667 0.6291666666666667 0.090625 0.2953703703703704
6 0.68359375 0.7638888888888888 0.2140625 0.4703703703703704
8 0.7169270833333333 0.6671296296296296 0.11302083333333333 0.5972222222222222
8 0.65390625 0.6097222222222223 0.15885416666666666 0.5287037037037037
6 0.8940104166666667 0.5087962962962963 0.0671875 0.18425925925925926
8 0.89140625 0.4699074074074074 0.0546875 0.23425925925925925
7 0.9864583333333333 0.3712962962962963 0.008333333333333333 0.027777777777777776
10 0.6869791666666667 0.26435185185185184 0.011458333333333333 0.03425925925925926