13 0.9216145833333333 0.36898148148148147 0.09114583333333333 0.10462962962962963
1 0.8932291666666666 0.3861111111111111 0.04583333333333333 0.06481481481481481
6 0.8854166666666666 0.3976851851851852 0.034375 0.05277777777777778
8 0.8807291666666667 0.3912037037037037 0.01875 0.06944444444444445
6 0.9252604166666667 0.41712962962962963 0.0609375 0.06018518518518518
8 0.9270833333333334 0.39444444444444443 0.019791666666666666 0.06851851851851852
8 0.9416666666666667 0.3912037037037037 0.017708333333333333 0.06759259259259259
9 0.93359375 0.1638888888888889 0.0234375 0.11851851851851852
9 0.9380208333333333 0.274537037037037 0.011458333333333333 0.04351851851851852
8 0.9549479166666667 0.5625 0.0890625 0.41759259259259257
8 0.9130208333333333 0.7611111111111111 0.028125 0.12222222222222222
6 0.9559895833333333 0.6800925925925926 0.08697916666666666 0.3787037037037037
9 0.8419270833333333 0.14907407407407408 0.0234375 0.1