9 0.45703125 0.38472222222222224 0.013020833333333334 0.08055555555555556
10 0.609375 0.4837962962962963 0.009375 0.017592592592592594
6 0.79921875 0.5115740740740741 0.0171875 0.019444444444444445
6 0.8080729166666667 0.5083333333333333 0.0203125 0.022222222222222223
1 0.7864583333333334 0.5125 0.025 0.03425925925925926
4 0.8888020833333333 0.5087962962962963 0.015104166666666667 0.03611111111111111
8 0.8838541666666667 0.5097222222222222 0.007291666666666667 0.03796296296296296
4 0.9528645833333333 0.5032407407407408 0.0359375 0.021296296296296296
4 0.91953125 0.5 0.0296875 0.022222222222222223
4 0.9580729166666667 0.5967592592592592 0.08177083333333333 0.16018518518518518
8 0.8799479166666667 0.5287037037037037 0.0140625 0.027777777777777776
4 0.890625 0.6884259259259259 0.2 0.2898148148148148
4 0.6294270833333333 0.5277777777777778 0.05260416666666667 0.03888888888888889
8 0.59375 0.5162037037037037 0.009375 0.023148148148148147
8 0.6341145833333334 0.537962962962963 0.013020833333333334 0.027777777777777776
6 0.628125 0.5453703703703704 0.0125 0.014814814814814815
4 0.5716145833333334 0.5157407407407407 0.028645833333333332 0.024074074074074074
4 0.5479166666666667 0.5166666666666667 0.021875 0.027777777777777776
4 0.559375 0.5513888888888889 0.019791666666666666 0.05092592592592592
4 0.5833333333333334 0.5550925925925926 0.04375 0.06759259259259259
8 0.3802083333333333 0.6101851851851852 0.020833333333333332 0.08703703703703704
6 0.3692708333333333 0.7050925925925926 0.036458333333333336 0.125
4 0.4744791666666667 0.6467592592592593 0.2 0.3175925925925926
4 0.6700520833333333 0.6981481481481482 0.19114583333333332 0.30185185185185187
6 0.17994791666666668 0.7064814814814815 0.12552083333333333 0.1962962962962963
6 0.2171875 0.7148148148148148 0.15208333333333332 0.1925925925925926
6 0.023697916666666666 0.7287037037037037 0.0453125 0.14814814814814814
6 0.06536458333333334 0.7925925925925926 0.10677083333333333 0.20925925925925926
6 0.69296875 0.850925925925926 0.1296875 0.2962962962962963
8 0.6950520833333333 0.7541666666666667 0.12239583333333333 0.4546296296296296
6 0.9903645833333333 0.7060185185185185 0.0140625 0.021296296296296296
8 0.9919270833333333 0.6939814814814815 0.0109375 0.017592592592592594
9 0.659375 0.44537037037037036 0.005208333333333333 0.03518518518518519
10 0.6604166666666667 0.4685185185185185 0.00625 0.012962962962962963
9 0.7138020833333333 0.4527777777777778 0.0046875 0.03148148148148148
4 0.534375 0.38472222222222224 0.021875 0.013888888888888888