8 0.3606770833333333 0.5527777777777778 0.0140625 0.025925925925925925
8 0.35546875 0.6041666666666666 0.0484375 0.1361111111111111
6 0.34609375 0.6467592592592593 0.018229166666666668 0.05092592592592592
7 0.31354166666666666 0.5296296296296297 0.010416666666666666 0.09074074074074075
3 0.5041666666666667 0.5055555555555555 0.03854166666666667 0.037037037037037035
3 0.5630208333333333 0.5120370370370371 0.052083333333333336 0.07777777777777778
8 0.51796875 0.5041666666666667 0.013020833333333334 0.023148148148148147
8 0.51640625 0.5092592592592593 0.0140625 0.024074074074074074
3 0.5953125 0.5222222222222223 0.015625 0.020370370370370372
3 0.61640625 0.5152777777777777 0.03177083333333333 0.04351851851851852
4 0.5703125 0.5513888888888889 0.017708333333333333 0.04537037037037037
14 0.54765625 0.5421296296296296 0.021354166666666667 0.04351851851851852
4 0.6015625 0.5476851851851852 0.03229166666666667 0.03981481481481482
4 0.6229166666666667 0.5587962962962963 0.035416666666666666 0.049074074074074076
4 0.6346354166666667 0.5287037037037037 0.030729166666666665 0.037037037037037035
3 0.7065104166666667 0.5152777777777777 0.11822916666666666 0.125
4 0.7963541666666667 0.5504629629629629 0.042708333333333334 0.021296296296296296
7 0.8497395833333333 0.5462962962962963 0.009895833333333333 0.03333333333333333
7 0.8619791666666666 0.5439814814814815 0.0125 0.05277777777777778
6 0.8971354166666666 0.587037037037037 0.027604166666666666 0.03518518518518519
6 0.9236979166666667 0.586574074074074 0.04010416666666667 0.05648148148148148
7 0.91640625 0.5879629629629629 0.016145833333333335 0.08703703703703704
6 0.9653645833333333 0.5902777777777778 0.0203125 0.10092592592592593
6 0.94609375 0.5953703703703703 0.024479166666666666 0.0962962962962963
4 0.6640625 0.6138888888888889 0.09479166666666666 0.14074074074074075
4 0.7997395833333333 0.6930555555555555 0.2734375 0.2916666666666667
8 0.44869791666666664 0.5291666666666667 0.005729166666666666 0.010185185185185186
8 0.4466145833333333 0.5347222222222222 0.008854166666666666 0.01574074074074074
4 0.5447916666666667 0.5726851851851852 0.019791666666666666 0.0787037037037037
8 0.5309895833333333 0.4925925925925926 0.011979166666666667 0.05
8 0.5333333333333333 0.49537037037037035 0.013541666666666667 0.05185185185185185
8 0.5578125 0.575462962962963 0.025 0.09166666666666666
6 0.5598958333333334 0.6097222222222223 0.028125 0.09907407407407408
6 0.5817708333333333 0.6212962962962963 0.03229166666666667 0.11851851851851852
8 0.5786458333333333 0.6041666666666666 0.036458333333333336 0.15462962962962962
6 0.6072916666666667 0.6527777777777778 0.05 0.13703703703703704
8 0.6013020833333333 0.6097222222222223 0.0609375 0.16018518518518518
8 0.44244791666666666 0.5412037037037037 0.013020833333333334 0.021296296296296296
4 0.49921875 0.6143518518518518 0.11197916666666667 0.20277777777777778
4 0.44296875 0.7287037037037037 0.23802083333333332 0.3611111111111111
0 0.6895833333333333 0.049074074074074076 0.008333333333333333 0.009259259259259259
0 0.6552083333333333 0.12638888888888888 0.00625 0.008333333333333333
0 0.6447916666666667 0.14722222222222223 0.00625 0.009259259259259259
0 0.6434895833333333 0.16342592592592592 0.0036458333333333334 0.008333333333333333
0 0.6513020833333333 0.16157407407407406 0.0036458333333333334 0.008333333333333333
0 0.66484375 0.15833333333333333 0.0036458333333333334 0.007407407407407408
0 0.6770833333333334 0.15231481481481482 0.004166666666666667 0.010185185185185186
0 0.59140625 0.15694444444444444 0.005729166666666666 0.010185185185185186
0 0.6286458333333333 0.17916666666666667 0.0020833333333333333 0.006481481481481481
0 0.6247395833333333 0.19907407407407407 0.0046875 0.005555555555555556
0 0.6213541666666667 0.21342592592592594 0.003125 0.006481481481481481
0 0.6182291666666667 0.22546296296296298 0.005208333333333333 0.006481481481481481
0 0.6122395833333333 0.2537037037037037 0.0046875 0.007407407407407408
0 0.6106770833333334 0.25972222222222224 0.0046875 0.006481481481481481
0 0.6072916666666667 0.2777777777777778 0.00625 0.007407407407407408
0 0.60546875 0.28564814814814815 0.0046875 0.006481481481481481
0 0.6033854166666667 0.29259259259259257 0.0046875 0.007407407407407408
0 0.6005208333333333 0.300462962962963 0.004166666666666667 0.004629629629629629
0 0.5971354166666667 0.31342592592592594 0.0046875 0.010185185185185186
0 0.5953125 0.31712962962962965 0.004166666666666667 0.006481481481481481
0 0.59296875 0.324537037037037 0.0046875 0.008333333333333333
0 0.59140625 0.3277777777777778 0.0036458333333333334 0.009259259259259259
0 0.5885416666666666 0.3347222222222222 0.004166666666666667 0.008333333333333333
0 0.5833333333333334 0.34675925925925927 0.004166666666666667 0.008333333333333333
0 0.5809895833333333 0.350462962962963 0.0046875 0.008333333333333333
0 0.5645833333333333 0.36203703703703705 0.003125 0.005555555555555556
0 0.5854166666666667 0.3388888888888889 0.003125 0.003703703703703704