1 0.4296875 0.5615740740740741 0.01875 0.03611111111111111
14 0.4859375 0.5310185185185186 0.014583333333333334 0.008333333333333333
4 0.4591145833333333 0.537962962962963 0.009895833333333333 0.011111111111111112
14 0.5010416666666667 0.5518518518518518 0.017708333333333333 0.03888888888888889
8 0.46953125 0.5472222222222223 0.0078125 0.016666666666666666
8 0.50546875 0.5634259259259259 0.018229166666666668 0.04351851851851852
8 0.5315104166666667 0.6351851851851852 0.058854166666666666 0.19444444444444445
6 0.5356770833333333 0.6949074074074074 0.058854166666666666 0.1638888888888889
7 0.634375 0.562962962962963 0.022916666666666665 0.08333333333333333
6 0.6971354166666667 0.7319444444444444 0.09010416666666667 0.24166666666666667
8 0.6815104166666667 0.6597222222222222 0.0765625 0.2657407407407407
6 0.6234375 0.7643518518518518 0.13125 0.3138888888888889
8 0.6197916666666666 0.6916666666666667 0.10416666666666667 0.3037037037037037
7 0.41848958333333336 0.5569444444444445 0.0078125 0.030555555555555555
8 0.4669270833333333 0.5564814814814815 0.0067708333333333336 0.024074074074074074
8 0.46927083333333336 0.5763888888888888 0.020833333333333332 0.05277777777777778
6 0.39895833333333336 0.5662037037037037 0.011458333333333333 0.028703703703703703
6 0.37916666666666665 0.5675925925925925 0.0125 0.03333333333333333
6 0.3731770833333333 0.575925925925926 0.013020833333333334 0.044444444444444446
6 0.3890625 0.6083333333333333 0.021875 0.046296296296296294
8 0.38958333333333334 0.5824074074074074 0.021875 0.07592592592592592
8 0.4114583333333333 0.5995370370370371 0.036458333333333336 0.09907407407407408
6 0.41328125 0.6282407407407408 0.04010416666666667 0.04722222222222222
6 0.4552083333333333 0.7430555555555556 0.14270833333333333 0.25277777777777777
8 0.43307291666666664 0.6981481481481482 0.08177083333333333 0.31851851851851853
8 0.48125 0.662962962962963 0.08645833333333333 0.25925925925925924
1 0.28802083333333334 0.5921296296296297 0.05 0.11203703703703703
1 0.33177083333333335 0.6324074074074074 0.090625 0.18703703703703703
1 0.23776041666666667 0.5967592592592592 0.05260416666666667 0.10648148148148148
7 0.20442708333333334 0.5740740740740741 0.0140625 0.044444444444444446
7 0.20989583333333334 0.6657407407407407 0.040625 0.1962962962962963
6 0.28177083333333336 0.6967592592592593 0.07083333333333333 0.20092592592592592
8 0.2869791666666667 0.6574074074074074 0.059375 0.2037037037037037
8 0.2755208333333333 0.638425925925926 0.075 0.19537037037037036
7 0.18802083333333333 0.587037037037037 0.007291666666666667 0.03888888888888889
7 0.6338541666666667 0.5564814814814815 0.021875 0.08703703703703704
6 0.09583333333333334 0.6916666666666667 0.051041666666666666 0.1
7 0.17265625 0.6703703703703704 0.04635416666666667 0.23148148148148148
6 0.03177083333333333 0.8569444444444444 0.06354166666666666 0.2601851851851852
1 0.8776041666666666 0.7435185185185185 0.24375 0.5111111111111111