4 0.47552083333333334 0.42314814814814816 0.021875 0.03333333333333333
3 0.5497395833333333 0.37453703703703706 0.1421875 0.20277777777777778
6 0.48151041666666666 0.4587962962962963 0.025520833333333333 0.05648148148148148
8 0.47994791666666664 0.43333333333333335 0.022395833333333334 0.05925925925925926
13 0.3997395833333333 0.44212962962962965 0.14635416666666667 0.2361111111111111
4 0.296875 0.4583333333333333 0.05520833333333333 0.05
6 0.32916666666666666 0.49583333333333335 0.019791666666666666 0.04351851851851852
8 0.32708333333333334 0.47685185185185186 0.028125 0.08333333333333333
8 0.3182291666666667 0.4777777777777778 0.034375 0.08518518518518518
3 0.13359375 0.4685185185185185 0.26510416666666664 0.44074074074074077
4 0.23020833333333332 0.5990740740740741 0.2604166666666667 0.2814814814814815
10 0.3494791666666667 0.5527777777777778 0.013541666666666667 0.027777777777777776
10 0.5072916666666667 0.4634259259259259 0.00625 0.013888888888888888
3 0.6236979166666666 0.37083333333333335 0.022395833333333334 0.032407407407407406
13 0.6450520833333333 0.3824074074074074 0.03177083333333333 0.05555555555555555
13 0.66953125 0.37407407407407406 0.0296875 0.04814814814814815
13 0.6971354166666667 0.36203703703703705 0.0359375 0.053703703703703705
3 0.72421875 0.3587962962962963 0.015104166666666667 0.028703703703703703
3 0.7171875 0.36342592592592593 0.010416666666666666 0.019444444444444445
1 0.7223958333333333 0.3731481481481482 0.016666666666666666 0.014814814814814815
4 0.6723958333333333 0.41574074074074074 0.034375 0.07222222222222222
1 0.7458333333333333 0.40324074074074073 0.04583333333333333 0.075
4 0.71640625 0.3800925925925926 0.0234375 0.021296296296296296
3 0.7471354166666667 0.3574074074074074 0.0140625 0.03888888888888889
3 0.7770833333333333 0.36574074074074076 0.04375 0.12222222222222222
4 0.7078125 0.4583333333333333 0.09270833333333334 0.1425925925925926
6 0.7526041666666666 0.4962962962962963 0.04583333333333333 0.08518518518518518
8 0.7515625 0.4634259259259259 0.04479166666666667 0.14537037037037037
3 0.8940104166666667 0.3875 0.2109375 0.36944444444444446
4 0.5955729166666667 0.5175925925925926 0.17239583333333333 0.2759259259259259
6 0.55625 0.8013888888888889 0.15833333333333333 0.39166666666666666
8 0.5572916666666666 0.6754629629629629 0.14791666666666667 0.5064814814814815
6 0.040364583333333336 0.7083333333333334 0.0796875 0.2351851851851852
8 0.028385416666666666 0.6907407407407408 0.05677083333333333 0.2037037037037037
6 0.8658854166666666 0.8421296296296297 0.2671875 0.31203703703703706
8 0.7796875 0.6805555555555556 0.125 0.6333333333333333
8 0.875 0.7212962962962963 0.24479166666666666 0.5555555555555556
6 0.9791666666666666 0.625462962962963 0.0375 0.175
8 0.9817708333333334 0.5412037037037037 0.035416666666666666 0.287962962962963