4 0.45755208333333336 0.5013888888888889 0.005729166666666666 0.013888888888888888
4 0.46171875 0.5032407407407408 0.0109375 0.01574074074074074
4 0.4518229166666667 0.5027777777777778 0.009895833333333333 0.014814814814814815
4 0.4434895833333333 0.5083333333333333 0.0109375 0.018518518518518517
4 0.44869791666666664 0.5166666666666667 0.015104166666666667 0.022222222222222223
4 0.47239583333333335 0.5180555555555556 0.016666666666666666 0.021296296296296296
4 0.48723958333333334 0.5263888888888889 0.022395833333333334 0.028703703703703703
6 0.4596354166666667 0.5416666666666666 0.008854166666666666 0.024074074074074074
8 0.46041666666666664 0.5333333333333333 0.008333333333333333 0.02962962962962963
6 0.46588541666666666 0.5527777777777778 0.0078125 0.025925925925925925
8 0.46640625 0.5393518518518519 0.009895833333333333 0.03425925925925926
6 0.49375 0.6041666666666666 0.03125 0.08425925925925926
8 0.49166666666666664 0.5777777777777777 0.026041666666666668 0.08333333333333333
4 0.5575520833333333 0.5967592592592592 0.0859375 0.11388888888888889
13 0.9067708333333333 0.5388888888888889 0.06041666666666667 0.044444444444444446
4 0.9078125 0.5509259259259259 0.05520833333333333 0.018518518518518517
4 0.7171875 0.5296296296296297 0.03854166666666667 0.014814814814814815
14 0.42109375 0.5314814814814814 0.005729166666666666 0.007407407407407408
4 0.4140625 0.5347222222222222 0.010416666666666666 0.017592592592592594
3 0.39947916666666666 0.5277777777777778 0.021875 0.03148148148148148
4 0.4015625 0.5388888888888889 0.010416666666666666 0.018518518518518517
4 0.40703125 0.5416666666666666 0.013020833333333334 0.022222222222222223
8 0.40677083333333336 0.5472222222222223 0.008333333333333333 0.03148148148148148
6 0.40703125 0.5560185185185185 0.0067708333333333336 0.017592592592592594
4 0.38125 0.5453703703703704 0.021875 0.040740740740740744
8 0.42291666666666666 0.5453703703703704 0.00625 0.02962962962962963
2 0.42265625 0.5541666666666667 0.0036458333333333334 0.023148148148148147
1 0.35963541666666665 0.5425925925925926 0.016145833333333335 0.03333333333333333
4 0.3229166666666667 0.5532407407407407 0.026041666666666668 0.041666666666666664
6 0.3359375 0.5740740740740741 0.008333333333333333 0.03148148148148148
8 0.33671875 0.5601851851851852 0.013020833333333334 0.046296296296296294
4 0.3020833333333333 0.5592592592592592 0.03854166666666667 0.04814814814814815
7 0.30546875 0.5666666666666667 0.011979166666666667 0.053703703703703705
7 0.28359375 0.5652777777777778 0.011979166666666667 0.062037037037037036
6 0.2765625 0.6143518518518518 0.03229166666666667 0.07685185185185185
8 0.28046875 0.5972222222222222 0.022395833333333334 0.10555555555555556
8 0.27291666666666664 0.5958333333333333 0.034375 0.10833333333333334
6 0.246875 0.6652777777777777 0.06458333333333334 0.15648148148148147
8 0.25026041666666665 0.6282407407407408 0.04739583333333333 0.15648148148148147
6 0.09635416666666667 0.6777777777777778 0.06875 0.1425925925925926
8 0.10494791666666667 0.6361111111111111 0.0578125 0.19444444444444445
6 0.4609375 0.5115740740740741 0.003125 0.006481481481481481
8 0.46119791666666665 0.5083333333333333 0.0026041666666666665 0.009259259259259259
4 0.73828125 0.5319444444444444 0.008854166666666666 0.008333333333333333