6 0.13359375 0.8342592592592593 0.16927083333333334 0.3277777777777778
7 0.2984375 0.5935185185185186 0.03229166666666667 0.17777777777777778
4 0.29635416666666664 0.5689814814814815 0.04375 0.08055555555555556
1 0.55390625 0.6106481481481482 0.0421875 0.1935185185185185
1 0.5619791666666667 0.5578703703703703 0.011458333333333333 0.06018518518518518
1 0.578125 0.5601851851851852 0.028125 0.06111111111111111
1 0.5973958333333333 0.5583333333333333 0.019791666666666666 0.05555555555555555
7 0.5963541666666666 0.5615740740740741 0.010416666666666666 0.05462962962962963
1 0.61015625 0.5569444444444445 0.018229166666666668 0.062037037037037036
1 0.63359375 0.5532407407407407 0.0359375 0.0712962962962963
7 0.6622395833333333 0.5361111111111111 0.016145833333333335 0.03333333333333333
2 0.8130208333333333 0.6967592592592593 0.07083333333333333 0.16203703703703703
8 0.8369791666666667 0.6564814814814814 0.046875 0.22407407407407406
4 0.7 0.6842592592592592 0.19270833333333334 0.2777777777777778
1 0.46901041666666665 0.7060185185185185 0.18697916666666667 0.42314814814814816
7 0.9953125 0.6837962962962963 0.007291666666666667 0.19537037037037036