3 0.5078125 0.45208333333333334 0.03125 0.029166666666666667
13 0.6140625 0.45625 0.0203125 0.03194444444444444
14 0.627734375 0.4618055555555556 0.00703125 0.018055555555555554
1 0.52109375 0.4847222222222222 0.0140625 0.03611111111111111
14 0.64453125 0.4673611111111111 0.0203125 0.0125
14 0.63203125 0.47638888888888886 0.0125 0.016666666666666666
4 0.615625 0.4826388888888889 0.0328125 0.029166666666666667
4 0.65625 0.4826388888888889 0.0453125 0.020833333333333332
1 0.750390625 0.4847222222222222 0.01484375 0.044444444444444446
1 0.80859375 0.4979166666666667 0.015625 0.06527777777777778
6 0.7859375 0.5270833333333333 0.034375 0.07361111111111111
8 0.787109375 0.5118055555555555 0.02734375 0.09583333333333334
4 0.864453125 0.5229166666666667 0.11015625 0.11527777777777778
6 0.874609375 0.5354166666666667 0.05546875 0.059722222222222225
8 0.877734375 0.5111111111111111 0.04453125 0.08888888888888889
8 0.5109375 0.4798611111111111 0.009375 0.020833333333333332
8 0.506640625 0.48194444444444445 0.01171875 0.027777777777777776
14 0.485546875 0.4701388888888889 0.02109375 0.009722222222222222
4 0.441796875 0.5111111111111111 0.05546875 0.07777777777777778
13 0.566015625 0.4736111111111111 0.09296875 0.18611111111111112
4 0.652734375 0.6048611111111111 0.17421875 0.24861111111111112
1 0.487890625 0.4847222222222222 0.03671875 0.022222222222222223
8 0.44296875 0.5152777777777777 0.0125 0.05555555555555555
8 0.49609375 0.4888888888888889 0.0125 0.013888888888888888
4 0.366015625 0.5708333333333333 0.13671875 0.15
4 0.48046875 0.5833333333333334 0.115625 0.18611111111111112
6 0.36484375 0.6520833333333333 0.065625 0.16805555555555557
8 0.38046875 0.5881944444444445 0.0390625 0.2125
8 0.365234375 0.5930555555555556 0.07109375 0.2111111111111111
7 0.208984375 0.5270833333333333 0.03046875 0.12916666666666668
7 0.27109375 0.49583333333333335 0.0171875 0.07222222222222222
7 0.262890625 0.5215277777777778 0.02734375 0.12083333333333333
7 0.24140625 0.5215277777777778 0.0296875 0.13194444444444445
4 0.125 0.6354166666666666 0.25 0.27361111111111114
4 0.1109375 0.8048611111111111 0.221875 0.3875
10 0.662890625 0.16527777777777777 0.64765625 0.14166666666666666
4 0.859765625 0.7597222222222222 0.27890625 0.4777777777777778
8 0.66015625 0.46805555555555556 0.0078125 0.011111111111111112
8 0.66640625 0.46944444444444444 0.00625 0.011111111111111112
1 0.71640625 0.5215277777777778 0.0671875 0.12361111111111112