4 0.078125 0.687037037037037 0.15625 0.24074074074074073
4 0.13229166666666667 0.5888888888888889 0.22395833333333334 0.1814814814814815
3 0.28125 0.48148148148148145 0.25729166666666664 0.22777777777777777
6 0.30703125 0.5625 0.06822916666666666 0.11574074074074074
8 0.30520833333333336 0.5185185185185185 0.059375 0.12407407407407407
8 0.41015625 0.47175925925925927 0.011979166666666667 0.023148148148148147
4 0.3729166666666667 0.5212962962962963 0.12291666666666666 0.10555555555555556
10 0.4166666666666667 0.5162037037037037 0.009375 0.01574074074074074
1 0.43463541666666666 0.4759259259259259 0.0390625 0.05740740740740741
4 0.47213541666666664 0.4828703703703704 0.08385416666666666 0.06018518518518518
1 0.49947916666666664 0.4648148148148148 0.058333333333333334 0.05
4 0.5434895833333333 0.46111111111111114 0.059895833333333336 0.03888888888888889
10 0.51640625 0.4773148148148148 0.0046875 0.012037037037037037
3 0.5692708333333333 0.4212962962962963 0.11041666666666666 0.08888888888888889
13 0.6619791666666667 0.42453703703703705 0.041666666666666664 0.058333333333333334
3 0.7046875 0.4009259259259259 0.06041666666666667 0.06666666666666667
13 0.73671875 0.40370370370370373 0.027604166666666666 0.05185185185185185
1 0.70859375 0.4486111111111111 0.04010416666666667 0.058333333333333334
4 0.6776041666666667 0.43333333333333335 0.027083333333333334 0.012962962962962963
4 0.6104166666666667 0.475 0.078125 0.10925925925925926
4 0.6859375 0.5115740740740741 0.10833333333333334 0.16018518518518518
4 0.7372395833333333 0.45694444444444443 0.022395833333333334 0.06574074074074074
3 0.8552083333333333 0.41759259259259257 0.21770833333333334 0.29259259259259257
4 0.9010416666666666 0.7032407407407407 0.19583333333333333 0.5805555555555556
6 0.5544270833333333 0.5578703703703703 0.0515625 0.14537037037037037
8 0.55390625 0.5106481481481482 0.050520833333333334 0.15462962962962962
6 0.6161458333333333 0.6504629629629629 0.07708333333333334 0.22685185185185186
8 0.6153645833333333 0.5666666666666667 0.07239583333333334 0.24074074074074073