13 0.07994791666666666 0.37916666666666665 0.06614583333333333 0.08425925925925926
6 0.06432291666666666 0.39814814814814814 0.03697916666666667 0.04814814814814815
8 0.0020833333333333333 0.4203703703703704 0.004166666666666667 0.012962962962962963
6 0.005208333333333333 0.41203703703703703 0.010416666666666666 0.011111111111111112
14 0.3997395833333333 0.5055555555555555 0.1546875 0.2037037037037037
7 0.659375 0.4273148148148148 0.03125 0.06759259259259259
7 0.7083333333333334 0.43194444444444446 0.030208333333333334 0.06574074074074074
7 0.7130208333333333 0.45231481481481484 0.015625 0.028703703703703703
8 0.8684895833333334 0.45601851851851855 0.0140625 0.028703703703703703
8 0.8927083333333333 0.45 0.009375 0.012962962962962963
8 0.9119791666666667 0.48009259259259257 0.019791666666666666 0.06574074074074074
6 0.9408854166666667 0.5009259259259259 0.0203125 0.04259259259259259
8 0.909375 0.600462962962963 0.09583333333333334 0.2916666666666667
14 0.7 0.5810185185185185 0.196875 0.24537037037037038
14 0.8151041666666666 0.562962962962963 0.140625 0.2111111111111111
6 0.9002604166666667 0.674074074074074 0.18385416666666668 0.23703703703703705
8 0.45755208333333336 0.7092592592592593 0.22239583333333332 0.5685185185185185
6 0.48828125 0.8319444444444445 0.37135416666666665 0.33240740740740743