7 0.29453125 0.5708333333333333 0.018229166666666668 0.10648148148148148
6 0.30416666666666664 0.5787037037037037 0.025 0.08888888888888889
7 0.4140625 0.5351851851851852 0.015625 0.04259259259259259
7 0.40234375 0.537962962962963 0.016145833333333335 0.046296296296296294
8 0.3854166666666667 0.5453703703703704 0.034375 0.044444444444444446
7 0.43776041666666665 0.5421296296296296 0.0171875 0.03425925925925926
8 0.42526041666666664 0.5388888888888889 0.018229166666666668 0.03518518518518519
4 0.5286458333333334 0.49675925925925923 0.05416666666666667 0.021296296296296296
8 0.534375 0.475 0.014583333333333334 0.046296296296296294
8 0.53984375 0.47824074074074074 0.016145833333333335 0.05277777777777778
3 0.5916666666666667 0.5101851851851852 0.08333333333333333 0.11851851851851852
8 0.51640625 0.4935185185185185 0.013020833333333334 0.022222222222222223
3 0.7234375 0.5138888888888888 0.019791666666666666 0.03518518518518519
3 0.6682291666666667 0.5106481481481482 0.022916666666666665 0.021296296296296296
3 0.6973958333333333 0.5125 0.040625 0.04722222222222222
1 0.7434895833333334 0.5268518518518519 0.0296875 0.020370370370370372
7 0.8106770833333333 0.5458333333333333 0.0140625 0.03981481481481482
4 0.7848958333333333 0.5541666666666667 0.06354166666666666 0.06574074074074074
7 0.8505208333333333 0.5439814814814815 0.00625 0.032407407407407406
7 0.85703125 0.5388888888888889 0.0109375 0.04259259259259259
1 0.8979166666666667 0.5402777777777777 0.05416666666666667 0.041666666666666664
7 0.8854166666666666 0.5444444444444444 0.014583333333333334 0.027777777777777776
8 0.9041666666666667 0.5398148148148149 0.020833333333333332 0.03518518518518519
7 0.9377604166666667 0.5439814814814815 0.011979166666666667 0.025
4 0.9708333333333333 0.5291666666666667 0.057291666666666664 0.06759259259259259
4 0.71484375 0.5296296296296297 0.033854166666666664 0.014814814814814815
4 0.6114583333333333 0.575925925925926 0.036458333333333336 0.09074074074074075
8 0.5859375 0.575 0.025 0.1111111111111111
4 0.6471354166666666 0.5949074074074074 0.0890625 0.1361111111111111
4 0.721875 0.6393518518518518 0.15833333333333333 0.2101851851851852
4 0.8692708333333333 0.750462962962963 0.2604166666666667 0.39351851851851855
4 0.5809895833333333 0.6 0.03177083333333333 0.14629629629629629
4 0.5138020833333333 0.6185185185185185 0.14947916666666666 0.24074074074074073
4 0.41770833333333335 0.7712962962962963 0.4197916666666667 0.4537037037037037
1 0.06640625 0.6425925925925926 0.1328125 0.3
7 0.41640625 0.5180555555555556 0.0078125 0.019444444444444445
3 0.6453125 0.5152777777777777 0.027083333333333334 0.019444444444444445