14 0.49947916666666664 0.5300925925925926 0.015625 0.017592592592592594
13 0.5640625 0.5296296296296297 0.019791666666666666 0.022222222222222223
4 0.646875 0.5467592592592593 0.03333333333333333 0.03425925925925926
4 0.7276041666666667 0.5606481481481481 0.06145833333333333 0.07314814814814814
4 0.46432291666666664 0.5430555555555555 0.018229166666666668 0.025
6 0.4140625 0.5449074074074074 0.007291666666666667 0.017592592592592594
8 0.415625 0.5412037037037037 0.008333333333333333 0.023148148148148147
6 0.4276041666666667 0.55 0.00625 0.016666666666666666
8 0.42526041666666664 0.5347222222222222 0.005729166666666666 0.01574074074074074
6 0.42265625 0.5689814814814815 0.016145833333333335 0.04351851851851852
8 0.4239583333333333 0.549537037037037 0.010416666666666666 0.021296296296296296
8 0.42265625 0.5587962962962963 0.016145833333333335 0.04722222222222222
13 0.346875 0.5162037037037037 0.005208333333333333 0.012037037037037037