6 0.10416666666666667 0.8865740740740741 0.20833333333333334 0.2175925925925926
6 0.30520833333333336 0.7402777777777778 0.07604166666666666 0.21388888888888888
6 0.8091145833333333 0.7907407407407407 0.2109375 0.34444444444444444
7 0.7799479166666666 0.5902777777777778 0.022395833333333334 0.21203703703703702
7 0.7481770833333333 0.6467592592592593 0.050520833333333334 0.16574074074074074
6 0.5515625 0.5699074074074074 0.020833333333333332 0.05462962962962963
6 0.5341145833333333 0.5583333333333333 0.015104166666666667 0.044444444444444446
6 0.5330729166666667 0.5319444444444444 0.013020833333333334 0.023148148148148147
4 0.51796875 0.5282407407407408 0.0078125 0.012037037037037037
6 0.509375 0.5333333333333333 0.013541666666666667 0.018518518518518517
8 0.5104166666666666 0.5222222222222223 0.00625 0.020370370370370372
6 0.4661458333333333 0.5277777777777778 0.00625 0.020370370370370372
4 0.48880208333333336 0.5268518518518519 0.027604166666666666 0.05
6 0.46927083333333336 0.5486111111111112 0.011458333333333333 0.030555555555555555
7 0.42994791666666665 0.5453703703703704 0.008854166666666666 0.04814814814814815
7 0.5182291666666666 0.562037037037037 0.015625 0.06666666666666667