7 0.23671875 0.6180555555555556 0.0265625 0.14537037037037037
7 0.384375 0.5902777777777778 0.017708333333333333 0.08055555555555556
6 0.37916666666666665 0.7296296296296296 0.07708333333333334 0.20925925925925926
8 0.3828125 0.6666666666666666 0.06354166666666666 0.21481481481481482
6 0.41484375 0.6370370370370371 0.028645833333333332 0.08888888888888889
8 0.41796875 0.6060185185185185 0.027604166666666666 0.10462962962962963
1 0.4322916666666667 0.5763888888888888 0.034375 0.06388888888888888
7 0.4427083333333333 0.6148148148148148 0.022916666666666665 0.1259259259259259
7 0.4635416666666667 0.6069444444444444 0.021875 0.1361111111111111
1 0.5109375 0.5967592592592592 0.07395833333333333 0.13425925925925927
6 0.559375 0.5953703703703703 0.027083333333333334 0.06481481481481481
6 0.6205729166666667 0.6106481481481482 0.0203125 0.05277777777777778
4 0.6830729166666667 0.5949074074074074 0.1234375 0.12685185185185185
7 0.6651041666666667 0.524537037037037 0.014583333333333334 0.023148148148148147
1 0.86796875 0.6032407407407407 0.20989583333333334 0.22314814814814815
7 0.96015625 0.6050925925925926 0.019270833333333334 0.1824074074074074
6 0.9856770833333334 0.6037037037037037 0.0265625 0.09444444444444444
4 0.022135416666666668 0.5768518518518518 0.04114583333333333 0.10185185185185185