8 0.04453125 0.7287037037037037 0.0703125 0.32222222222222224
8 0.032552083333333336 0.7324074074074074 0.06510416666666667 0.35185185185185186
6 0.045572916666666664 0.8222222222222222 0.09114583333333333 0.3388888888888889
6 0.07760416666666667 0.6175925925925926 0.08645833333333333 0.18333333333333332
6 0.11328125 0.6143518518518518 0.0859375 0.12685185185185185
6 0.13697916666666668 0.6050925925925926 0.06979166666666667 0.13240740740740742
7 0.20572916666666666 0.575462962962963 0.0375 0.07685185185185185
4 0.3190104166666667 0.5578703703703703 0.08177083333333333 0.049074074074074076
7 0.39296875 0.5513888888888889 0.015104166666666667 0.05092592592592592
8 0.396875 0.5583333333333333 0.014583333333333334 0.046296296296296294
8 0.39869791666666665 0.5587962962962963 0.015104166666666667 0.041666666666666664
3 0.48359375 0.5171296296296296 0.03177083333333333 0.03796296296296296
8 0.50234375 0.5120370370370371 0.008854166666666666 0.025925925925925925
8 0.49947916666666664 0.5185185185185185 0.011458333333333333 0.024074074074074074
8 0.5114583333333333 0.5046296296296297 0.0125 0.06666666666666667
8 0.51640625 0.5060185185185185 0.016145833333333335 0.062037037037037036
1 0.5135416666666667 0.562037037037037 0.040625 0.09259259259259259
3 0.5330729166666667 0.5208333333333334 0.0453125 0.06388888888888888
3 0.5635416666666667 0.5273148148148148 0.01875 0.026851851851851852
4 0.5481770833333334 0.5671296296296297 0.033854166666666664 0.062037037037037036
4 0.5661458333333333 0.5532407407407407 0.027083333333333334 0.03796296296296296
1 0.6161458333333333 0.5412037037037037 0.028125 0.04351851851851852
4 0.6354166666666666 0.55 0.017708333333333333 0.018518518518518517
1 0.6822916666666666 0.5625 0.03854166666666667 0.06759259259259259
6 0.70546875 0.5680555555555555 0.0140625 0.023148148148148147
4 0.73203125 0.5699074074074074 0.05260416666666667 0.06018518518518518
6 0.7908854166666667 0.5574074074074075 0.011979166666666667 0.018518518518518517
6 0.8028645833333333 0.5564814814814815 0.0140625 0.018518518518518517
4 0.5127604166666667 0.5907407407407408 0.030729166666666665 0.10555555555555556
4 0.5872395833333334 0.5861111111111111 0.05260416666666667 0.09444444444444444
4 0.646875 0.6319444444444444 0.11354166666666667 0.1638888888888889
1 0.9859375 0.5921296296296297 0.027083333333333334 0.09907407407407408
4 0.45989583333333334 0.6273148148148148 0.121875 0.21388888888888888
4 0.2955729166666667 0.7819444444444444 0.3619791666666667 0.43425925925925923
4 0.83046875 0.7717592592592593 0.3380208333333333 0.425
8 0.54296875 0.5819444444444445 0.0203125 0.08981481481481482
6 0.5528645833333333 0.625462962962963 0.043229166666666666 0.1175925925925926
8 0.553125 0.5912037037037037 0.04375 0.11388888888888889
0 0.50703125 0.31666666666666665 0.0046875 0.007407407407407408
0 0.5309895833333333 0.40879629629629627 0.0026041666666666665 0.006481481481481481
0 0.5393229166666667 0.3138888888888889 0.0036458333333333334 0.005555555555555556
0 0.584375 0.29212962962962963 0.004166666666666667 0.004629629629629629
0 0.5794270833333334 0.29583333333333334 0.0046875 0.004629629629629629
0 0.58984375 0.31157407407407406 0.0046875 0.004629629629629629
0 0.5744791666666667 0.31712962962962965 0.003125 0.006481481481481481
0 0.5697916666666667 0.3143518518518518 0.004166666666666667 0.006481481481481481
0 0.5674479166666667 0.3194444444444444 0.0046875 0.005555555555555556
0 0.5583333333333333 0.3435185185185185 0.003125 0.005555555555555556
0 0.5572916666666666 0.34814814814814815 0.003125 0.005555555555555556
0 0.5541666666666667 0.3625 0.003125 0.006481481481481481
0 0.553125 0.36527777777777776 0.003125 0.006481481481481481
0 0.5526041666666667 0.37407407407407406 0.004166666666666667 0.005555555555555556
0 0.5515625 0.38055555555555554 0.004166666666666667 0.007407407407407408
0 0.54765625 0.3902777777777778 0.0046875 0.008333333333333333
0 0.5455729166666666 0.3976851851851852 0.0036458333333333334 0.008333333333333333
0 0.54375 0.4060185185185185 0.003125 0.004629629629629629
0 0.5408854166666667 0.4097222222222222 0.0046875 0.004629629629629629