10 0.3919270833333333 0.43287037037037035 0.009895833333333333 0.05092592592592592
13 0.18723958333333332 0.3912037037037037 0.06510416666666667 0.04537037037037037
13 0.23385416666666667 0.39814814814814814 0.03333333333333333 0.04814814814814815
1 0.2591145833333333 0.40555555555555556 0.011979166666666667 0.03333333333333333
1 0.07291666666666667 0.387037037037037 0.0125 0.007407407407407408
1 0.05078125 0.3787037037037037 0.018229166666666668 0.020370370370370372
4 0.08619791666666667 0.3824074074074074 0.011979166666666667 0.020370370370370372
13 0.10442708333333334 0.3837962962962963 0.034895833333333334 0.032407407407407406
4 0.11015625 0.39444444444444443 0.033854166666666664 0.027777777777777776
1 0.12838541666666667 0.3976851851851852 0.011979166666666667 0.021296296296296296
4 0.14921875 0.4009259259259259 0.044270833333333336 0.046296296296296294
4 0.06432291666666666 0.4625 0.09947916666666666 0.15462962962962962
8 0.016666666666666666 0.4263888888888889 0.03333333333333333 0.11388888888888889
6 0.016145833333333335 0.5226851851851851 0.03229166666666667 0.11018518518518519
10 0.365625 0.44675925925925924 0.005208333333333333 0.006481481481481481
10 0.40859375 0.4550925925925926 0.0046875 0.008333333333333333
10 0.45286458333333335 0.46296296296296297 0.0046875 0.005555555555555556
10 0.465625 0.4652777777777778 0.005208333333333333 0.006481481481481481
10 0.5138020833333333 0.4685185185185185 0.0046875 0.007407407407407408
10 0.52109375 0.46805555555555556 0.0046875 0.010185185185185186
10 0.5783854166666667 0.4699074074074074 0.005729166666666666 0.008333333333333333