6 0.32421875 0.6546296296296297 0.0390625 0.11296296296296296
7 0.33880208333333334 0.6291666666666667 0.022395833333333334 0.11574074074074074
7 0.3575520833333333 0.6365740740740741 0.033854166666666664 0.14722222222222223
14 0.4934895833333333 0.5375 0.2890625 0.712037037037037
7 0.29140625 0.7129629629629629 0.07447916666666667 0.31666666666666665
1 0.02421875 0.7097222222222223 0.0484375 0.2212962962962963
7 0.018229166666666668 0.9120370370370371 0.036458333333333336 0.17037037037037037
7 0.18151041666666667 0.8069444444444445 0.19010416666666666 0.3824074074074074
7 0.31328125 0.8694444444444445 0.07864583333333333 0.2574074074074074
7 0.38515625 0.8546296296296296 0.08489583333333334 0.2851851851851852
7 0.42734375 0.7 0.10677083333333333 0.5944444444444444
7 0.66796875 0.5583333333333333 0.0203125 0.06851851851851852
7 0.6565104166666667 0.5546296296296296 0.050520833333333334 0.17407407407407408
7 0.6375 0.6351851851851852 0.052083333333333336 0.17777777777777778
7 0.5703125 0.7768518518518519 0.096875 0.44074074074074077
7 0.7044270833333334 0.5777777777777777 0.0265625 0.08518518518518518
7 0.6942708333333333 0.6175925925925926 0.04479166666666667 0.13333333333333333
7 0.6401041666666667 0.799537037037037 0.075 0.39537037037037037
4 0.74296875 0.5606481481481481 0.07135416666666666 0.06018518518518518
7 0.81796875 0.5888888888888889 0.0171875 0.10925925925925926
7 0.82578125 0.5884259259259259 0.0203125 0.13240740740740742
6 0.7947916666666667 0.6953703703703704 0.06041666666666667 0.15555555555555556
8 0.7893229166666667 0.5462962962962963 0.030729166666666665 0.06296296296296296
8 0.7981770833333334 0.6509259259259259 0.05677083333333333 0.24259259259259258
7 0.7278645833333334 0.5824074074074074 0.024479166666666666 0.04814814814814815
7 0.7234375 0.6263888888888889 0.0375 0.08796296296296297
7 0.7239583333333334 0.7685185185185185 0.17604166666666668 0.45925925925925926
7 0.8442708333333333 0.5532407407407407 0.014583333333333334 0.05648148148148148
7 0.84921875 0.5648148148148148 0.022395833333333334 0.07407407407407407
4 0.92265625 0.5365740740740741 0.08385416666666666 0.10648148148148148
7 0.8815104166666666 0.537962962962963 0.013020833333333334 0.05
7 0.89296875 0.5597222222222222 0.018229166666666668 0.06018518518518518
7 0.9153645833333334 0.5587962962962963 0.0234375 0.0824074074074074
6 0.871875 0.7013888888888888 0.07708333333333334 0.22314814814814815
8 0.86640625 0.6398148148148148 0.0671875 0.2518518518518518
8 0.8708333333333333 0.6791666666666667 0.08020833333333334 0.31203703703703706
13 0.9544270833333334 0.5421296296296296 0.08802083333333334 0.1638888888888889
7 0.9546875 0.5462962962962963 0.05625 0.10740740740740741
7 0.8494791666666667 0.9398148148148148 0.07083333333333333 0.11666666666666667
4 0.9291666666666667 0.7847222222222222 0.13958333333333334 0.4287037037037037