7 0.28229166666666666 0.5328703703703703 0.022916666666666665 0.13425925925925927
6 0.27239583333333334 0.7587962962962963 0.09583333333333334 0.22685185185185186
8 0.29140625 0.6726851851851852 0.0578125 0.287962962962963
8 0.2635416666666667 0.6666666666666666 0.06979166666666667 0.29444444444444445
8 0.43203125 0.5407407407407407 0.022395833333333334 0.03888888888888889
8 0.44166666666666665 0.5421296296296296 0.013541666666666667 0.03425925925925926
4 0.5041666666666667 0.6083333333333333 0.12083333333333333 0.2
4 0.43463541666666666 0.775 0.3151041666666667 0.44814814814814813
3 0.50546875 0.4981481481481482 0.04739583333333333 0.03888888888888889
8 0.5203125 0.5055555555555555 0.015625 0.027777777777777776
8 0.5330729166666667 0.48518518518518516 0.011979166666666667 0.06666666666666667
8 0.5393229166666667 0.48657407407407405 0.016145833333333335 0.058333333333333334
3 0.5723958333333333 0.5171296296296296 0.06458333333333334 0.11203703703703703
3 0.60625 0.5152777777777777 0.014583333333333334 0.026851851851851852
14 0.5494791666666666 0.5523148148148148 0.03125 0.0787037037037037
4 0.5557291666666667 0.5898148148148148 0.025 0.1259259259259259
4 0.58359375 0.5550925925925926 0.0328125 0.06018518518518518
4 0.6174479166666667 0.55 0.03802083333333333 0.05185185185185185
8 0.6174479166666667 0.5217592592592593 0.0046875 0.008333333333333333
8 0.6091145833333333 0.5231481481481481 0.0067708333333333336 0.011111111111111112
3 0.6765625 0.5166666666666667 0.08125 0.08888888888888889
14 0.634375 0.5337962962962963 0.017708333333333333 0.017592592592592594
4 0.6565104166666667 0.575 0.06302083333333333 0.08518518518518518
1 0.725 0.5337962962962963 0.020833333333333332 0.030555555555555555
7 0.7390625 0.5351851851851852 0.008333333333333333 0.018518518518518517
6 0.78125 0.5601851851851852 0.015625 0.046296296296296294
6 0.815625 0.5597222222222222 0.022916666666666665 0.026851851851851852
7 0.8536458333333333 0.5439814814814815 0.011458333333333333 0.026851851851851852
4 0.9286458333333333 0.5277777777777778 0.14166666666666666 0.10185185185185185
4 0.86171875 0.7717592592592593 0.2755208333333333 0.4546296296296296
4 0.7221354166666667 0.638425925925926 0.14114583333333333 0.20277777777777778
6 0.5877604166666667 0.6291666666666667 0.03177083333333333 0.10277777777777777
8 0.5934895833333333 0.5912037037037037 0.0390625 0.12685185185185185
6 0.6291666666666667 0.6736111111111112 0.06666666666666667 0.16944444444444445
8 0.6234375 0.6319444444444444 0.058333333333333334 0.2212962962962963
0 0.68828125 0.030555555555555555 0.0078125 0.007407407407407408
0 0.7078125 0.0787037037037037 0.00625 0.012962962962962963
0 0.6734375 0.06296296296296296 0.00625 0.007407407407407408
0 0.6651041666666667 0.06481481481481481 0.007291666666666667 0.020370370370370372
0 0.6763020833333333 0.09074074074074075 0.005729166666666666 0.007407407407407408
0 0.6684895833333333 0.09398148148148149 0.005729166666666666 0.008333333333333333
0 0.6515625 0.11203703703703703 0.004166666666666667 0.005555555555555556
0 0.60703125 0.08611111111111111 0.0036458333333333334 0.009259259259259259
0 0.6463541666666667 0.1375 0.005208333333333333 0.008333333333333333
0 0.6408854166666667 0.15462962962962962 0.005729166666666666 0.007407407407407408
0 0.6380208333333334 0.17037037037037037 0.005208333333333333 0.007407407407407408
0 0.6294270833333333 0.2050925925925926 0.0046875 0.008333333333333333
0 0.628125 0.21342592592592594 0.005208333333333333 0.006481481481481481
0 0.6234375 0.23564814814814813 0.004166666666666667 0.006481481481481481
0 0.6213541666666667 0.2462962962962963 0.005208333333333333 0.009259259259259259
0 0.6184895833333334 0.24953703703703703 0.0046875 0.006481481481481481
0 0.6171875 0.2550925925925926 0.005208333333333333 0.006481481481481481
0 0.615625 0.26342592592592595 0.00625 0.004629629629629629
0 0.6127604166666667 0.2708333333333333 0.0026041666666666665 0.004629629629629629
0 0.6114583333333333 0.2773148148148148 0.004166666666666667 0.008333333333333333
0 0.6091145833333333 0.2824074074074074 0.0046875 0.005555555555555556
0 0.60625 0.2912037037037037 0.004166666666666667 0.006481481481481481
0 0.6046875 0.29398148148148145 0.004166666666666667 0.006481481481481481
0 0.6036458333333333 0.29953703703703705 0.005208333333333333 0.006481481481481481
0 0.6 0.30694444444444446 0.004166666666666667 0.006481481481481481
0 0.59453125 0.3189814814814815 0.0046875 0.006481481481481481
0 0.5916666666666667 0.324537037037037 0.004166666666666667 0.004629629629629629
0 0.5903645833333333 0.3287037037037037 0.0046875 0.007407407407407408
0 0.5708333333333333 0.3435185185185185 0.004166666666666667 0.005555555555555556