7 0.18255208333333334 0.43425925925925923 0.005729166666666666 0.027777777777777776
6 0.19375 0.4375 0.010416666666666666 0.023148148148148147
7 0.2046875 0.4263888888888889 0.010416666666666666 0.03796296296296296
7 0.22708333333333333 0.425 0.010416666666666666 0.037037037037037035
4 0.25416666666666665 0.4217592592592593 0.04375 0.03796296296296296
6 0.2526041666666667 0.425 0.0125 0.02962962962962963
7 0.21822916666666667 0.42685185185185187 0.010416666666666666 0.037037037037037035
7 0.21380208333333334 0.42777777777777776 0.0078125 0.03518518518518519
6 0.17005208333333333 0.43703703703703706 0.005729166666666666 0.018518518518518517
8 0.17317708333333334 0.43148148148148147 0.005729166666666666 0.022222222222222223
4 0.07994791666666666 0.5375 0.15989583333333332 0.38981481481481484
13 0.41015625 0.40185185185185185 0.09427083333333333 0.10925925925925926
13 0.490625 0.37962962962962965 0.13854166666666667 0.07962962962962963
6 0.5015625 0.43333333333333335 0.04375 0.06851851851851852
8 0.50390625 0.4203703703703704 0.0234375 0.09814814814814815
8 0.4895833333333333 0.40879629629629627 0.011458333333333333 0.0787037037037037
1 0.8861979166666667 0.362962962962963 0.03802083333333333 0.05925925925925926
4 0.9088541666666666 0.3680555555555556 0.053125 0.058333333333333334
4 0.9518229166666666 0.3976851851851852 0.0953125 0.15833333333333333
7 0.9359375 0.34444444444444444 0.011458333333333333 0.03888888888888889
4 0.6484375 0.4638888888888889 0.30104166666666665 0.25555555555555554
4 0.06380208333333333 0.8018518518518518 0.12760416666666666 0.39444444444444443
6 0.35963541666666665 0.4101851851851852 0.005729166666666666 0.016666666666666666
14 0.15234375 0.43796296296296294 0.008854166666666666 0.012962962962962963