4 0.19557291666666668 0.537962962962963 0.07239583333333334 0.09259259259259259
1 0.2359375 0.49212962962962964 0.023958333333333335 0.019444444444444445
4 0.23697916666666666 0.5587962962962963 0.034375 0.13796296296296295
3 0.39140625 0.41388888888888886 0.3203125 0.4185185185185185
10 0.42526041666666664 0.5652777777777778 0.013020833333333334 0.021296296296296296
10 0.5411458333333333 0.4861111111111111 0.00625 0.009259259259259259
6 0.28567708333333336 0.6240740740740741 0.09427083333333333 0.14444444444444443
8 0.2828125 0.5787037037037037 0.07083333333333333 0.1537037037037037
13 0.09609375 0.5916666666666667 0.1921875 0.5740740740740741
4 0.5609375 0.4638888888888889 0.027083333333333334 0.03888888888888889
3 0.5635416666666667 0.42592592592592593 0.029166666666666667 0.046296296296296294
13 0.5927083333333333 0.42824074074074076 0.035416666666666666 0.06018518518518518
13 0.6265625 0.41574074074074074 0.036458333333333336 0.03518518518518519
13 0.65859375 0.412962962962963 0.0203125 0.022222222222222223
13 0.6809895833333334 0.40694444444444444 0.027604166666666666 0.032407407407407406
3 0.7174479166666666 0.4083333333333333 0.024479166666666666 0.037037037037037035
3 0.7471354166666667 0.3976851851851852 0.0421875 0.10092592592592593
3 0.8627604166666667 0.4101851851851852 0.2046875 0.2518518518518518
8 0.9713541666666666 0.42592592592592593 0.016666666666666666 0.02962962962962963
4 0.9005208333333333 0.7106481481481481 0.196875 0.575
3 0.6950520833333333 0.40694444444444444 0.011979166666666667 0.023148148148148147
1 0.6984375 0.41759259259259257 0.013541666666666667 0.011111111111111112
4 0.62265625 0.49212962962962964 0.08697916666666666 0.14166666666666666
4 0.6666666666666666 0.45925925925925926 0.03125 0.07222222222222222
4 0.6953125 0.43472222222222223 0.020833333333333332 0.030555555555555555
1 0.7151041666666667 0.42453703703703705 0.030208333333333334 0.025
6 0.6830729166666667 0.4847222222222222 0.021354166666666667 0.06574074074074074
8 0.68203125 0.4689814814814815 0.022395833333333334 0.08425925925925926
6 0.6307291666666667 0.5962962962962963 0.06458333333333334 0.1574074074074074
8 0.65 0.5125 0.030208333333333334 0.13055555555555556
8 0.6328125 0.5504629629629629 0.06041666666666667 0.2064814814814815
6 0.79296875 0.9032407407407408 0.3807291666666667 0.19166666666666668
8 0.6994791666666667 0.7041666666666667 0.19270833333333334 0.5546296296296296
8 0.7846354166666667 0.749537037037037 0.3359375 0.49722222222222223
14 0.7028645833333333 0.40694444444444444 0.009895833333333333 0.019444444444444445