3 0.8174479166666667 0.4324074074074074 0.3640625 0.8648148148148148
4 0.19869791666666667 0.5254629629629629 0.0515625 0.05092592592592592
4 0.23854166666666668 0.524074074074074 0.03333333333333333 0.05
14 0.6109375 0.5351851851851852 0.004166666666666667 0.009259259259259259
6 0.6130208333333333 0.5425925925925926 0.004166666666666667 0.014814814814814815
8 0.6135416666666667 0.5347222222222222 0.004166666666666667 0.013888888888888888
7 0.60859375 0.5337962962962963 0.0015625 0.008333333333333333
8 0.6052083333333333 0.5342592592592592 0.0020833333333333333 0.005555555555555556
8 0.60390625 0.5310185185185186 0.0015625 0.008333333333333333
8 0.6057291666666667 0.5319444444444444 0.0020833333333333333 0.004629629629629629
6 0.6052083333333333 0.5347222222222222 0.003125 0.004629629629629629
6 0.60234375 0.5365740740740741 0.0036458333333333334 0.008333333333333333
7 0.6002604166666666 0.5310185185185186 0.0015625 0.010185185185185186
8 0.60234375 0.5314814814814814 0.0036458333333333334 0.009259259259259259
6 0.5783854166666667 0.5356481481481481 0.0046875 0.010185185185185186
8 0.5778645833333333 0.5305555555555556 0.0046875 0.009259259259259259
4 0.5765625 0.5300925925925926 0.003125 0.008333333333333333
14 0.5583333333333333 0.5263888888888889 0.004166666666666667 0.013888888888888888
6 0.5591145833333333 0.5310185185185186 0.0026041666666666665 0.006481481481481481
8 0.55859375 0.5273148148148148 0.0015625 0.006481481481481481
7 0.21536458333333333 0.5333333333333333 0.008854166666666666 0.04814814814814815
7 0.26067708333333334 0.5171296296296296 0.0046875 0.021296296296296296
7 0.2643229166666667 0.5166666666666667 0.005729166666666666 0.018518518518518517
10 0.2453125 0.5148148148148148 0.010416666666666666 0.03888888888888889
6 0.275 0.5444444444444444 0.020833333333333332 0.03148148148148148
8 0.27291666666666664 0.5370370370370371 0.013541666666666667 0.044444444444444446
14 0.29401041666666666 0.5356481481481481 0.04010416666666667 0.06944444444444445
4 0.34427083333333336 0.5486111111111112 0.053125 0.0712962962962963
7 0.38255208333333335 0.5337962962962963 0.009895833333333333 0.03981481481481482
7 0.39791666666666664 0.5356481481481481 0.007291666666666667 0.03425925925925926
7 0.41510416666666666 0.5370370370370371 0.00625 0.03148148148148148
7 0.4015625 0.5398148148148149 0.00625 0.037037037037037035
7 0.42265625 0.5319444444444444 0.005729166666666666 0.030555555555555555
7 0.4200520833333333 0.5430555555555555 0.005729166666666666 0.030555555555555555
14 0.4395833333333333 0.5337962962962963 0.017708333333333333 0.03796296296296296
1 0.4356770833333333 0.5518518518518518 0.025520833333333333 0.053703703703703705
6 0.45807291666666666 0.549537037037037 0.008854166666666666 0.025
8 0.4588541666666667 0.5416666666666666 0.007291666666666667 0.025925925925925925
14 0.46796875 0.5199074074074074 0.009895833333333333 0.01574074074074074
14 0.48489583333333336 0.5148148148148148 0.009375 0.009259259259259259
4 0.50625 0.5268518518518519 0.005208333333333333 0.016666666666666666
6 0.5161458333333333 0.537962962962963 0.004166666666666667 0.011111111111111112
4 0.5122395833333333 0.5273148148148148 0.0078125 0.013888888888888888
8 0.51640625 0.5333333333333333 0.0036458333333333334 0.012962962962962963
3 0.49583333333333335 0.5259259259259259 0.015625 0.037037037037037035
1 0.4864583333333333 0.5287037037037037 0.00625 0.020370370370370372
8 0.5138020833333333 0.5333333333333333 0.0036458333333333334 0.005555555555555556
8 0.48802083333333335 0.5402777777777777 0.005208333333333333 0.025
8 0.47942708333333334 0.5453703703703704 0.0171875 0.03888888888888889
6 0.5122395833333333 0.5513888888888889 0.0078125 0.021296296296296296
8 0.5122395833333333 0.5430555555555555 0.0067708333333333336 0.025
1 0.5239583333333333 0.5412037037037037 0.015625 0.030555555555555555
14 0.5361979166666667 0.5291666666666667 0.008854166666666666 0.004629629629629629
1 0.5385416666666667 0.549537037037037 0.016666666666666666 0.03796296296296296
6 0.5010416666666667 0.5583333333333333 0.009375 0.025925925925925925
8 0.5018229166666667 0.5458333333333333 0.008854166666666666 0.028703703703703703
8 0.5013020833333334 0.5518518518518518 0.0140625 0.03888888888888889