7 0.08958333333333333 0.6199074074074075 0.09791666666666667 0.18796296296296297
7 0.06197916666666667 0.8208333333333333 0.12395833333333334 0.35648148148148145
7 0.10677083333333333 0.7898148148148149 0.09479166666666666 0.4185185185185185
7 0.21302083333333333 0.8138888888888889 0.16458333333333333 0.3685185185185185
7 0.28671875 0.5833333333333334 0.0359375 0.08703703703703704
6 0.290625 0.637962962962963 0.06770833333333333 0.1648148148148148
6 0.32916666666666666 0.6263888888888889 0.052083333333333336 0.17685185185185184
7 0.3458333333333333 0.549074074074074 0.011458333333333333 0.037037037037037035
7 0.3421875 0.5550925925925926 0.014583333333333334 0.04351851851851852
7 0.38776041666666666 0.5504629629629629 0.015104166666666667 0.04351851851851852
7 0.3848958333333333 0.5861111111111111 0.016666666666666666 0.08148148148148149
6 0.41484375 0.649074074074074 0.0390625 0.14444444444444443
7 0.36744791666666665 0.7268518518518519 0.1046875 0.5407407407407407
7 0.43359375 0.5662037037037037 0.018229166666666668 0.06574074074074074
7 0.46328125 0.6 0.033854166666666664 0.13518518518518519
7 0.45234375 0.6013888888888889 0.030729166666666665 0.14166666666666666
7 0.45703125 0.524074074074074 0.009895833333333333 0.020370370370370372
7 0.4661458333333333 0.5398148148148149 0.0125 0.04259259259259259
7 0.4747395833333333 0.5745370370370371 0.0171875 0.09722222222222222
7 0.48463541666666665 0.5324074074074074 0.005729166666666666 0.022222222222222223
7 0.49453125 0.5328703703703703 0.009895833333333333 0.017592592592592594
7 0.5020833333333333 0.525 0.00625 0.024074074074074074
7 0.5052083333333334 0.5231481481481481 0.005208333333333333 0.02962962962962963
7 0.5078125 0.5222222222222223 0.009375 0.03148148148148148
7 0.5135416666666667 0.5208333333333334 0.009375 0.026851851851851852
7 0.5239583333333333 0.5208333333333334 0.007291666666666667 0.032407407407407406
7 0.5359375 0.5231481481481481 0.0125 0.027777777777777776
7 0.5317708333333333 0.5342592592592592 0.013541666666666667 0.025925925925925925
7 0.5502604166666667 0.5541666666666667 0.011979166666666667 0.06944444444444445
7 0.5458333333333333 0.5509259259259259 0.0125 0.08148148148148149
7 0.55625 0.524537037037037 0.005208333333333333 0.01574074074074074
7 0.55703125 0.5449074074074074 0.0067708333333333336 0.041666666666666664
7 0.56171875 0.5277777777777778 0.005729166666666666 0.020370370370370372
8 0.56484375 0.5328703703703703 0.009895833333333333 0.03425925925925926
14 0.5747395833333333 0.5254629629629629 0.015104166666666667 0.013888888888888888
8 0.5760416666666667 0.5291666666666667 0.00625 0.017592592592592594
8 0.5716145833333334 0.5356481481481481 0.0109375 0.028703703703703703
8 0.5986979166666667 0.5287037037037037 0.009895833333333333 0.020370370370370372
6 0.6041666666666666 0.5523148148148148 0.016666666666666666 0.028703703703703703
8 0.6052083333333333 0.5462962962962963 0.016666666666666666 0.053703703703703705
4 0.621875 0.5314814814814814 0.013541666666666667 0.024074074074074074
7 0.6205729166666667 0.5365740740740741 0.009895833333333333 0.026851851851851852
8 0.6145833333333334 0.5486111111111112 0.016666666666666666 0.04722222222222222
6 0.61015625 0.5680555555555555 0.018229166666666668 0.030555555555555555
7 0.6315104166666666 0.6361111111111111 0.044270833333333336 0.22407407407407406
13 0.6841145833333333 0.5981481481481481 0.11927083333333334 0.2462962962962963
7 0.6953125 0.6356481481481482 0.03229166666666667 0.22870370370370371
7 0.8247395833333333 0.6763888888888889 0.06927083333333334 0.30092592592592593
6 0.5934895833333333 0.7208333333333333 0.09114583333333333 0.24537037037037038
8 0.5671875 0.6092592592592593 0.028125 0.1537037037037037
8 0.5984375 0.6513888888888889 0.07604166666666666 0.2601851851851852
8 0.5890625 0.6449074074074074 0.040625 0.16944444444444445
8 0.7322916666666667 0.7273148148148149 0.10208333333333333 0.4564814814814815
6 0.8760416666666667 0.7388888888888889 0.11145833333333334 0.2759259259259259
6 0.9671875 0.7861111111111111 0.06458333333333334 0.24259259259259258
7 0.9572916666666667 0.7305555555555555 0.084375 0.45
7 0.8791666666666667 0.5087962962962963 0.03333333333333333 0.11574074074074074
7 0.9901041666666667 0.46944444444444444 0.017708333333333333 0.25555555555555554
4 0.5169270833333334 0.5791666666666667 0.06197916666666667 0.09351851851851851
7 0.5174479166666667 0.5833333333333334 0.021354166666666667 0.11666666666666667
7 0.53203125 0.5879629629629629 0.021354166666666667 0.10555555555555556
7 0.48854166666666665 0.5805555555555556 0.022916666666666665 0.11851851851851852