10 0.4453125 0.5138888888888888 0.0125 0.020370370370370372
4 0.61875 0.4962962962962963 0.007291666666666667 0.011111111111111112
4 0.6296875 0.4925925925925926 0.004166666666666667 0.014814814814814815
13 0.6419270833333334 0.48055555555555557 0.016145833333333335 0.016666666666666666
4 0.6408854166666667 0.49212962962962964 0.019270833333333334 0.028703703703703703
6 0.6908854166666667 0.5097222222222222 0.0140625 0.03981481481481482
8 0.690625 0.49953703703703706 0.0125 0.041666666666666664
6 0.10338541666666666 0.46435185185185185 0.0109375 0.026851851851851852
8 0.10338541666666666 0.44212962962962965 0.011979166666666667 0.03981481481481482
4 0.15989583333333332 0.4597222222222222 0.0375 0.05277777777777778
7 0.16328125 0.49212962962962964 0.0140625 0.05462962962962963
4 0.209375 0.5064814814814815 0.0625 0.07592592592592592
7 0.27838541666666666 0.5467592592592593 0.013020833333333334 0.05092592592592592
8 0.40260416666666665 0.5541666666666667 0.017708333333333333 0.025
8 0.42109375 0.5680555555555555 0.0171875 0.032407407407407406
14 0.54921875 0.5712962962962963 0.0078125 0.009259259259259259
8 0.5919270833333333 0.5824074074074074 0.0046875 0.011111111111111112
4 0.5994791666666667 0.5884259259259259 0.013541666666666667 0.021296296296296296
4 0.58359375 0.5912037037037037 0.021354166666666667 0.030555555555555555
6 0.5989583333333334 0.600925925925926 0.007291666666666667 0.020370370370370372
8 0.5989583333333334 0.5916666666666667 0.007291666666666667 0.02962962962962963
4 0.54375 0.587037037037037 0.011458333333333333 0.024074074074074074
4 0.5635416666666667 0.5912037037037037 0.03229166666666667 0.03425925925925926
4 0.5359375 0.5893518518518519 0.014583333333333334 0.028703703703703703
6 0.56015625 0.6842592592592592 0.05677083333333333 0.16666666666666666
8 0.559375 0.6189814814814815 0.051041666666666666 0.13240740740740742
4 0.5135416666666667 0.5912037037037037 0.022916666666666665 0.04722222222222222
6 0.525 0.6236111111111111 0.019791666666666666 0.04351851851851852
8 0.52109375 0.5643518518518519 0.0067708333333333336 0.013888888888888888
8 0.52421875 0.5944444444444444 0.0234375 0.07592592592592592
6 0.07630208333333334 0.5291666666666667 0.0421875 0.08796296296296297
1 0.23932291666666666 0.5893518518518519 0.06822916666666666 0.14907407407407408
6 0.028645833333333332 0.5120370370370371 0.025 0.05740740740740741
6 0.030989583333333334 0.5314814814814814 0.06197916666666667 0.0962962962962963
6 0.49557291666666664 0.6023148148148149 0.015104166666666667 0.049074074074074076
8 0.49713541666666666 0.5902777777777778 0.016145833333333335 0.05277777777777778
4 0.45755208333333336 0.6041666666666666 0.0640625 0.08796296296296297
4 0.3580729166666667 0.6703703703703704 0.18177083333333333 0.2222222222222222
10 0.5203125 0.5111111111111111 0.008333333333333333 0.02962962962962963
10 0.39453125 0.5101851851851852 0.022395833333333334 0.024074074074074074
3 0.5770833333333333 0.5694444444444444 0.013541666666666667 0.012962962962962963