6 0.1671875 0.6074074074074074 0.03125 0.07777777777777778
4 0.24010416666666667 0.5791666666666667 0.1375 0.1638888888888889
4 0.33697916666666666 0.5578703703703703 0.04895833333333333 0.08425925925925926
13 0.3828125 0.5273148148148148 0.03958333333333333 0.07685185185185185
6 0.3809895833333333 0.5625 0.021354166666666667 0.04537037037037037
8 0.38255208333333335 0.5546296296296296 0.0171875 0.053703703703703705
8 0.37864583333333335 0.5509259259259259 0.020833333333333332 0.05555555555555555
4 0.42604166666666665 0.5236111111111111 0.009375 0.017592592592592594
7 0.12447916666666667 0.5893518518518519 0.01875 0.10648148148148148
6 0.05572916666666667 0.6101851851851852 0.03958333333333333 0.1037037037037037
6 0.06458333333333334 0.8453703703703703 0.12916666666666668 0.3055555555555556
8 0.05625 0.7560185185185185 0.1125 0.4287037037037037
8 0.03671875 0.7837962962962963 0.0734375 0.42314814814814816
6 0.9838541666666667 0.637962962962963 0.030208333333333334 0.0962962962962963
8 0.9875 0.6111111111111112 0.022916666666666665 0.12407407407407407
6 0.8697916666666666 0.6351851851851852 0.05520833333333333 0.10185185185185185
8 0.8635416666666667 0.6046296296296296 0.027083333333333334 0.12407407407407407
1 0.6802083333333333 0.5541666666666667 0.013541666666666667 0.04722222222222222
1 0.6994791666666667 0.5578703703703703 0.01875 0.05648148148148148
13 0.6229166666666667 0.5231481481481481 0.10625 0.16296296296296298
14 0.57109375 0.5375 0.0109375 0.026851851851851852
13 0.55625 0.5314814814814814 0.01875 0.02962962962962963
14 0.5354166666666667 0.525 0.022916666666666665 0.04259259259259259
14 0.5192708333333333 0.5203703703703704 0.015625 0.03333333333333333
4 0.465625 0.5222222222222223 0.0125 0.018518518518518517
4 0.45729166666666665 0.5217592592592593 0.008333333333333333 0.013888888888888888
6 0.4578125 0.5254629629629629 0.004166666666666667 0.013888888888888888
8 0.45807291666666666 0.5203703703703704 0.0036458333333333334 0.011111111111111112
6 0.45260416666666664 0.5259259259259259 0.004166666666666667 0.011111111111111112
8 0.45338541666666665 0.5217592592592593 0.0036458333333333334 0.013888888888888888
6 0.44427083333333334 0.5398148148148149 0.008333333333333333 0.020370370370370372
8 0.44296875 0.5333333333333333 0.008854166666666666 0.024074074074074074
8 0.44166666666666665 0.5324074074074074 0.010416666666666666 0.027777777777777776
6 0.43697916666666664 0.5625 0.014583333333333334 0.03796296296296296
8 0.43645833333333334 0.5486111111111112 0.013541666666666667 0.049074074074074076
6 0.41901041666666666 0.5537037037037037 0.0109375 0.027777777777777776
8 0.41875 0.5430555555555555 0.013541666666666667 0.03425925925925926
13 0.4315104166666667 0.5125 0.0203125 0.025