4 0.4236979166666667 0.43148148148148147 0.009895833333333333 0.018518518518518517
1 0.43411458333333336 0.43472222222222223 0.011979166666666667 0.023148148148148147
6 0.44088541666666664 0.4444444444444444 0.005729166666666666 0.016666666666666666
8 0.44192708333333336 0.43425925925925923 0.005729166666666666 0.011111111111111112
6 0.43411458333333336 0.44722222222222224 0.0078125 0.022222222222222223
8 0.434375 0.4425925925925926 0.007291666666666667 0.025925925925925925
4 0.45026041666666666 0.44351851851851853 0.015104166666666667 0.025925925925925925
6 0.4518229166666667 0.4527777777777778 0.015104166666666667 0.024074074074074074
6 0.45390625 0.45601851851851855 0.021354166666666667 0.021296296296296296
6 0.45755208333333336 0.4652777777777778 0.033854166666666664 0.025
6 0.47265625 0.4777777777777778 0.03177083333333333 0.022222222222222223
6 0.5122395833333333 0.5013888888888889 0.018229166666666668 0.04537037037037037
7 0.49661458333333336 0.4810185185185185 0.021354166666666667 0.058333333333333334
6 0.54609375 0.5259259259259259 0.0453125 0.05185185185185185
6 0.5606770833333333 0.5287037037037037 0.0390625 0.07037037037037037
6 0.56796875 0.5439814814814815 0.024479166666666666 0.062037037037037036
7 0.66796875 0.4986111111111111 0.015104166666666667 0.04537037037037037
7 0.6356770833333333 0.500462962962963 0.015104166666666667 0.05092592592592592
7 0.66953125 0.5453703703703704 0.018229166666666668 0.08703703703703704
1 0.9752604166666666 0.5388888888888889 0.04635416666666667 0.06296296296296296
4 0.971875 0.6134259259259259 0.05520833333333333 0.09722222222222222
4 0.81171875 0.7615740740740741 0.3734375 0.4324074074074074
6 0.81015625 0.5347222222222222 0.05364583333333333 0.028703703703703703
7 0.8815104166666666 0.5481481481481482 0.0140625 0.02962962962962963
3 0.1015625 0.4199074074074074 0.065625 0.2638888888888889
13 0.046614583333333334 0.42314814814814816 0.09322916666666667 0.3425925925925926
4 0.4942708333333333 0.5689814814814815 0.14270833333333333 0.1935185185185185
6 0.6359375 0.7638888888888888 0.153125 0.34814814814814815
8 0.59375 0.7138888888888889 0.07083333333333333 0.4222222222222222
4 0.35703125 0.6592592592592592 0.4984375 0.5944444444444444
10 0.10286458333333333 0.6236111111111111 0.024479166666666666 0.04351851851851852