3 0.41953125 0.5611111111111111 0.07447916666666667 0.1259259259259259
3 0.5294270833333333 0.5675925925925925 0.03697916666666667 0.07222222222222222
3 0.6377604166666667 0.5689814814814815 0.034895833333333334 0.06759259259259259
3 0.6971354166666667 0.5708333333333333 0.0890625 0.15462962962962962
3 0.8627604166666667 0.575462962962963 0.2734375 0.3490740740740741
3 0.20989583333333334 0.5962962962962963 0.35104166666666664 0.45
6 0.49453125 0.6375 0.028645833333333332 0.08796296296296297
8 0.49635416666666665 0.5990740740740741 0.022916666666666665 0.11481481481481481
8 0.4830729166666667 0.6041666666666666 0.0328125 0.11388888888888889
8 0.4817708333333333 0.5675925925925925 0.008333333333333333 0.037037037037037035
7 0.5583333333333333 0.5773148148148148 0.00625 0.028703703703703703
4 0.5744791666666667 0.5782407407407407 0.017708333333333333 0.025