3 0.8236979166666667 0.5222222222222223 0.05260416666666667 0.040740740740740744
3 0.7341145833333333 0.5337962962962963 0.04010416666666667 0.013888888888888888
3 0.6822916666666666 0.5263888888888889 0.014583333333333334 0.026851851851851852
3 0.4947916666666667 0.5305555555555556 0.07395833333333333 0.08518518518518518
13 0.4518229166666667 0.5208333333333334 0.015104166666666667 0.032407407407407406
4 0.46822916666666664 0.5736111111111111 0.040625 0.075
6 0.4903645833333333 0.5768518518518518 0.013020833333333334 0.04259259259259259
8 0.49192708333333335 0.5643518518518519 0.015104166666666667 0.06018518518518518
4 0.49609375 0.5953703703703703 0.005729166666666666 0.09074074074074075
6 0.46458333333333335 0.6212962962962963 0.03229166666666667 0.08703703703703704
8 0.465625 0.5851851851851851 0.03229166666666667 0.11481481481481481
4 0.41432291666666665 0.5773148148148148 0.08177083333333333 0.12685185185185185
7 0.31302083333333336 0.562962962962963 0.013541666666666667 0.09444444444444444
7 0.28828125 0.5583333333333333 0.018229166666666668 0.10740740740740741
7 0.33151041666666664 0.5703703703703704 0.019270833333333334 0.09444444444444444
7 0.12421875 0.549074074074074 0.0203125 0.02962962962962963
14 0.11614583333333334 0.5282407407407408 0.12604166666666666 0.1287037037037037
6 0.041666666666666664 0.5421296296296296 0.046875 0.05462962962962963
4 0.14609375 0.7828703703703703 0.2921875 0.4324074074074074
1 0.5807291666666666 0.7268518518518519 0.20104166666666667 0.43148148148148147