4 0.11015625 0.5222222222222223 0.09427083333333333 0.10740740740740741
6 0.020052083333333335 0.5444444444444444 0.03802083333333333 0.03333333333333333
4 0.031510416666666666 0.524074074074074 0.0140625 0.024074074074074074
6 0.02265625 0.6092592592592593 0.0453125 0.15
8 0.01015625 0.6111111111111112 0.0203125 0.12037037037037036
6 0.05963541666666667 0.5685185185185185 0.07447916666666667 0.14074074074074075
8 0.06067708333333333 0.5402777777777777 0.0484375 0.1361111111111111
6 0.11796875 0.5523148148148148 0.024479166666666666 0.06574074074074074
8 0.12473958333333333 0.49722222222222223 0.018229166666666668 0.06666666666666667
6 0.13854166666666667 0.5537037037037037 0.042708333333333334 0.1037037037037037
8 0.14427083333333332 0.5180555555555556 0.034375 0.10833333333333334
10 0.16197916666666667 0.6875 0.03229166666666667 0.049074074074074076
13 0.30885416666666665 0.4527777777777778 0.3177083333333333 0.3648148148148148
3 0.4765625 0.4263888888888889 0.034375 0.10092592592592593
13 0.5143229166666666 0.41388888888888886 0.019270833333333334 0.03148148148148148
13 0.5395833333333333 0.4046296296296296 0.0375 0.027777777777777776
3 0.5901041666666667 0.4050925925925926 0.036458333333333336 0.04537037037037037
4 0.54609375 0.43657407407407406 0.05364583333333333 0.05648148148148148
4 0.503125 0.4615740740740741 0.06875 0.08055555555555556
10 0.48333333333333334 0.4912037037037037 0.011458333333333333 0.012037037037037037
8 0.54609375 0.44166666666666665 0.013020833333333334 0.046296296296296294
1 0.5776041666666667 0.4199074074074074 0.01875 0.01574074074074074
13 0.6442708333333333 0.4041666666666667 0.07395833333333333 0.12314814814814815
13 0.6958333333333333 0.4101851851851852 0.051041666666666666 0.1111111111111111
3 0.7609375 0.38564814814814813 0.014583333333333334 0.058333333333333334
3 0.8174479166666667 0.3800925925925926 0.10364583333333334 0.12129629629629629
4 0.7635416666666667 0.4217592592592593 0.03229166666666667 0.021296296296296296
1 0.7411458333333333 0.40925925925925927 0.016666666666666666 0.027777777777777776
1 0.70390625 0.4375 0.0359375 0.0712962962962963
3 0.7252604166666666 0.3958333333333333 0.016145833333333335 0.032407407407407406
4 0.7278645833333334 0.4134259259259259 0.008854166666666666 0.013888888888888888
4 0.7138020833333333 0.44212962962962965 0.04114583333333333 0.05462962962962963
4 0.73046875 0.4425925925925926 0.058854166666666666 0.05555555555555555
4 0.7578125 0.5152777777777777 0.09479166666666666 0.175
1 0.8065104166666667 0.4287037037037037 0.0390625 0.03333333333333333
4 0.8221354166666667 0.5060185185185185 0.10364583333333334 0.17314814814814813
13 0.9359375 0.4388888888888889 0.12708333333333333 0.8703703703703703
13 0.7453125 0.40370370370370373 0.016666666666666666 0.025925925925925925
4 0.5893229166666667 0.562037037037037 0.15885416666666666 0.29444444444444445
8 0.6619791666666667 0.6523148148148148 0.058333333333333334 0.375
8 0.6950520833333333 0.725 0.12552083333333333 0.5462962962962963
6 0.6947916666666667 0.8337962962962963 0.10520833333333333 0.325
8 0.7888020833333333 0.7041666666666667 0.21927083333333333 0.47685185185185186
8 0.8559895833333333 0.7481481481481481 0.2869791666666667 0.5018518518518519
6 0.778125 0.9902777777777778 0.07708333333333334 0.017592592592592594
6 0.30807291666666664 0.9416666666666667 0.32135416666666666 0.11296296296296296
8 0.3919270833333333 0.7847222222222222 0.13072916666666667 0.42314814814814816
8 0.28619791666666666 0.7402777777777778 0.3359375 0.5157407407407407