6 0.209375 0.674537037037037 0.07708333333333334 0.1638888888888889
13 0.3796875 0.48055555555555557 0.4166666666666667 0.9611111111111111
7 0.58515625 0.6393518518518518 0.028645833333333332 0.18425925925925926
7 0.5986979166666667 0.5430555555555555 0.022395833333333334 0.075
7 0.6098958333333333 0.611574074074074 0.03854166666666667 0.21203703703703702
7 0.6252604166666667 0.6166666666666667 0.0390625 0.22777777777777777
7 0.6453125 0.5944444444444444 0.04479166666666667 0.12407407407407407
6 0.6705729166666666 0.7476851851851852 0.08072916666666667 0.21574074074074073
8 0.646875 0.649537037037037 0.05416666666666667 0.18425925925925926
8 0.6552083333333333 0.687037037037037 0.06666666666666667 0.2722222222222222
8 0.6723958333333333 0.6717592592592593 0.07083333333333333 0.2657407407407407
6 0.7135416666666666 0.6305555555555555 0.026041666666666668 0.08148148148148149
8 0.7028645833333333 0.5652777777777778 0.022395833333333334 0.05462962962962963
8 0.709375 0.575925925925926 0.03229166666666667 0.08148148148148149
8 0.7223958333333333 0.5481481481481482 0.0125 0.03888888888888889
8 0.73046875 0.5546296296296296 0.0203125 0.03888888888888889
7 0.7619791666666667 0.5439814814814815 0.014583333333333334 0.026851851851851852
7 0.7721354166666666 0.5444444444444444 0.0109375 0.014814814814814815
7 0.7947916666666667 0.5416666666666666 0.011458333333333333 0.020370370370370372
7 0.803125 0.5421296296296296 0.010416666666666666 0.017592592592592594
7 0.81328125 0.538425925925926 0.011979166666666667 0.019444444444444445
7 0.83515625 0.5416666666666666 0.011979166666666667 0.016666666666666666
7 0.846875 0.5453703703703704 0.011458333333333333 0.018518518518518517
7 0.8580729166666666 0.5449074074074074 0.011979166666666667 0.023148148148148147
4 0.9005208333333333 0.5634259259259259 0.11041666666666666 0.13796296296296295
4 0.84296875 0.7240740740740741 0.2755208333333333 0.3574074074074074
13 0.9526041666666667 0.624537037037037 0.09375 0.32314814814814813