7 0.04244791666666667 0.3578703703703704 0.013020833333333334 0.04537037037037037
7 0.062239583333333334 0.3560185185185185 0.024479166666666666 0.041666666666666664
7 0.061197916666666664 0.35694444444444445 0.015104166666666667 0.04722222222222222
7 0.08203125 0.35694444444444445 0.013020833333333334 0.03981481481481482
6 0.11302083333333333 0.34675925925925927 0.053125 0.05648148148148148
6 0.12552083333333333 0.3523148148148148 0.036458333333333336 0.049074074074074076
7 0.13671875 0.32175925925925924 0.008854166666666666 0.030555555555555555
6 0.16197916666666667 0.3490740740740741 0.051041666666666666 0.08148148148148149
6 0.19895833333333332 0.37916666666666665 0.06875 0.08425925925925926
7 0.27786458333333336 0.44351851851851853 0.0609375 0.24259259259259258
7 0.2604166666666667 0.4537037037037037 0.06354166666666666 0.24814814814814815
6 0.428125 0.3962962962962963 0.052083333333333336 0.12962962962962962
7 0.49453125 0.4041666666666667 0.0203125 0.09166666666666666
7 0.5393229166666667 0.3939814814814815 0.0296875 0.12129629629629629