14 0.471875 0.45787037037037037 0.00625 0.012037037037037037
14 0.47994791666666664 0.46435185185185185 0.0140625 0.021296296296296296
13 0.4984375 0.4587962962962963 0.017708333333333333 0.006481481481481481
14 0.48463541666666665 0.47453703703703703 0.0078125 0.01574074074074074
14 0.5171875 0.47453703703703703 0.017708333333333333 0.03611111111111111
14 0.521875 0.4759259259259259 0.019791666666666666 0.02962962962962963
6 0.5208333333333334 0.4981481481481482 0.004166666666666667 0.011111111111111112
8 0.52109375 0.4898148148148148 0.005729166666666666 0.011111111111111112
4 0.5278645833333333 0.4976851851851852 0.005729166666666666 0.026851851851851852
13 0.5380208333333333 0.49537037037037035 0.017708333333333333 0.046296296296296294
4 0.5427083333333333 0.513425925925926 0.010416666666666666 0.03611111111111111
3 0.5786458333333333 0.5092592592592593 0.06770833333333333 0.1037037037037037
14 0.6158854166666666 0.5069444444444444 0.008854166666666666 0.026851851851851852
1 0.6302083333333334 0.5171296296296296 0.023958333333333335 0.019444444444444445
8 0.6333333333333333 0.5194444444444445 0.011458333333333333 0.022222222222222223
4 0.6442708333333333 0.5504629629629629 0.03229166666666667 0.06018518518518518
7 0.6640625 0.5092592592592593 0.004166666666666667 0.009259259259259259
7 0.6596354166666667 0.5069444444444444 0.0046875 0.017592592592592594
7 0.6552083333333333 0.5106481481481482 0.003125 0.021296296296296296
7 0.6518229166666667 0.5148148148148148 0.0078125 0.014814814814814815
1 0.6705729166666666 0.5212962962962963 0.024479166666666666 0.012962962962962963
7 0.6953125 0.5254629629629629 0.007291666666666667 0.030555555555555555
8 0.7153645833333333 0.524537037037037 0.0078125 0.025
8 0.7059895833333333 0.5444444444444444 0.015104166666666667 0.044444444444444446
6 0.7080729166666667 0.5587962962962963 0.016145833333333335 0.030555555555555555
4 0.6765625 0.5606481481481481 0.057291666666666664 0.0787037037037037
4 0.6091145833333333 0.5546296296296296 0.0578125 0.08148148148148149
4 0.7247395833333333 0.5643518518518519 0.043229166666666666 0.09351851851851851
4 0.8484375 0.600462962962963 0.05520833333333333 0.10092592592592593
4 0.7846354166666667 0.6240740740740741 0.15989583333333332 0.20555555555555555
7 0.859375 0.5587962962962963 0.011458333333333333 0.03796296296296296
7 0.9145833333333333 0.5740740740740741 0.014583333333333334 0.07592592592592592
4 0.95 0.5972222222222222 0.084375 0.07777777777777778
7 0.89453125 0.6087962962962963 0.034895833333333334 0.15462962962962962
4 0.94375 0.7027777777777777 0.10833333333333334 0.2537037037037037
10 0.86484375 0.8097222222222222 0.0203125 0.032407407407407406
3 0.5018229166666667 0.48518518518518516 0.028645833333333332 0.05185185185185185
4 0.5020833333333333 0.5018518518518519 0.020833333333333332 0.027777777777777776
4 0.47708333333333336 0.513425925925926 0.023958333333333335 0.04537037037037037
4 0.4947916666666667 0.5402777777777777 0.036458333333333336 0.06944444444444445
4 0.5182291666666666 0.5625 0.06354166666666666 0.09722222222222222
4 0.45208333333333334 0.49907407407407406 0.019791666666666666 0.022222222222222223
6 0.45703125 0.5069444444444444 0.0078125 0.017592592592592594
4 0.43854166666666666 0.5115740740740741 0.023958333333333335 0.03796296296296296
4 0.42135416666666664 0.5217592592592593 0.0375 0.05092592592592592
6 0.45208333333333334 0.5439814814814815 0.016666666666666666 0.04722222222222222
8 0.4515625 0.5310185185185186 0.017708333333333333 0.06018518518518518
7 0.5567708333333333 0.5513888888888889 0.008333333333333333 0.08055555555555556
7 0.5638020833333334 0.5527777777777778 0.011979166666666667 0.08888888888888889
10 0.5807291666666666 0.5726851851851852 0.004166666666666667 0.006481481481481481
10 0.6104166666666667 0.5981481481481481 0.005208333333333333 0.009259259259259259
7 0.35260416666666666 0.5111111111111111 0.010416666666666666 0.04259259259259259
7 0.3692708333333333 0.5194444444444445 0.0125 0.06851851851851852
7 0.37734375 0.5287037037037037 0.0046875 0.06481481481481481
7 0.38828125 0.5282407407407408 0.0046875 0.06388888888888888
7 0.3932291666666667 0.5291666666666667 0.010416666666666666 0.06759259259259259
7 0.38229166666666664 0.525 0.010416666666666666 0.07037037037037037
7 0.36770833333333336 0.5541666666666667 0.010416666666666666 0.08981481481481482
7 0.3609375 0.5583333333333333 0.017708333333333333 0.1037037037037037
7 0.34401041666666665 0.5601851851851852 0.0265625 0.1
8 0.3109375 0.5375 0.014583333333333334 0.06944444444444445
8 0.31276041666666665 0.5615740740740741 0.024479166666666666 0.12129629629629629
8 0.3028645833333333 0.5453703703703704 0.033854166666666664 0.09444444444444444
4 0.23958333333333334 0.5851851851851851 0.12916666666666668 0.1814814814814815
8 0.18046875 0.6782407407407407 0.08072916666666667 0.30277777777777776
8 0.14869791666666668 0.7101851851851851 0.1359375 0.362962962962963
6 0.15807291666666667 0.7731481481481481 0.13697916666666668 0.31666666666666665
14 0.00546875 0.5115740740740741 0.0109375 0.27314814814814814
6 0.31015625 0.5791666666666667 0.027604166666666666 0.075
3 0.625 0.49074074074074076 0.0125 0.014814814814814815
3 0.6346354166666667 0.49398148148148147 0.015104166666666667 0.017592592592592594
3 0.6473958333333333 0.49675925925925923 0.016666666666666666 0.017592592592592594
14 0.6263020833333334 0.5032407407407408 0.0140625 0.010185185185185186
1 0.4828125 0.487962962962963 0.011458333333333333 0.014814814814814815
14 0.4630208333333333 0.4930555555555556 0.010416666666666666 0.021296296296296296
14 0.47369791666666666 0.48657407407407405 0.0109375 0.01574074074074074