4 0.6049479166666667 0.34814814814814815 0.016145833333333335 0.027777777777777776
4 0.6330729166666667 0.3587962962962963 0.0703125 0.05092592592592592
9 0.6580729166666667 0.19768518518518519 0.018229166666666668 0.0824074074074074
9 0.7299479166666667 0.2935185185185185 0.008854166666666666 0.03333333333333333
9 0.8963541666666667 0.26342592592592595 0.008333333333333333 0.04537037037037037
8 0.83125 0.3527777777777778 0.007291666666666667 0.014814814814814815
4 0.796875 0.36574074074074076 0.09270833333333334 0.08148148148148149
1 0.728125 0.3888888888888889 0.09270833333333334 0.1037037037037037
8 0.8078125 0.4060185185185185 0.036458333333333336 0.11388888888888889
8 0.85625 0.41712962962962963 0.04791666666666667 0.13796296296296295
8 0.9106770833333333 0.3814814814814815 0.043229166666666666 0.06851851851851852
4 0.9252604166666667 0.3837962962962963 0.08802083333333334 0.062037037037037036
8 0.9908854166666666 0.37175925925925923 0.0171875 0.03796296296296296
8 0.9763020833333333 0.36712962962962964 0.030729166666666665 0.041666666666666664
4 0.9338541666666667 0.4828703703703704 0.13125 0.19722222222222222
6 0.7455729166666667 0.48842592592592593 0.027604166666666666 0.15092592592592594
8 0.7270833333333333 0.4546296296296296 0.05625 0.21481481481481482
6 0.7815104166666667 0.5555555555555556 0.08177083333333333 0.2759259259259259
8 0.7734375 0.4689814814814815 0.06875 0.1935185185185185
6 0.8411458333333334 0.6939814814814815 0.1375 0.44166666666666665
8 0.8161458333333333 0.6143518518518518 0.153125 0.4398148148148148
6 0.921875 0.7675925925925926 0.15520833333333334 0.46296296296296297
8 0.9197916666666667 0.562037037037037 0.159375 0.29259259259259257
8 0.9171875 0.6958333333333333 0.16458333333333333 0.5101851851851852
6 0.6776041666666667 0.725925925925926 0.190625 0.46111111111111114
8 0.6947916666666667 0.6337962962962963 0.125 0.49907407407407406
8 0.6447916666666667 0.6305555555555555 0.13958333333333334 0.3814814814814815
6 0.38828125 0.8356481481481481 0.21302083333333333 0.32685185185185184
8 0.31145833333333334 0.6814814814814815 0.29270833333333335 0.6351851851851852
8 0.1421875 0.6754629629629629 0.284375 0.6472222222222223
9 0.57265625 0.16574074074074074 0.0140625 0.07592592592592592
8 0.9677083333333333 0.35833333333333334 0.00625 0.020370370370370372