3 0.47421875 0.3851851851851852 0.0484375 0.12037037037037036
13 0.5283854166666667 0.37083333333333335 0.049479166666666664 0.03981481481481482
3 0.5880208333333333 0.36666666666666664 0.03958333333333333 0.053703703703703705
13 0.64140625 0.37083333333333335 0.07239583333333334 0.13796296296296295
13 0.6869791666666667 0.3712962962962963 0.042708333333333334 0.11481481481481481
13 0.7190104166666667 0.3574074074074074 0.019270833333333334 0.03888888888888889
1 0.7005208333333334 0.39444444444444443 0.03854166666666667 0.06296296296296296
4 0.7213541666666666 0.37083333333333335 0.0125 0.013888888888888888
1 0.73515625 0.3712962962962963 0.016145833333333335 0.022222222222222223
14 0.7408854166666666 0.3560185185185185 0.019270833333333334 0.013888888888888888
3 0.76015625 0.3439814814814815 0.022395833333333334 0.06574074074074074
4 0.7578125 0.3800925925925926 0.03125 0.026851851851851852
3 0.81875 0.35185185185185186 0.11458333333333333 0.1537037037037037
4 0.71328125 0.4046296296296296 0.0515625 0.06296296296296296
4 0.7263020833333333 0.40925925925925927 0.06302083333333333 0.06481481481481481
8 0.7546875 0.38055555555555554 0.011458333333333333 0.025925925925925925
4 0.7567708333333333 0.48055555555555557 0.10104166666666667 0.18888888888888888
1 0.8361979166666667 0.3888888888888889 0.0859375 0.044444444444444446
4 0.5458333333333333 0.3962962962962963 0.052083333333333336 0.06296296296296296
8 0.5354166666666667 0.39814814814814814 0.017708333333333333 0.05185185185185185
4 0.5018229166666667 0.42777777777777776 0.0703125 0.09814814814814815
10 0.4830729166666667 0.449537037037037 0.009895833333333333 0.019444444444444445
4 0.5973958333333333 0.5166666666666667 0.16145833333333334 0.29074074074074074
13 0.31640625 0.41388888888888886 0.3015625 0.3648148148148148
10 0.18151041666666667 0.6453703703703704 0.03177083333333333 0.05555555555555555
4 0.04505208333333333 0.48842592592592593 0.06197916666666667 0.06388888888888888
4 0.11145833333333334 0.47685185185185186 0.08541666666666667 0.1037037037037037
6 0.15625 0.4925925925925926 0.029166666666666667 0.06666666666666667
8 0.16015625 0.44814814814814813 0.0234375 0.06111111111111111
6 0.12734375 0.48564814814814816 0.0578125 0.062037037037037036
8 0.12682291666666667 0.45601851851851855 0.03697916666666667 0.07314814814814814
6 0.12291666666666666 0.5444444444444444 0.078125 0.13333333333333333
8 0.12604166666666666 0.4949074074074074 0.052083333333333336 0.1527777777777778
7 0.04244791666666667 0.48564814814814816 0.024479166666666666 0.06574074074074074
6 0.015364583333333333 0.5055555555555555 0.030729166666666665 0.044444444444444446
13 0.9567708333333333 0.24027777777777778 0.08541666666666667 0.48055555555555557
4 0.84609375 0.4824074074074074 0.1421875 0.23703703703703705
6 0.7317708333333334 0.8106481481481481 0.15416666666666667 0.3768518518518518
8 0.6861979166666666 0.6217592592592592 0.06927083333333334 0.4046296296296296
8 0.7135416666666666 0.700925925925926 0.13541666666666666 0.5888888888888889
6 0.8794270833333333 0.9254629629629629 0.24010416666666667 0.14722222222222223
8 0.8192708333333333 0.7138888888888889 0.21041666666666667 0.5703703703703704
8 0.8796875 0.7300925925925926 0.23958333333333334 0.537962962962963
6 0.3377604166666667 0.9296296296296296 0.32447916666666665 0.1388888888888889
8 0.43984375 0.7620370370370371 0.14114583333333333 0.4740740740740741
8 0.31692708333333336 0.7222222222222222 0.32760416666666664 0.5537037037037037