4 0.5716145833333334 0.5310185185185186 0.0046875 0.010185185185185186
13 0.5653645833333333 0.5277777777777778 0.0078125 0.011111111111111112
3 0.5489583333333333 0.5291666666666667 0.011458333333333333 0.019444444444444445
4 0.54765625 0.5342592592592592 0.0067708333333333336 0.014814814814814815
4 0.5421875 0.5361111111111111 0.00625 0.009259259259259259
6 0.54140625 0.5518518518518518 0.0067708333333333336 0.016666666666666666
8 0.5411458333333333 0.5467592592592593 0.007291666666666667 0.021296296296296296
13 0.53125 0.5416666666666666 0.008333333333333333 0.020370370370370372
6 0.5223958333333333 0.5537037037037037 0.008333333333333333 0.018518518518518517
8 0.5223958333333333 0.5481481481481482 0.009375 0.025925925925925925
13 0.5052083333333334 0.5347222222222222 0.025 0.049074074074074076
2 0.471875 0.5541666666666667 0.009375 0.017592592592592594
4 0.42604166666666665 0.5541666666666667 0.046875 0.04722222222222222
6 0.553125 0.6347222222222222 0.042708333333333334 0.1287037037037037
8 0.55390625 0.6013888888888889 0.03802083333333333 0.13240740740740742
8 0.59453125 0.5398148148148149 0.0026041666666666665 0.009259259259259259
8 0.5986979166666667 0.5435185185185185 0.0036458333333333334 0.011111111111111112
6 0.5984375 0.549537037037037 0.004166666666666667 0.012037037037037037
8 0.59453125 0.5439814814814815 0.0036458333333333334 0.010185185185185186
4 0.6036458333333333 0.5430555555555555 0.008333333333333333 0.017592592592592594
4 0.6028645833333334 0.5347222222222222 0.0078125 0.010185185185185186
8 0.6119791666666666 0.5328703703703703 0.0020833333333333333 0.004629629629629629
6 0.6138020833333333 0.5388888888888889 0.0036458333333333334 0.009259259259259259
8 0.6158854166666666 0.5532407407407407 0.0067708333333333336 0.026851851851851852
6 0.6283854166666667 0.549537037037037 0.0036458333333333334 0.010185185185185186
8 0.62734375 0.5444444444444444 0.0026041666666666665 0.011111111111111112
6 0.6330729166666667 0.549074074074074 0.0078125 0.009259259259259259
8 0.6322916666666667 0.5425925925925926 0.003125 0.011111111111111112
14 0.6403645833333333 0.5453703703703704 0.0109375 0.020370370370370372
13 0.6515625 0.549537037037037 0.019791666666666666 0.030555555555555555
6 0.6752604166666667 0.562037037037037 0.008854166666666666 0.014814814814814815
6 0.6838541666666667 0.5615740740740741 0.011458333333333333 0.026851851851851852
6 0.6947916666666667 0.5643518518518519 0.014583333333333334 0.025
7 0.6984375 0.5523148148148148 0.00625 0.023148148148148147
8 0.7190104166666667 0.5606481481481481 0.009895833333333333 0.032407407407407406
6 0.7296875 0.5671296296296297 0.0125 0.023148148148148147
6 0.7856770833333333 0.5787037037037037 0.011979166666666667 0.037037037037037035
8 0.8453125 0.5597222222222222 0.007291666666666667 0.017592592592592594
8 0.8682291666666667 0.5666666666666667 0.0125 0.022222222222222223
8 0.8591145833333333 0.562037037037037 0.0078125 0.024074074074074074
6 0.83359375 0.5726851851851852 0.030729166666666665 0.03425925925925926
7 0.7403645833333333 0.5587962962962963 0.005729166666666666 0.03981481481481482
1 0.5359375 0.5416666666666666 0.005208333333333333 0.016666666666666666