6 0.9515625 0.5625 0.022916666666666665 0.032407407407407406
4 0.7244791666666667 0.562962962962963 0.121875 0.08703703703703704
1 0.8520833333333333 0.6064814814814815 0.190625 0.25555555555555554
4 0.6083333333333333 0.5736111111111111 0.03333333333333333 0.05462962962962963
4 0.5591145833333333 0.5666666666666667 0.07864583333333333 0.07407407407407407
4 0.5171875 0.6046296296296296 0.0375 0.13333333333333333
13 0.3067708333333333 0.5314814814814814 0.075 0.06851851851851852
4 0.36302083333333335 0.575925925925926 0.036458333333333336 0.09814814814814815
4 0.23697916666666666 0.5777777777777777 0.017708333333333333 0.06111111111111111
1 0.28880208333333335 0.5671296296296297 0.07552083333333333 0.1175925925925926
4 0.30416666666666664 0.5986111111111111 0.090625 0.1398148148148148
13 0.1015625 0.5356481481481481 0.053125 0.03611111111111111
14 0.14114583333333333 0.5430555555555555 0.021875 0.010185185185185186
14 0.16744791666666667 0.5402777777777777 0.028645833333333332 0.013888888888888888
14 0.20052083333333334 0.5402777777777777 0.021875 0.013888888888888888
14 0.24453125 0.5513888888888889 0.018229166666666668 0.019444444444444445
1 0.4359375 0.7064814814814815 0.16770833333333332 0.3648148148148148
6 0.9846354166666667 0.8949074074074074 0.0296875 0.20833333333333334
4 0.24583333333333332 0.5680555555555555 0.015625 0.04351851851851852