14 0.4109375 0.5032407407407408 0.00625 0.008333333333333333
6 0.48385416666666664 0.55 0.010416666666666666 0.03333333333333333
8 0.48411458333333335 0.5416666666666666 0.013020833333333334 0.03888888888888889
14 0.40911458333333334 0.5138888888888888 0.0026041666666666665 0.007407407407407408
10 0.384375 0.4981481481481482 0.009375 0.016666666666666666
14 0.3684895833333333 0.5023148148148148 0.0078125 0.010185185185185186
3 0.2869791666666667 0.5041666666666667 0.025 0.019444444444444445
4 0.25364583333333335 0.5148148148148148 0.017708333333333333 0.014814814814814815
14 0.26901041666666664 0.5101851851851852 0.0067708333333333336 0.007407407407407408
6 0.28932291666666665 0.7907407407407407 0.1234375 0.362962962962963
8 0.3145833333333333 0.6967592592592593 0.05520833333333333 0.30462962962962964
8 0.2734375 0.6916666666666667 0.12083333333333333 0.3592592592592593