3 0.52734375 0.5356481481481481 0.0078125 0.013888888888888888
14 0.5197916666666667 0.5356481481481481 0.003125 0.004629629629629629
6 0.5221354166666666 0.5388888888888889 0.0026041666666666665 0.005555555555555556
8 0.5223958333333333 0.5342592592592592 0.003125 0.003703703703703704
6 0.5239583333333333 0.5393518518518519 0.0020833333333333333 0.008333333333333333
6 0.5252604166666667 0.5393518518518519 0.0026041666666666665 0.004629629629629629
8 0.5255208333333333 0.5361111111111111 0.0020833333333333333 0.003703703703703704
4 0.528125 0.5388888888888889 0.004166666666666667 0.007407407407407408
4 0.5330729166666667 0.5412037037037037 0.0067708333333333336 0.010185185185185186
6 0.53203125 0.5435185185185185 0.0026041666666666665 0.007407407407407408
8 0.5315104166666667 0.5398148148148149 0.0026041666666666665 0.009259259259259259
7 0.5419270833333333 0.5439814814814815 0.0015625 0.013888888888888888
6 0.5393229166666667 0.5592592592592592 0.0067708333333333336 0.022222222222222223
8 0.5390625 0.5513888888888889 0.009375 0.026851851851851852
6 0.5653645833333333 0.562037037037037 0.0067708333333333336 0.024074074074074074
8 0.5653645833333333 0.5560185185185185 0.008854166666666666 0.030555555555555555
4 0.5166666666666667 0.538425925925926 0.00625 0.012037037037037037
6 0.51484375 0.5546296296296296 0.0078125 0.018518518518518517
8 0.5153645833333333 0.5476851851851852 0.0067708333333333336 0.023148148148148147
6 0.5098958333333333 0.5611111111111111 0.007291666666666667 0.02962962962962963
8 0.5104166666666666 0.55 0.009375 0.02962962962962963
8 0.5083333333333333 0.5532407407407407 0.010416666666666666 0.032407407407407406