1 0.4979166666666667 0.5356481481481481 0.010416666666666666 0.025
1 0.5052083333333334 0.5370370370370371 0.008333333333333333 0.025925925925925925
1 0.5169270833333334 0.5421296296296296 0.015104166666666667 0.03796296296296296
6 0.52578125 0.5444444444444444 0.0046875 0.016666666666666666
8 0.5265625 0.5328703703703703 0.004166666666666667 0.012037037037037037
4 0.5377604166666666 0.5375 0.011979166666666667 0.019444444444444445
6 0.48098958333333336 0.5453703703703704 0.009895833333333333 0.014814814814814815
8 0.4828125 0.5398148148148149 0.007291666666666667 0.024074074074074074
8 0.4786458333333333 0.5388888888888889 0.00625 0.022222222222222223
14 0.5546875 0.5486111111111112 0.014583333333333334 0.023148148148148147
1 0.5776041666666667 0.5481481481481482 0.03958333333333333 0.046296296296296294
7 0.6234375 0.5310185185185186 0.009375 0.025
6 0.578125 0.5685185185185185 0.016666666666666666 0.046296296296296294
6 0.59140625 0.5662037037037037 0.022395833333333334 0.04722222222222222
6 0.6036458333333333 0.5666666666666667 0.021875 0.05925925925925926
6 0.6234375 0.5773148148148148 0.03333333333333333 0.06018518518518518
6 0.62734375 0.5805555555555556 0.0296875 0.06481481481481481
6 0.6338541666666667 0.5912037037037037 0.016666666666666666 0.049074074074074076
6 0.6578125 0.5800925925925926 0.04375 0.0712962962962963
8 0.6408854166666667 0.5550925925925926 0.013020833333333334 0.032407407407407406
7 0.6888020833333334 0.5449074074074074 0.013020833333333334 0.05092592592592592
7 0.6791666666666667 0.5421296296296296 0.010416666666666666 0.041666666666666664
7 0.7138020833333333 0.549537037037037 0.015104166666666667 0.0787037037037037
6 0.7083333333333334 0.6074074074074074 0.06875 0.10925925925925926
6 0.72734375 0.6236111111111111 0.06302083333333333 0.11388888888888889
7 0.7822916666666667 0.5675925925925925 0.020833333333333332 0.11481481481481481
7 0.8677083333333333 0.5592592592592592 0.030208333333333334 0.12962962962962962
6 0.8484375 0.6731481481481482 0.08854166666666667 0.18518518518518517
6 0.8682291666666667 0.687962962962963 0.10104166666666667 0.2
6 0.9091145833333333 0.7018518518518518 0.1234375 0.22592592592592592
6 0.9619791666666667 0.7685185185185185 0.07291666666666667 0.21481481481481482
7 0.49140625 0.5412037037037037 0.009895833333333333 0.03425925925925926
7 0.47161458333333334 0.5351851851851852 0.0046875 0.022222222222222223
7 0.46822916666666664 0.5402777777777777 0.00625 0.023148148148148147
14 0.45260416666666664 0.5407407407407407 0.010416666666666666 0.025925925925925925
6 0.49765625 0.575925925925926 0.018229166666666668 0.046296296296296294
8 0.49921875 0.5532407407407407 0.0140625 0.04351851851851852
4 0.44453125 0.5569444444444445 0.030729166666666665 0.04351851851851852
6 0.45677083333333335 0.5597222222222222 0.011458333333333333 0.032407407407407406
1 0.41953125 0.5564814814814815 0.025520833333333333 0.05925925925925926
7 0.35546875 0.5462962962962963 0.009895833333333333 0.03888888888888889
7 0.36770833333333336 0.5310185185185186 0.009375 0.017592592592592594
7 0.3372395833333333 0.5541666666666667 0.0109375 0.03796296296296296
7 0.39869791666666665 0.5291666666666667 0.0046875 0.013888888888888888
7 0.3921875 0.5300925925925926 0.00625 0.013888888888888888
7 0.3765625 0.5291666666666667 0.005208333333333333 0.008333333333333333
4 0.3885416666666667 0.5731481481481482 0.06458333333333334 0.08888888888888889
7 0.2984375 0.5337962962962963 0.014583333333333334 0.04537037037037037
7 0.28489583333333335 0.5740740740740741 0.016666666666666666 0.1037037037037037
7 0.30182291666666666 0.5833333333333334 0.0171875 0.0962962962962963
7 0.23229166666666667 0.5560185185185185 0.016666666666666666 0.04351851851851852
7 0.23697916666666666 0.5967592592592592 0.017708333333333333 0.13055555555555556
7 0.15755208333333334 0.5689814814814815 0.018229166666666668 0.04722222222222222
7 0.19010416666666666 0.586574074074074 0.020833333333333332 0.09166666666666666
6 0.5450520833333333 0.5430555555555555 0.0046875 0.010185185185185186
8 0.5453125 0.5328703703703703 0.00625 0.013888888888888888
7 0.6 0.5333333333333333 0.007291666666666667 0.022222222222222223