14 0.005729166666666666 0.5319444444444444 0.011458333333333333 0.35462962962962963
6 0.14427083333333332 0.5787037037037037 0.052083333333333336 0.05740740740740741
6 0.17317708333333334 0.6074074074074074 0.0609375 0.0962962962962963
6 0.2609375 0.6074074074074074 0.075 0.08888888888888889
2 0.38255208333333335 0.5972222222222222 0.013020833333333334 0.04814814814814815
8 0.38333333333333336 0.5791666666666667 0.014583333333333334 0.06759259259259259
14 0.4192708333333333 0.5537037037037037 0.042708333333333334 0.044444444444444446
14 0.3966145833333333 0.5407407407407407 0.04635416666666667 0.037037037037037035
6 0.515625 0.5518518518518518 0.00625 0.014814814814814815
8 0.5153645833333333 0.5393518518518519 0.0078125 0.019444444444444445
6 0.5200520833333333 0.5467592592592593 0.005729166666666666 0.010185185185185186
8 0.5197916666666667 0.5388888888888889 0.004166666666666667 0.014814814814814815
6 0.52265625 0.5361111111111111 0.0036458333333333334 0.005555555555555556
8 0.5223958333333333 0.5314814814814814 0.003125 0.007407407407407408
6 0.54375 0.5458333333333333 0.00625 0.010185185185185186
8 0.5434895833333333 0.5388888888888889 0.0046875 0.016666666666666666
4 0.5747395833333333 0.5430555555555555 0.009895833333333333 0.025
7 0.7526041666666666 0.5643518518518519 0.008333333333333333 0.04722222222222222
7 0.7591145833333334 0.5597222222222222 0.008854166666666666 0.049074074074074076
4 0.9125 0.5791666666666667 0.15104166666666666 0.12314814814814815