7 0.4127604166666667 0.5481481481481482 0.0109375 0.02962962962962963
7 0.40078125 0.5662037037037037 0.0109375 0.023148148148148147
14 0.49114583333333334 0.5458333333333333 0.020833333333333332 0.006481481481481481
4 0.603125 0.5935185185185186 0.022916666666666665 0.053703703703703705
3 0.6403645833333333 0.5634259259259259 0.06197916666666667 0.08981481481481482
7 0.82578125 0.55 0.0109375 0.016666666666666666
4 0.8546875 0.575925925925926 0.09166666666666666 0.046296296296296294
8 0.9044270833333333 0.5967592592592592 0.043229166666666666 0.05462962962962963
6 0.88515625 0.6597222222222222 0.034895833333333334 0.075
4 0.9453125 0.6328703703703704 0.10833333333333334 0.14351851851851852
6 0.9518229166666666 0.7833333333333333 0.0953125 0.27037037037037037
8 0.9734375 0.737037037037037 0.051041666666666666 0.3425925925925926
8 0.9346354166666667 0.7013888888888888 0.05364583333333333 0.31574074074074077
4 0.57578125 0.6050925925925926 0.05572916666666667 0.09722222222222222
7 0.3841145833333333 0.5930555555555556 0.03697916666666667 0.14722222222222223
4 0.4354166666666667 0.5930555555555556 0.08645833333333333 0.09351851851851851
4 0.8161458333333333 0.6217592592592592 0.15208333333333332 0.12129629629629629
4 0.6911458333333333 0.6564814814814814 0.171875 0.23333333333333334
4 0.48125 0.6865740740740741 0.21666666666666667 0.28425925925925927
7 0.19348958333333333 0.6875 0.05572916666666667 0.3175925925925926
6 0.52421875 0.8296296296296296 0.12447916666666667 0.3388888888888889
8 0.51484375 0.7694444444444445 0.11927083333333334 0.45740740740740743
8 0.47604166666666664 0.55 0.00625 0.009259259259259259