6 0.4427083333333333 0.5773148148148148 0.019791666666666666 0.04722222222222222
8 0.44244791666666666 0.5583333333333333 0.018229166666666668 0.05925925925925926
6 0.48854166666666665 0.5805555555555556 0.021875 0.053703703703703705
8 0.48776041666666664 0.562962962962963 0.0203125 0.06666666666666667
6 0.5013020833333334 0.538425925925926 0.005729166666666666 0.013888888888888888
8 0.5015625 0.5328703703703703 0.00625 0.017592592592592594
6 0.4986979166666667 0.5365740740740741 0.0036458333333333334 0.010185185185185186
8 0.4984375 0.5305555555555556 0.004166666666666667 0.016666666666666666
8 0.496875 0.5254629629629629 0.0020833333333333333 0.008333333333333333
6 0.5106770833333333 0.5296296296296297 0.0036458333333333334 0.007407407407407408
8 0.5106770833333333 0.525 0.0036458333333333334 0.011111111111111112
4 0.5296875 0.5268518518518519 0.008333333333333333 0.012962962962962963
4 0.5421875 0.5222222222222223 0.008333333333333333 0.007407407407407408
8 0.5591145833333333 0.5212962962962963 0.0026041666666666665 0.007407407407407408
4 0.6177083333333333 0.5462962962962963 0.017708333333333333 0.03888888888888889
13 0.6473958333333333 0.5425925925925926 0.046875 0.07592592592592592
13 0.6822916666666666 0.538425925925926 0.028125 0.05462962962962963
6 0.6794270833333333 0.5583333333333333 0.0140625 0.03518518518518519
8 0.6786458333333333 0.549074074074074 0.011458333333333333 0.03888888888888889
6 0.73125 0.5675925925925925 0.015625 0.03888888888888889
8 0.7302083333333333 0.5555555555555556 0.014583333333333334 0.05
6 0.6416666666666667 0.6337962962962963 0.04375 0.11203703703703703
8 0.6403645833333333 0.5902777777777778 0.04114583333333333 0.13240740740740742