6 0.70546875 0.5731481481481482 0.015104166666666667 0.03148148148148148
8 0.70625 0.5504629629629629 0.015625 0.03796296296296296
4 0.7671875 0.6388888888888888 0.13125 0.2074074074074074
7 0.6239583333333333 0.5337962962962963 0.026041666666666668 0.125
7 0.6466145833333333 0.6907407407407408 0.058854166666666666 0.45
7 0.65546875 0.5407407407407407 0.0078125 0.014814814814814815
7 0.6604166666666667 0.5736111111111111 0.013541666666666667 0.05648148148148148
7 0.68203125 0.575 0.022395833333333334 0.06851851851851852
7 0.6888020833333334 0.6125 0.034895833333333334 0.10092592592592593
7 0.6942708333333333 0.788425925925926 0.109375 0.4212962962962963
7 0.6518229166666667 0.7032407407407407 0.050520833333333334 0.18981481481481483
7 0.7651041666666667 0.6995370370370371 0.08854166666666667 0.3287037037037037
7 0.75546875 0.8032407407407407 0.0640625 0.39166666666666666
7 0.8213541666666667 0.8175925925925925 0.0625 0.24814814814814815
7 0.5450520833333333 0.725462962962963 0.1453125 0.5472222222222223
7 0.7643229166666666 0.5342592592592592 0.0067708333333333336 0.012962962962962963
7 0.7721354166666666 0.5314814814814814 0.0067708333333333336 0.014814814814814815
7 0.7807291666666667 0.5324074074074074 0.007291666666666667 0.016666666666666666
7 0.7763020833333333 0.5351851851851852 0.008854166666666666 0.012962962962962963
7 0.7861979166666667 0.5375 0.0067708333333333336 0.012037037037037037
7 0.8104166666666667 0.5615740740740741 0.030208333333333334 0.05648148148148148
4 0.91640625 0.5685185185185185 0.08697916666666666 0.15555555555555556
7 0.8403645833333333 0.6087962962962963 0.034895833333333334 0.19907407407407407
7 0.8713541666666667 0.638425925925926 0.03229166666666667 0.20277777777777778
7 0.8677083333333333 0.649537037037037 0.034375 0.2601851851851852
7 0.903125 0.6365740740740741 0.03229166666666667 0.2361111111111111
7 0.8893229166666666 0.6791666666666667 0.04739583333333333 0.2638888888888889
7 0.9328125 0.6143518518518518 0.04375 0.18611111111111112
7 0.3458333333333333 0.6962962962962963 0.15416666666666667 0.6055555555555555
6 0.95625 0.8875 0.078125 0.22314814814814815
8 0.9505208333333334 0.7481481481481481 0.08020833333333334 0.5018518518518519
8 0.9609375 0.7638888888888888 0.07604166666666666 0.4703703703703704
13 0.4627604166666667 0.49583333333333335 0.3265625 0.787962962962963
7 0.18463541666666666 0.8092592592592592 0.19427083333333334 0.37962962962962965
7 0.06015625 0.7796296296296297 0.1203125 0.4388888888888889