14 0.4921875 0.4798611111111111 0.00625 0.009722222222222222
14 0.496484375 0.4798611111111111 0.00546875 0.009722222222222222
14 0.50078125 0.4798611111111111 0.0046875 0.009722222222222222
4 0.53671875 0.4888888888888889 0.01875 0.03333333333333333
1 0.579296875 0.5576388888888889 0.08671875 0.1736111111111111
4 0.6171875 0.5201388888888889 0.0171875 0.059722222222222225
4 0.690625 0.5652777777777778 0.121875 0.1388888888888889
13 0.867578125 0.5888888888888889 0.26328125 0.4388888888888889
3 0.465234375 0.46041666666666664 0.02109375 0.03194444444444444
4 0.469140625 0.4875 0.01796875 0.03611111111111111
4 0.461328125 0.4965277777777778 0.01484375 0.059722222222222225
4 0.4234375 0.5319444444444444 0.0578125 0.10833333333333334
4 0.367578125 0.5569444444444445 0.12890625 0.17777777777777778
1 0.193359375 0.6458333333333334 0.22265625 0.3888888888888889
13 0.430859375 0.4708333333333333 0.06171875 0.11944444444444445
14 0.48046875 0.4826388888888889 0.009375 0.020833333333333332
14 0.487890625 0.4791666666666667 0.00703125 0.013888888888888888