7 0.040234375 0.5416666666666666 0.02734375 0.19722222222222222
7 0.0234375 0.5513888888888889 0.0390625 0.21388888888888888
13 0.55234375 0.46805555555555556 0.01875 0.05
3 0.45078125 0.4513888888888889 0.0484375 0.027777777777777776
4 0.5421875 0.47847222222222224 0.015625 0.029166666666666667
4 0.571484375 0.48125 0.03359375 0.03194444444444444
13 0.509375 0.4625 0.065625 0.15555555555555556
14 0.59296875 0.48819444444444443 0.0125 0.02361111111111111
4 0.572265625 0.4826388888888889 0.03203125 0.03194444444444444
8 0.64375 0.4756944444444444 0.0109375 0.02638888888888889
1 0.6140625 0.5006944444444444 0.0421875 0.07916666666666666
8 0.565625 0.4791666666666667 0.0140625 0.030555555555555555
8 0.673046875 0.47847222222222224 0.01171875 0.02638888888888889
8 0.718359375 0.4791666666666667 0.01171875 0.019444444444444445
6 0.673828125 0.49236111111111114 0.01171875 0.018055555555555554
8 0.684375 0.4861111111111111 0.0171875 0.03888888888888889
8 0.778515625 0.47847222222222224 0.01015625 0.018055555555555554
6 0.687109375 0.4930555555555556 0.02109375 0.022222222222222223
4 0.873046875 0.53125 0.11953125 0.14027777777777778
6 0.8765625 0.5798611111111112 0.065625 0.1125
8 0.87265625 0.5173611111111112 0.04375 0.09027777777777778
1 0.9765625 0.5576388888888889 0.0453125 0.15694444444444444
1 0.47109375 0.4701388888888889 0.0140625 0.015277777777777777
14 0.41328125 0.46597222222222223 0.0203125 0.015277777777777777
7 0.3703125 0.4722222222222222 0.015625 0.022222222222222223
4 0.425390625 0.4826388888888889 0.02734375 0.0375
4 0.55703125 0.5798611111111112 0.1359375 0.17916666666666667
1 0.450390625 0.475 0.03203125 0.019444444444444445
6 0.42265625 0.5201388888888889 0.0140625 0.029166666666666667
4 0.4609375 0.5284722222222222 0.0671875 0.09861111111111111
8 0.423828125 0.48125 0.00703125 0.015277777777777777
8 0.421484375 0.49722222222222223 0.02265625 0.05
7 0.36953125 0.47152777777777777 0.0140625 0.02638888888888889
7 0.345703125 0.49375 0.01328125 0.05416666666666667
4 0.378125 0.5034722222222222 0.0765625 0.05138888888888889
4 0.3578125 0.7118055555555556 0.3625 0.3625
8 0.394921875 0.5055555555555555 0.02265625 0.05
8 0.3859375 0.50625 0.028125 0.05416666666666667
4 0.76953125 0.6034722222222222 0.2265625 0.23472222222222222
4 0.03828125 0.875 0.0765625 0.24722222222222223
10 0.600390625 0.08958333333333333 0.79765625 0.17916666666666667
10 0.96796875 0.1840277777777778 0.0375 0.043055555555555555
10 0.306640625 0.15347222222222223 0.05078125 0.043055555555555555
8 0.650390625 0.47847222222222224 0.00703125 0.020833333333333332
8 0.65859375 0.4791666666666667 0.009375 0.022222222222222223
1 0.58203125 0.46597222222222223 0.0140625 0.015277777777777777