14 0.44479166666666664 0.5574074074074075 0.021875 0.07037037037037037
7 0.4588541666666667 0.5652777777777778 0.011458333333333333 0.05277777777777778
10 0.33541666666666664 0.48935185185185187 0.01875 0.03981481481481482
10 0.490625 0.5009259259259259 0.011458333333333333 0.024074074074074074
10 0.6372395833333333 0.500462962962963 0.0078125 0.017592592592592594
7 0.7057291666666666 0.5263888888888889 0.005208333333333333 0.023148148148148147
4 0.7247395833333333 0.5287037037037037 0.013020833333333334 0.025925925925925925
6 0.7005208333333334 0.5370370370370371 0.005208333333333333 0.018518518518518517
8 0.7005208333333334 0.5310185185185186 0.00625 0.021296296296296296
6 0.69375 0.5527777777777778 0.009375 0.027777777777777776
8 0.6942708333333333 0.5430555555555555 0.010416666666666666 0.03611111111111111
6 0.6690104166666667 0.5398148148148149 0.008854166666666666 0.020370370370370372
8 0.66875 0.5328703703703703 0.008333333333333333 0.026851851851851852
6 0.6361979166666667 0.5569444444444445 0.013020833333333334 0.03425925925925926
8 0.6348958333333333 0.5481481481481482 0.009375 0.03888888888888889
6 0.5966145833333333 0.5555555555555556 0.011979166666666667 0.027777777777777776
8 0.5958333333333333 0.5458333333333333 0.010416666666666666 0.03611111111111111
6 0.56875 0.5597222222222222 0.0125 0.028703703703703703
8 0.56953125 0.549537037037037 0.011979166666666667 0.03796296296296296
4 0.8005208333333333 0.5268518518518519 0.022916666666666665 0.012962962962962963
4 0.7973958333333333 0.5328703703703703 0.017708333333333333 0.017592592592592594
4 0.8075520833333333 0.55 0.027604166666666666 0.03518518518518519
8 0.8221354166666667 0.5268518518518519 0.008854166666666666 0.020370370370370372
4 0.8440104166666667 0.5337962962962963 0.033854166666666664 0.04351851851851852
4 0.8416666666666667 0.5569444444444445 0.051041666666666666 0.049074074074074076
3 0.8619791666666666 0.5143518518518518 0.0375 0.06574074074074074
4 0.8895833333333333 0.5148148148148148 0.0125 0.018518518518518517
14 0.9065104166666667 0.5087962962962963 0.009895833333333333 0.004629629629629629
4 0.9020833333333333 0.5162037037037037 0.016666666666666666 0.012037037037037037
14 0.9166666666666666 0.5148148148148148 0.013541666666666667 0.022222222222222223
8 0.8916666666666667 0.5175925925925926 0.005208333333333333 0.009259259259259259
8 0.884375 0.524537037037037 0.00625 0.013888888888888888
6 0.8838541666666667 0.5421296296296296 0.00625 0.030555555555555555
8 0.8770833333333333 0.5356481481481481 0.011458333333333333 0.03611111111111111
6 0.878125 0.5430555555555555 0.011458333333333333 0.032407407407407406
1 0.8994791666666667 0.5513888888888889 0.029166666666666667 0.06018518518518518
7 0.9885416666666667 0.47685185185185186 0.009375 0.025925925925925925
4 0.9286458333333333 0.5574074074074075 0.04791666666666667 0.06851851851851852
1 0.97109375 0.562962962962963 0.05677083333333333 0.08518518518518518
7 0.79609375 0.5106481481481482 0.0026041666666666665 0.012037037037037037
7 0.79921875 0.5125 0.0036458333333333334 0.017592592592592594
6 0.8208333333333333 0.5310185185185186 0.007291666666666667 0.008333333333333333