14 0.5143229166666666 0.5310185185185186 0.0067708333333333336 0.013888888888888888
4 0.5072916666666667 0.5342592592592592 0.011458333333333333 0.016666666666666666
1 0.5791666666666667 0.5342592592592592 0.011458333333333333 0.024074074074074074
13 0.6731770833333334 0.5638888888888889 0.030729166666666665 0.05
4 0.5708333333333333 0.5421296296296296 0.008333333333333333 0.008333333333333333
4 0.5153645833333333 0.538425925925926 0.0078125 0.010185185185185186
10 0.5658854166666667 0.49583333333333335 0.0140625 0.025
13 0.49609375 0.5453703703703704 0.015104166666666667 0.07777777777777778
7 0.08098958333333334 0.5726851851851852 0.0171875 0.05462962962962963
6 0.19375 0.6828703703703703 0.071875 0.12129629629629629
8 0.20234375 0.6189814814814815 0.034895833333333334 0.17685185185185184
8 0.18151041666666667 0.6166666666666667 0.0890625 0.1814814814814815
0 0.10052083333333334 0.6393518518518518 0.03854166666666667 0.058333333333333334
1 0.78203125 0.5800925925925926 0.0390625 0.06574074074074074
4 0.5544270833333333 0.5393518518518519 0.005729166666666666 0.010185185185185186
13 0.3854166666666667 0.5268518518518519 0.21666666666666667 0.4203703703703704