3 0.5338541666666666 0.5055555555555555 0.00625 0.009259259259259259
3 0.5171875 0.5037037037037037 0.014583333333333334 0.016666666666666666
14 0.48776041666666664 0.5074074074074074 0.034895833333333334 0.022222222222222223
14 0.5604166666666667 0.500462962962963 0.00625 0.008333333333333333
14 0.546875 0.5023148148148148 0.005208333333333333 0.004629629629629629
3 0.5526041666666667 0.4981481481481482 0.008333333333333333 0.009259259259259259
3 0.6802083333333333 0.4962962962962963 0.029166666666666667 0.020370370370370372
4 0.5684895833333333 0.5833333333333334 0.034895833333333334 0.12777777777777777
4 0.4981770833333333 0.5606481481481481 0.1015625 0.09351851851851851
7 0.45078125 0.5314814814814814 0.0046875 0.020370370370370372
7 0.44505208333333335 0.538425925925926 0.0036458333333333334 0.028703703703703703
7 0.44296875 0.5402777777777777 0.0067708333333333336 0.028703703703703703
7 0.43776041666666665 0.5356481481481481 0.0067708333333333336 0.019444444444444445
7 0.428125 0.5472222222222223 0.00625 0.044444444444444446
7 0.4401041666666667 0.5458333333333333 0.011458333333333333 0.030555555555555555
7 0.4322916666666667 0.5481481481481482 0.011458333333333333 0.040740740740740744
7 0.4231770833333333 0.55 0.0109375 0.04814814814814815
7 0.4171875 0.5611111111111111 0.013541666666666667 0.06111111111111111
7 0.40208333333333335 0.524074074074074 0.009375 0.024074074074074074
7 0.4075520833333333 0.5393518518518519 0.0078125 0.028703703703703703
7 0.4015625 0.5689814814814815 0.016666666666666666 0.08425925925925926
7 0.4119791666666667 0.5726851851851852 0.013541666666666667 0.06388888888888888
4 0.3921875 0.5606481481481481 0.023958333333333335 0.075
7 0.3875 0.5768518518518518 0.017708333333333333 0.07777777777777778
4 0.3140625 0.5166666666666667 0.022916666666666665 0.03333333333333333
4 0.315625 0.5625 0.019791666666666666 0.058333333333333334
13 0.3541666666666667 0.5467592592592593 0.06145833333333333 0.13055555555555556
4 0.2760416666666667 0.5652777777777778 0.065625 0.09907407407407408
7 0.35260416666666666 0.575925925925926 0.017708333333333333 0.1037037037037037
7 0.3296875 0.5745370370370371 0.01875 0.10648148148148148
7 0.3138020833333333 0.5717592592592593 0.016145833333333335 0.09722222222222222
7 0.2911458333333333 0.5731481481481482 0.015625 0.09259259259259259
7 0.27890625 0.5708333333333333 0.021354166666666667 0.11574074074074074
7 0.26458333333333334 0.5722222222222222 0.025 0.11851851851851852
7 0.2747395833333333 0.5467592592592593 0.013020833333333334 0.06759259259259259
7 0.2520833333333333 0.5675925925925925 0.008333333333333333 0.10740740740740741
7 0.22109375 0.5120370370370371 0.0109375 0.020370370370370372
7 0.2234375 0.5643518518518519 0.0125 0.10092592592592593
7 0.23177083333333334 0.562962962962963 0.014583333333333334 0.11481481481481481
7 0.23958333333333334 0.5680555555555555 0.025 0.1175925925925926
7 0.20286458333333332 0.5611111111111111 0.019270833333333334 0.11481481481481481
7 0.21223958333333334 0.5638888888888889 0.0234375 0.12777777777777777
7 0.13723958333333333 0.5712962962962963 0.022395833333333334 0.15555555555555556
7 0.1734375 0.5425925925925926 0.022916666666666665 0.0962962962962963
4 0.06354166666666666 0.5611111111111111 0.12708333333333333 0.19074074074074074
7 0.06302083333333333 0.5796296296296296 0.0375 0.21666666666666667
7 0.07291666666666667 0.6064814814814815 0.010416666666666666 0.12222222222222222
7 0.09973958333333334 0.6125 0.0390625 0.18981481481481483
7 0.090625 0.5462962962962963 0.019791666666666666 0.044444444444444446
7 0.16822916666666668 0.6685185185185185 0.06145833333333333 0.2111111111111111
4 0.47942708333333334 0.6861111111111111 0.1734375 0.2611111111111111
1 0.6731770833333334 0.7523148148148148 0.24322916666666666 0.4935185185185185