10 0.4203125 0.5504629629629629 0.003125 0.008333333333333333
7 0.4830729166666667 0.5375 0.0036458333333333334 0.010185185185185186
0 0.7421875 0.5787037037037037 0.007291666666666667 0.012962962962962963
0 0.73359375 0.5777777777777777 0.0067708333333333336 0.014814814814814815
0 0.7552083333333334 0.5773148148148148 0.005208333333333333 0.01574074074074074
0 0.7263020833333333 0.5800925925925926 0.005729166666666666 0.012037037037037037
0 0.7307291666666667 0.5837962962962963 0.008333333333333333 0.010185185185185186
0 0.7104166666666667 0.575 0.009375 0.011111111111111112
0 0.6841145833333333 0.575925925925926 0.0078125 0.014814814814814815
0 0.6973958333333333 0.5796296296296296 0.008333333333333333 0.011111111111111112
0 0.62734375 0.5472222222222223 0.005729166666666666 0.007407407407407408
0 0.6424479166666667 0.5787037037037037 0.008854166666666666 0.011111111111111112
0 0.49765625 0.5486111111111112 0.0026041666666666665 0.006481481481481481
0 0.5052083333333334 0.5569444444444445 0.005208333333333333 0.008333333333333333
0 0.5010416666666667 0.5523148148148148 0.003125 0.013888888888888888