7 0.3971354166666667 0.38287037037037036 0.0046875 0.013888888888888888
6 0.14192708333333334 0.4671296296296296 0.06197916666666667 0.13240740740740742
4 0.4674479166666667 0.4236111111111111 0.044270833333333336 0.06944444444444445
6 0.4869791666666667 0.4652777777777778 0.03229166666666667 0.09351851851851851
8 0.4859375 0.44305555555555554 0.029166666666666667 0.10833333333333334
13 0.5348958333333333 0.39305555555555555 0.03125 0.0787037037037037
4 0.5747395833333333 0.3990740740740741 0.0265625 0.046296296296296294
4 0.5559895833333334 0.4041666666666667 0.015104166666666667 0.019444444444444445
4 0.5927083333333333 0.40879629629629627 0.034375 0.049074074074074076
14 0.6190104166666667 0.4078703703703704 0.0078125 0.03425925925925926
7 0.61328125 0.4060185185185185 0.0067708333333333336 0.032407407407407406
4 0.64609375 0.42314814814814816 0.059895833333333336 0.07222222222222222
7 0.6486979166666667 0.3787037037037037 0.009895833333333333 0.02962962962962963
14 0.6854166666666667 0.44212962962962965 0.04583333333333333 0.0712962962962963
7 0.6721354166666667 0.43148148148148147 0.016145833333333335 0.09259259259259259
14 0.7283854166666667 0.46805555555555556 0.044270833333333336 0.10277777777777777
14 0.7809895833333333 0.4898148148148148 0.0890625 0.13333333333333333
14 0.88671875 0.5425925925925926 0.1296875 0.19444444444444445
7 0.6083333333333333 0.4050925925925926 0.007291666666666667 0.03425925925925926
7 0.6255208333333333 0.3888888888888889 0.004166666666666667 0.009259259259259259
10 0.55390625 0.38472222222222224 0.0036458333333333334 0.010185185185185186