4 0.20963541666666666 0.6078703703703704 0.16614583333333333 0.18425925925925926
6 0.2328125 0.7060185185185185 0.1 0.22685185185185186
8 0.24036458333333333 0.6314814814814815 0.07447916666666667 0.22037037037037038
7 0.00546875 0.7046296296296296 0.0109375 0.07592592592592592
8 0.428125 0.5356481481481481 0.011458333333333333 0.030555555555555555
8 0.41875 0.5365740740740741 0.01875 0.028703703703703703
3 0.5026041666666666 0.5046296296296297 0.03333333333333333 0.03333333333333333
3 0.5484375 0.5157407407407407 0.04479166666666667 0.07407407407407407
8 0.51484375 0.5037037037037037 0.015104166666666667 0.022222222222222223
3 0.5908854166666667 0.5194444444444445 0.0296875 0.040740740740740744
4 0.5575520833333333 0.5509259259259259 0.0203125 0.05
8 0.5283854166666667 0.49212962962962964 0.013020833333333334 0.05092592592592592
8 0.53203125 0.4930555555555556 0.0140625 0.05462962962962963
14 0.5403645833333334 0.5564814814814815 0.0234375 0.08888888888888889
4 0.5341145833333333 0.5800925925925926 0.0234375 0.09907407407407408
4 0.5697916666666667 0.55 0.028125 0.05
8 0.5630208333333333 0.5675925925925925 0.021875 0.08333333333333333
8 0.5755208333333334 0.5810185185185185 0.027083333333333334 0.11018518518518519
6 0.5736979166666667 0.600462962962963 0.024479166666666666 0.09166666666666666
6 0.5856770833333333 0.7111111111111111 0.0671875 0.23703703703703705
8 0.590625 0.6425925925925926 0.07604166666666666 0.23703703703703705
4 0.6182291666666667 0.5597222222222222 0.034375 0.062037037037037036
4 0.6380208333333334 0.5407407407407407 0.030208333333333334 0.02962962962962963
1 0.6158854166666666 0.5314814814814814 0.018229166666666668 0.022222222222222223
4 0.678125 0.5407407407407407 0.020833333333333332 0.014814814814814815
1 0.6627604166666666 0.5351851851851852 0.018229166666666668 0.020370370370370372
7 0.8098958333333334 0.5435185185185185 0.0125 0.025925925925925925
1 0.9153645833333334 0.5898148148148148 0.10677083333333333 0.16111111111111112
4 0.66015625 0.6111111111111112 0.09427083333333333 0.14444444444444443
4 0.8065104166666667 0.7111111111111111 0.30364583333333334 0.32592592592592595
4 0.48932291666666666 0.6055555555555555 0.11510416666666666 0.20185185185185187
4 0.37447916666666664 0.7402777777777778 0.2791666666666667 0.3990740740740741
0 0.6213541666666667 0.22361111111111112 0.005208333333333333 0.008333333333333333
0 0.6265625 0.2574074074074074 0.00625 0.007407407407407408
0 0.6059895833333333 0.25462962962962965 0.0046875 0.007407407407407408
0 0.60078125 0.26296296296296295 0.0046875 0.007407407407407408
0 0.6098958333333333 0.26481481481481484 0.003125 0.007407407407407408
0 0.6182291666666667 0.2601851851851852 0.0020833333333333333 0.005555555555555556
0 0.5895833333333333 0.2875 0.004166666666666667 0.006481481481481481
0 0.56640625 0.2574074074074074 0.0036458333333333334 0.007407407407407408
0 0.5880208333333333 0.2972222222222222 0.004166666666666667 0.005555555555555556
0 0.5872395833333334 0.30416666666666664 0.0046875 0.006481481481481481
0 0.5828125 0.32175925925925924 0.004166666666666667 0.006481481481481481
0 0.58203125 0.3263888888888889 0.0036458333333333334 0.006481481481481481
0 0.5809895833333333 0.3375 0.0046875 0.004629629629629629
0 0.5791666666666667 0.34305555555555556 0.00625 0.006481481481481481
0 0.57734375 0.34675925925925927 0.0046875 0.004629629629629629
0 0.5763020833333333 0.35185185185185186 0.0046875 0.007407407407407408
0 0.575 0.3587962962962963 0.005208333333333333 0.006481481481481481
0 0.5716145833333334 0.3675925925925926 0.0036458333333333334 0.011111111111111112
0 0.565625 0.38101851851851853 0.005208333333333333 0.008333333333333333
0 0.5528645833333333 0.38564814814814813 0.0036458333333333334 0.006481481481481481
6 0.9885416666666667 0.6101851851851852 0.01875 0.06296296296296296