4 0.5783854166666667 0.562962962962963 0.005729166666666666 0.011111111111111112
6 0.6703125 0.5898148148148148 0.00625 0.027777777777777776
8 0.6697916666666667 0.575925925925926 0.007291666666666667 0.025925925925925925
6 0.646875 0.5875 0.011458333333333333 0.030555555555555555
8 0.64765625 0.5717592592592593 0.009895833333333333 0.017592592592592594
8 0.6473958333333333 0.5814814814814815 0.011458333333333333 0.03518518518518519
14 0.58359375 0.5597222222222222 0.005729166666666666 0.012037037037037037
4 0.584375 0.5773148148148148 0.015625 0.028703703703703703
4 0.46979166666666666 0.5740740740740741 0.008333333333333333 0.02962962962962963
13 0.44375 0.5643518518518519 0.013541666666666667 0.026851851851851852
4 0.47708333333333336 0.5773148148148148 0.00625 0.017592592592592594
13 0.48671875 0.5685185185185185 0.0203125 0.1
4 0.45807291666666666 0.5805555555555556 0.021354166666666667 0.04259259259259259
7 0.40963541666666664 0.5791666666666667 0.008854166666666666 0.041666666666666664
13 0.42682291666666666 0.5796296296296296 0.021354166666666667 0.04814814814814815
6 0.4395833333333333 0.5962962962962963 0.0125 0.03333333333333333
8 0.4393229166666667 0.5814814814814815 0.015104166666666667 0.04814814814814815
6 0.41822916666666665 0.6027777777777777 0.021875 0.053703703703703705
8 0.41770833333333335 0.5837962962962963 0.021875 0.0712962962962963
6 0.36614583333333334 0.6555555555555556 0.041666666666666664 0.09259259259259259
8 0.3734375 0.6111111111111112 0.025 0.1388888888888889
8 0.36380208333333336 0.6037037037037037 0.06822916666666666 0.13518518518518519
7 0.3104166666666667 0.5569444444444445 0.011458333333333333 0.041666666666666664
13 0.52890625 0.5462962962962963 0.09114583333333333 0.2
6 0.45859375 0.5986111111111111 0.016145833333333335 0.03796296296296296
8 0.46145833333333336 0.5814814814814815 0.010416666666666666 0.04814814814814815
8 0.45859375 0.5791666666666667 0.0171875 0.049074074074074076
10 0.40598958333333335 0.5328703703703703 0.016145833333333335 0.021296296296296296