13 0.07942708333333333 0.5106481481481482 0.15260416666666668 0.10462962962962963
4 0.10494791666666667 0.5916666666666667 0.12864583333333332 0.15185185185185185
4 0.0703125 0.6699074074074074 0.140625 0.275
6 0.20260416666666667 0.575925925925926 0.040625 0.06296296296296296
7 0.215625 0.6560185185185186 0.05416666666666667 0.25462962962962965
7 0.2515625 0.5824074074074074 0.007291666666666667 0.05925925925925926
4 0.2942708333333333 0.575925925925926 0.090625 0.07777777777777778
10 0.4473958333333333 0.5050925925925925 0.011458333333333333 0.01574074074074074
4 0.4361979166666667 0.5319444444444444 0.0234375 0.019444444444444445
4 0.4278645833333333 0.549537037037037 0.0234375 0.04537037037037037
6 0.4484375 0.5324074074074074 0.007291666666666667 0.016666666666666666
4 0.4075520833333333 0.5592592592592592 0.043229166666666666 0.06666666666666667
4 0.4864583333333333 0.525 0.007291666666666667 0.011111111111111112
4 0.48046875 0.5310185185185186 0.0109375 0.019444444444444445
4 0.47239583333333335 0.5337962962962963 0.011458333333333333 0.021296296296296296
14 0.5046875 0.5236111111111111 0.008333333333333333 0.012037037037037037
14 0.5151041666666667 0.5217592592592593 0.010416666666666666 0.013888888888888888
14 0.52578125 0.5212962962962963 0.0046875 0.014814814814814815
14 0.5221354166666666 0.5194444444444445 0.0036458333333333334 0.009259259259259259
14 0.5419270833333333 0.5231481481481481 0.0067708333333333336 0.012962962962962963
14 0.5625 0.524537037037037 0.013541666666666667 0.01574074074074074
14 0.59765625 0.5305555555555556 0.022395833333333334 0.022222222222222223
14 0.61484375 0.5375 0.015104166666666667 0.01574074074074074
7 0.61015625 0.5328703703703703 0.0046875 0.023148148148148147
6 0.8330729166666667 0.5671296296296297 0.033854166666666664 0.04537037037037037
6 0.9135416666666667 0.5953703703703703 0.046875 0.07407407407407407
8 0.9177083333333333 0.5791666666666667 0.027083333333333334 0.09537037037037037
8 0.9002604166666667 0.575 0.016145833333333335 0.07407407407407407
6 0.5541666666666667 0.5310185185185186 0.005208333333333333 0.010185185185185186
8 0.55390625 0.5287037037037037 0.005729166666666666 0.016666666666666666
6 0.5143229166666666 0.5277777777777778 0.0026041666666666665 0.007407407407407408
8 0.5140625 0.524074074074074 0.003125 0.009259259259259259
7 0.49244791666666665 0.5268518518518519 0.0026041666666666665 0.012962962962962963
6 0.5018229166666667 0.5402777777777777 0.008854166666666666 0.019444444444444445
8 0.5020833333333333 0.5351851851851852 0.008333333333333333 0.024074074074074074
6 0.60234375 0.5435185185185185 0.0067708333333333336 0.018518518518518517
8 0.60234375 0.537962962962963 0.0067708333333333336 0.022222222222222223
6 0.5346354166666667 0.5800925925925926 0.021354166666666667 0.05277777777777778
8 0.5356770833333333 0.5601851851851852 0.022395833333333334 0.07222222222222222