14 0.9135416666666667 0.33564814814814814 0.022916666666666665 0.032407407407407406
14 0.9041666666666667 0.34305555555555556 0.020833333333333332 0.03796296296296296
14 0.9005208333333333 0.3662037037037037 0.016666666666666666 0.025
8 0.9208333333333333 0.35509259259259257 0.009375 0.021296296296296296
8 0.8973958333333333 0.37083333333333335 0.008333333333333333 0.03425925925925926
9 0.9 0.14351851851851852 0.05416666666666667 0.024074074074074074
4 0.9354166666666667 0.4625 0.128125 0.2101851851851852
13 0.8747395833333333 0.34120370370370373 0.05677083333333333 0.24166666666666667
9 0.7752604166666667 0.17824074074074073 0.0203125 0.021296296296296296
9 0.7557291666666667 0.16898148148148148 0.015625 0.021296296296296296
3 0.58125 0.2833333333333333 0.55625 0.4925925925925926
7 0.70625 0.5796296296296296 0.05625 0.37962962962962965
1 0.012760416666666666 0.6828703703703703 0.025520833333333333 0.15648148148148147
14 0.014583333333333334 0.9689814814814814 0.029166666666666667 0.06018518518518518
1 0.48203125 0.6615740740740741 0.4546875 0.675
8 0.91015625 0.3611111111111111 0.018229166666666668 0.03148148148148148
13 0.9611979166666667 0.3148148148148148 0.0765625 0.19074074074074074