1 0.13515625 0.6944444444444444 0.2703125 0.575925925925926
4 0.43385416666666665 0.7787037037037037 0.3302083333333333 0.43703703703703706
6 0.3015625 0.5925925925925926 0.027083333333333334 0.10185185185185185
7 0.39036458333333335 0.5523148148148148 0.0140625 0.032407407407407406
7 0.39895833333333336 0.549074074074074 0.016666666666666666 0.02962962962962963
7 0.40911458333333334 0.5449074074074074 0.009895833333333333 0.032407407407407406
7 0.42291666666666666 0.5449074074074074 0.014583333333333334 0.03425925925925926
7 0.43359375 0.5486111111111112 0.009895833333333333 0.032407407407407406
8 0.45598958333333334 0.5504629629629629 0.0078125 0.025
3 0.515625 0.5157407407407407 0.026041666666666668 0.03333333333333333
8 0.5265625 0.5041666666666667 0.0125 0.049074074074074076
8 0.5302083333333333 0.5069444444444444 0.014583333333333334 0.049074074074074076
8 0.5161458333333333 0.5166666666666667 0.008333333333333333 0.024074074074074074
14 0.5322916666666667 0.5310185185185186 0.026041666666666668 0.025
8 0.56328125 0.5625 0.016145833333333335 0.06018518518518518
3 0.5723958333333333 0.5314814814814814 0.058333333333333334 0.10925925925925926
6 0.56640625 0.5726851851851852 0.011979166666666667 0.05092592592592592
3 0.60703125 0.5300925925925926 0.011979166666666667 0.017592592592592594
3 0.63828125 0.5254629629629629 0.0140625 0.01574074074074074
13 0.6536458333333334 0.5300925925925926 0.027083333333333334 0.030555555555555555
4 0.6559895833333333 0.538425925925926 0.0171875 0.025
14 0.6817708333333333 0.5166666666666667 0.021875 0.011111111111111112
3 0.7231770833333333 0.5351851851851852 0.06197916666666667 0.09074074074074075
4 0.6859375 0.5333333333333333 0.046875 0.03333333333333333
4 0.6346354166666667 0.5412037037037037 0.024479166666666666 0.021296296296296296
4 0.6109375 0.5370370370370371 0.013541666666666667 0.011111111111111112
7 0.60859375 0.5310185185185186 0.0067708333333333336 0.012037037037037037
1 0.7645833333333333 0.5347222222222222 0.04791666666666667 0.021296296296296296
1 0.8078125 0.5518518518518518 0.035416666666666666 0.04814814814814815
8 0.8296875 0.5537037037037037 0.016666666666666666 0.037037037037037035
8 0.8401041666666667 0.5578703703703703 0.017708333333333333 0.03611111111111111
4 0.7697916666666667 0.5791666666666667 0.08125 0.08981481481481482
1 0.9028645833333333 0.5462962962962963 0.0546875 0.03888888888888889
8 0.89609375 0.5481481481481482 0.0203125 0.044444444444444446
7 0.9393229166666667 0.5611111111111111 0.016145833333333335 0.02962962962962963
6 0.9776041666666667 0.6092592592592593 0.026041666666666668 0.053703703703703705
8 0.9669270833333333 0.562962962962963 0.04114583333333333 0.07222222222222222
1 0.9841145833333333 0.575462962962963 0.030729166666666665 0.0712962962962963
4 0.9942708333333333 0.5787037037037037 0.010416666666666666 0.08333333333333333
4 0.9919270833333333 0.6324074074074074 0.015104166666666667 0.1
4 0.5869791666666667 0.5708333333333333 0.026041666666666668 0.06574074074074074
4 0.6122395833333333 0.5879629629629629 0.06302083333333333 0.10185185185185185
4 0.675 0.6194444444444445 0.11979166666666667 0.1574074074074074
4 0.8583333333333333 0.7305555555555555 0.28229166666666666 0.34074074074074073
4 0.5528645833333333 0.5856481481481481 0.034895833333333334 0.09537037037037037
4 0.50625 0.5745370370370371 0.09375 0.11018518518518519