10 0.4083333333333333 0.49953703703703706 0.00625 0.013888888888888888
10 0.4375 0.5092592592592593 0.009375 0.007407407407407408
14 0.5096354166666667 0.5263888888888889 0.028645833333333332 0.025
13 0.55 0.5356481481481481 0.03125 0.049074074074074076
7 0.5611979166666666 0.5555555555555556 0.009895833333333333 0.06481481481481481
13 0.5825520833333333 0.5421296296296296 0.028645833333333332 0.075
14 0.6125 0.5513888888888889 0.020833333333333332 0.026851851851851852
4 0.62734375 0.5560185185185185 0.0171875 0.026851851851851852
6 0.6153645833333333 0.5615740740740741 0.0067708333333333336 0.013888888888888888
8 0.6145833333333334 0.55 0.007291666666666667 0.024074074074074074
4 0.6463541666666667 0.5578703703703703 0.028125 0.03796296296296296
7 0.66015625 0.5546296296296296 0.011979166666666667 0.04814814814814815
1 0.7450520833333333 0.5930555555555556 0.08489583333333334 0.125
6 0.6903645833333333 0.6041666666666666 0.033854166666666664 0.07685185185185185
8 0.6934895833333333 0.5837962962962963 0.028645833333333332 0.10648148148148148
13 0.90625 0.5541666666666667 0.18645833333333334 0.5027777777777778
7 0.77265625 0.6662037037037037 0.033854166666666664 0.2712962962962963
7 0.8005208333333333 0.6791666666666667 0.041666666666666664 0.28425925925925927
7 0.81640625 0.6925925925925925 0.0421875 0.2722222222222222
7 0.84921875 0.687962962962963 0.06822916666666666 0.3296296296296296
7 0.6002604166666666 0.5675925925925925 0.0265625 0.1037037037037037
6 0.47239583333333335 0.5814814814814815 0.026041666666666668 0.06296296296296296
8 0.4705729166666667 0.5671296296296297 0.013020833333333334 0.0712962962962963
8 0.47552083333333334 0.5648148148148148 0.020833333333333332 0.07592592592592592
7 0.4046875 0.5699074074074074 0.014583333333333334 0.08055555555555556
10 0.34140625 0.5064814814814815 0.0109375 0.016666666666666666
1 0.36666666666666664 0.5958333333333333 0.058333333333333334 0.15462962962962962
7 0.24140625 0.5125 0.015104166666666667 0.03611111111111111
7 0.22786458333333334 0.5861111111111111 0.022395833333333334 0.1685185185185185
7 0.24453125 0.5902777777777778 0.034895833333333334 0.19537037037037036
7 0.2203125 0.5819444444444445 0.030208333333333334 0.1824074074074074
7 0.18229166666666666 0.5509259259259259 0.019791666666666666 0.12962962962962962
7 0.16953125 0.5773148148148148 0.03697916666666667 0.16203703703703703
1 0.30104166666666665 0.6333333333333333 0.128125 0.23333333333333334
7 0.12083333333333333 0.5685185185185185 0.030208333333333334 0.17407407407407408
7 0.09661458333333334 0.5939814814814814 0.04739583333333333 0.23981481481481481
7 0.03463541666666667 0.5972222222222222 0.059895833333333336 0.22777777777777777
7 0.00625 0.6092592592592593 0.011458333333333333 0.2074074074074074
7 0.19114583333333332 0.7236111111111111 0.08229166666666667 0.35462962962962963
7 0.13203125 0.7777777777777778 0.13177083333333334 0.4425925925925926
10 0.4390625 0.4962962962962963 0.009375 0.012962962962962963
14 0.6752604166666667 0.5615740740740741 0.015104166666666667 0.03611111111111111