13 0.91171875 0.49027777777777776 0.17447916666666666 0.25092592592592594
13 0.6815104166666667 0.5087962962962963 0.0921875 0.10833333333333334
4 0.6692708333333334 0.5662037037037037 0.06979166666666667 0.07685185185185185
13 0.571875 0.5199074074074074 0.0625 0.06574074074074074
6 0.5875 0.5421296296296296 0.013541666666666667 0.028703703703703703
8 0.5869791666666667 0.5328703703703703 0.0125 0.03981481481481482
8 0.58359375 0.5305555555555556 0.008854166666666666 0.02962962962962963
13 0.53359375 0.5111111111111111 0.0171875 0.02962962962962963
4 0.5486979166666667 0.538425925925926 0.03177083333333333 0.03796296296296296
13 0.5098958333333333 0.525 0.042708333333333334 0.053703703703703705
4 0.48776041666666664 0.5268518518518519 0.0067708333333333336 0.03148148148148148
6 0.4796875 0.5342592592592592 0.009375 0.024074074074074074
8 0.47708333333333336 0.524537037037037 0.007291666666666667 0.028703703703703703
13 0.4578125 0.5106481481481482 0.023958333333333335 0.028703703703703703
4 0.4609375 0.5291666666666667 0.022916666666666665 0.023148148148148147
4 0.4552083333333333 0.524537037037037 0.019791666666666666 0.025
4 0.43515625 0.524074074074074 0.015104166666666667 0.027777777777777776
4 0.4296875 0.525 0.01875 0.025925925925925925
4 0.4049479166666667 0.5226851851851851 0.016145833333333335 0.021296296296296296
4 0.3848958333333333 0.5277777777777778 0.020833333333333332 0.03148148148148148
14 0.35885416666666664 0.5152777777777777 0.014583333333333334 0.017592592592592594
6 0.37005208333333334 0.5361111111111111 0.0078125 0.020370370370370372
8 0.3692708333333333 0.5282407407407408 0.005208333333333333 0.023148148148148147
8 0.3703125 0.5287037037037037 0.008333333333333333 0.027777777777777776
6 0.35234375 0.5310185185185186 0.0067708333333333336 0.021296296296296296
6 0.35989583333333336 0.5337962962962963 0.007291666666666667 0.021296296296296296
6 0.34140625 0.5310185185185186 0.0067708333333333336 0.019444444444444445
8 0.36015625 0.5287037037037037 0.008854166666666666 0.025925925925925925
8 0.35234375 0.524074074074074 0.0067708333333333336 0.025925925925925925
8 0.34140625 0.524074074074074 0.0078125 0.020370370370370372
14 0.33958333333333335 0.5115740740740741 0.020833333333333332 0.019444444444444445
6 0.31744791666666666 0.524537037037037 0.0036458333333333334 0.008333333333333333
8 0.31640625 0.5208333333333334 0.0036458333333333334 0.010185185185185186
6 0.39895833333333336 0.5648148148148148 0.01875 0.040740740740740744
6 0.43020833333333336 0.5722222222222222 0.01875 0.046296296296296294
8 0.43020833333333336 0.5564814814814815 0.01875 0.06111111111111111
8 0.4 0.5462962962962963 0.017708333333333333 0.046296296296296294
8 0.39921875 0.5518518518518518 0.018229166666666668 0.053703703703703705
7 0.3020833333333333 0.5689814814814815 0.0125 0.0787037037037037
7 0.2911458333333333 0.5722222222222222 0.017708333333333333 0.07962962962962963
6 0.14739583333333334 0.6893518518518519 0.08854166666666667 0.20277777777777778
8 0.15182291666666667 0.6305555555555555 0.06822916666666666 0.19814814814814816
6 0.24270833333333333 0.7296296296296296 0.08854166666666667 0.20555555555555555
8 0.24869791666666666 0.6481481481481481 0.07864583333333333 0.23148148148148148