6 0.33880208333333334 0.5777777777777777 0.028645833333333332 0.02962962962962963
8 0.3380208333333333 0.5703703703703704 0.009375 0.040740740740740744
8 0.33098958333333334 0.5680555555555555 0.0109375 0.041666666666666664
8 0.33515625 0.5662037037037037 0.0067708333333333336 0.03611111111111111
7 0.38385416666666666 0.5717592592592593 0.008333333333333333 0.04722222222222222
7 0.39479166666666665 0.5842592592592593 0.007291666666666667 0.03518518518518519
7 0.39921875 0.5740740740740741 0.009895833333333333 0.05185185185185185
7 0.4122395833333333 0.5717592592592593 0.008854166666666666 0.06018518518518518
7 0.4075520833333333 0.575 0.011979166666666667 0.06666666666666667
7 0.4244791666666667 0.575462962962963 0.011458333333333333 0.062037037037037036
7 0.4440104166666667 0.5708333333333333 0.009895833333333333 0.06018518518518518
7 0.4328125 0.5504629629629629 0.005208333333333333 0.023148148148148147
7 0.4361979166666667 0.5712962962962963 0.011979166666666667 0.053703703703703705
4 0.47369791666666666 0.5555555555555556 0.008854166666666666 0.011111111111111112
4 0.5049479166666667 0.5467592592592593 0.013020833333333334 0.012037037037037037
7 0.50234375 0.5435185185185185 0.0046875 0.009259259259259259
7 0.5385416666666667 0.5606481481481481 0.011458333333333333 0.04351851851851852
7 0.5317708333333333 0.5847222222222223 0.036458333333333336 0.10833333333333334
7 0.53125 0.6824074074074075 0.065625 0.19444444444444445
8 0.49921875 0.5731481481481482 0.0109375 0.03518518518518519
8 0.5192708333333333 0.6763888888888889 0.07291666666666667 0.2601851851851852
6 0.575 0.6194444444444445 0.03333333333333333 0.06666666666666667
8 0.5796875 0.6476851851851851 0.0375 0.21944444444444444
8 0.5825520833333333 0.6597222222222222 0.043229166666666666 0.22870370370370371
8 0.5908854166666667 0.7555555555555555 0.03177083333333333 0.3907407407407407
8 0.6536458333333334 0.7467592592592592 0.140625 0.3972222222222222
8 0.6640625 0.7768518518518519 0.17395833333333333 0.4425925925925926
6 0.67578125 0.8611111111111112 0.18802083333333333 0.2759259259259259
4 0.68828125 0.5708333333333333 0.13177083333333334 0.14166666666666666
7 0.6755208333333333 0.6064814814814815 0.052083333333333336 0.15
7 0.715625 0.6324074074074074 0.046875 0.17962962962962964
7 0.7661458333333333 0.6555555555555556 0.071875 0.2814814814814815
8 0.8526041666666667 0.625462962962963 0.08229166666666667 0.19907407407407407
6 0.8611979166666667 0.799074074074074 0.21822916666666667 0.2074074074074074
13 0.87265625 0.6550925925925926 0.25364583333333335 0.462037037037037
8 0.85625 0.7828703703703703 0.16145833333333334 0.4324074074074074
6 0.8421875 0.912962962962963 0.31354166666666666 0.17222222222222222
6 0.5197916666666667 0.7217592592592592 0.08020833333333334 0.2064814814814815
6 0.46822916666666664 0.675 0.046875 0.14814814814814814
7 0.48802083333333335 0.5652777777777778 0.025 0.0787037037037037
7 0.47161458333333334 0.5643518518518519 0.0078125 0.023148148148148147
6 0.4700520833333333 0.674537037037037 0.049479166666666664 0.14537037037037037
8 0.4661458333333333 0.6268518518518519 0.042708333333333334 0.1648148148148148
7 0.4627604166666667 0.5615740740740741 0.024479166666666666 0.04351851851851852
4 0.3033854166666667 0.5935185185185186 0.027604166666666666 0.08148148148148149
4 0.3 0.6 0.025 0.07592592592592592
14 0.3065104166666667 0.6481481481481481 0.04010416666666667 0.0962962962962963
13 0.15 0.49953703703703706 0.3 0.9990740740740741