13 0.09114583333333333 0.35324074074074074 0.11354166666666667 0.09722222222222222
1 0.24583333333333332 0.4162037037037037 0.08229166666666667 0.0712962962962963
1 0.35911458333333335 0.4027777777777778 0.04635416666666667 0.020370370370370372
4 0.278125 0.45740740740740743 0.115625 0.13148148148148148
6 0.20651041666666667 0.4162037037037037 0.008854166666666666 0.010185185185185186
8 0.19088541666666667 0.39814814814814814 0.015104166666666667 0.027777777777777776
13 0.019791666666666666 0.3416666666666667 0.03958333333333333 0.1648148148148148
4 0.13020833333333334 0.5175925925925926 0.22916666666666666 0.25
4 0.30520833333333336 0.4986111111111111 0.11875 0.225
13 0.8494791666666667 0.48842592592592593 0.3 0.7861111111111111
1 0.6122395833333333 0.6902777777777778 0.5869791666666667 0.6175925925925926
4 0.1453125 0.6907407407407408 0.290625 0.6166666666666667
9 0.6119791666666666 0.14537037037037037 0.026041666666666668 0.1537037037037037
9 0.6174479166666667 0.24074074074074073 0.0265625 0.044444444444444446
9 0.63515625 0.2796296296296296 0.0234375 0.03888888888888889