4 0.9786458333333333 0.42777777777777776 0.03854166666666667 0.025925925925925925
4 0.9817708333333334 0.4337962962962963 0.016666666666666666 0.019444444444444445
8 0.8145833333333333 0.4060185185185185 0.010416666666666666 0.04351851851851852
7 0.8190104166666666 0.44074074074074077 0.009895833333333333 0.07037037037037037
4 0.7890625 0.42268518518518516 0.053125 0.09907407407407408
1 0.69375 0.4337962962962963 0.025 0.058333333333333334
6 0.6768229166666667 0.449537037037037 0.015104166666666667 0.04722222222222222
8 0.67890625 0.43657407407407406 0.0171875 0.05648148148148148
6 0.57890625 0.4425925925925926 0.022395833333333334 0.04814814814814815
8 0.5809895833333333 0.4393518518518518 0.0140625 0.05462962962962963
1 0.45026041666666666 0.4412037037037037 0.06614583333333333 0.0824074074074074
1 0.39765625 0.44537037037037036 0.043229166666666666 0.09259259259259259
1 0.34921875 0.4476851851851852 0.0859375 0.10277777777777777
7 0.26458333333333334 0.4486111111111111 0.01875 0.08796296296296297
1 0.18802083333333333 0.4486111111111111 0.08229166666666667 0.10092592592592593
1 0.07890625 0.44814814814814813 0.0765625 0.10555555555555556
7 0.871875 0.42083333333333334 0.010416666666666666 0.013888888888888888