6 0.005729166666666666 0.40925925925925927 0.011458333333333333 0.09444444444444444
10 0.051041666666666666 0.45185185185185184 0.01875 0.027777777777777776
6 0.16796875 0.4324074074074074 0.10260416666666666 0.1425925925925926
8 0.165625 0.3814814814814815 0.06770833333333333 0.17222222222222222
4 0.32369791666666664 0.3388888888888889 0.058854166666666666 0.05740740740740741
7 0.34661458333333334 0.3425925925925926 0.0078125 0.03148148148148148
13 0.45598958333333334 0.35694444444444445 0.0765625 0.075
7 0.5270833333333333 0.350462962962963 0.013541666666666667 0.06759259259259259
7 0.53984375 0.35509259259259257 0.0140625 0.0712962962962963
7 0.5513020833333333 0.35833333333333334 0.0171875 0.07222222222222222
4 0.7354166666666667 0.36527777777777776 0.05416666666666667 0.06759259259259259
6 0.4981770833333333 0.4412037037037037 0.1578125 0.19537037037037036
4 0.8747395833333333 0.48148148148148145 0.24427083333333333 0.42962962962962964