14 0.40729166666666666 0.39861111111111114 0.028125 0.026851851851851852
14 0.4239583333333333 0.3958333333333333 0.009375 0.030555555555555555
1 0.39765625 0.41712962962962963 0.008854166666666666 0.017592592592592594
3 0.5861979166666667 0.3958333333333333 0.07135416666666666 0.058333333333333334
13 0.48828125 0.4185185185185185 0.12864583333333332 0.26296296296296295
1 0.4088541666666667 0.41898148148148145 0.016666666666666666 0.01574074074074074
4 0.40130208333333334 0.4527777777777778 0.016145833333333335 0.06111111111111111
1 0.421875 0.44675925925925924 0.016666666666666666 0.0712962962962963
4 0.41015625 0.4444444444444444 0.011979166666666667 0.04814814814814815
4 0.5658854166666667 0.4185185185185185 0.028645833333333332 0.024074074074074074
8 0.5700520833333333 0.4222222222222222 0.011979166666666667 0.016666666666666666
1 0.5921875 0.42268518518518516 0.023958333333333335 0.012037037037037037
1 0.6278645833333333 0.4351851851851852 0.04635416666666667 0.03518518518518519
8 0.6247395833333333 0.4375 0.016145833333333335 0.030555555555555555
6 0.6299479166666667 0.4537037037037037 0.0171875 0.020370370370370372
8 0.6419270833333334 0.4398148148148148 0.015104166666666667 0.03333333333333333
6 0.6403645833333333 0.45601851851851855 0.0203125 0.017592592592592594
1 0.8018229166666667 0.48657407407407405 0.0671875 0.125
13 0.7151041666666667 0.4287037037037037 0.12604166666666666 0.18333333333333332
4 0.9223958333333333 0.5337962962962963 0.153125 0.16574074074074074
4 0.5658854166666667 0.4634259259259259 0.1234375 0.06388888888888888
3 0.30859375 0.41712962962962963 0.1796875 0.2953703703703704
1 0.27291666666666664 0.5171296296296296 0.084375 0.20277777777777778
13 0.1515625 0.4986111111111111 0.303125 0.9953703703703703
4 0.64375 0.7199074074074074 0.35625 0.5583333333333333