14 0.41328125 0.4064814814814815 0.0359375 0.022222222222222223
1 0.40260416666666665 0.4222222222222222 0.0125 0.009259259259259259
14 0.58984375 0.4300925925925926 0.0078125 0.026851851851851852
13 0.6330729166666667 0.40879629629629627 0.0796875 0.08425925925925926
4 0.8296875 0.5166666666666667 0.08229166666666667 0.12407407407407407
1 0.6450520833333333 0.45601851851851855 0.0484375 0.05462962962962963
1 0.7341145833333333 0.4638888888888889 0.13697916666666668 0.15925925925925927
4 0.4005208333333333 0.4615740740740741 0.010416666666666666 0.06574074074074074
1 0.42135416666666664 0.4601851851851852 0.0375 0.08518518518518518
13 0.5080729166666667 0.42962962962962964 0.15885416666666666 0.28703703703703703
4 0.6072916666666667 0.4634259259259259 0.13020833333333334 0.041666666666666664
4 0.66328125 0.7189814814814814 0.4359375 0.5601851851851852
3 0.3223958333333333 0.4162037037037037 0.159375 0.30277777777777776
1 0.28151041666666665 0.49398148148148147 0.0484375 0.14722222222222223
13 0.16223958333333333 0.4986111111111111 0.32447916666666665 0.9972222222222222
13 0.9341145833333333 0.4532407407407407 0.13072916666666667 0.30277777777777776
1 0.9723958333333333 0.7296296296296296 0.05416666666666667 0.5388888888888889