9 0.8309895833333333 0.12638888888888888 0.022395833333333334 0.10833333333333334
9 0.92734375 0.1337962962962963 0.027604166666666666 0.13425925925925927
9 0.9307291666666667 0.25601851851851853 0.014583333333333334 0.049074074074074076
13 0.925 0.3611111111111111 0.12291666666666666 0.10740740740740741
6 0.8856770833333333 0.3907407407407407 0.022395833333333334 0.05555555555555555
8 0.8770833333333333 0.36203703703703705 0.013541666666666667 0.03148148148148148
6 0.87578125 0.3921296296296296 0.033854166666666664 0.05462962962962963
8 0.8705729166666667 0.3800925925925926 0.016145833333333335 0.06759259259259259
6 0.9140625 0.3912037037037037 0.03333333333333333 0.03425925925925926
6 0.9190104166666667 0.3990740740740741 0.03802083333333333 0.05185185185185185
8 0.91875 0.37962962962962965 0.025 0.05185185185185185
1 0.9677083333333333 0.3685185185185185 0.021875 0.037037037037037035
8 0.93515625 0.65 0.0734375 0.5351851851851852
8 0.9455729166666667 0.5925925925925926 0.1078125 0.48703703703703705
6 0.9453125 0.8314814814814815 0.10833333333333334 0.3351851851851852
7 0.8447916666666667 0.4305555555555556 0.03854166666666667 0.17037037037037037