14 0.5619791666666667 0.43148148148148147 0.007291666666666667 0.024074074074074074
4 0.5674479166666667 0.4351851851851852 0.016145833333333335 0.027777777777777776
1 0.5807291666666666 0.43287037037037035 0.016666666666666666 0.041666666666666664
8 0.6057291666666667 0.4287037037037037 0.005208333333333333 0.018518518518518517
6 0.6057291666666667 0.44027777777777777 0.007291666666666667 0.01574074074074074
8 0.5833333333333334 0.4263888888888889 0.007291666666666667 0.026851851851851852
8 0.5880208333333333 0.425 0.0125 0.03333333333333333
8 0.6247395833333333 0.43657407407407406 0.015104166666666667 0.049074074074074076
6 0.6252604166666667 0.45092592592592595 0.0109375 0.03888888888888889
8 0.5971354166666667 0.49027777777777776 0.0453125 0.14537037037037037
6 0.5981770833333333 0.5273148148148148 0.05260416666666667 0.1398148148148148
13 0.5354166666666667 0.4152777777777778 0.04791666666666667 0.09351851851851851
13 0.19973958333333333 0.44722222222222224 0.09114583333333333 0.05555555555555555
4 0.25026041666666665 0.44074074074074077 0.03697916666666667 0.03148148148148148
8 0.21822916666666667 0.4791666666666667 0.025 0.06759259259259259
6 0.22265625 0.49027777777777776 0.027604166666666666 0.05092592592592592
7 0.25286458333333334 0.5013888888888889 0.0328125 0.11388888888888889
1 0.31354166666666666 0.49074074074074076 0.06354166666666666 0.12962962962962962
8 0.4869791666666667 0.43472222222222223 0.011458333333333333 0.032407407407407406
6 0.49192708333333335 0.44074074074074077 0.015104166666666667 0.022222222222222223
8 0.47760416666666666 0.43287037037037035 0.010416666666666666 0.023148148148148147
6 0.4828125 0.45 0.020833333333333332 0.024074074074074074
4 0.4484375 0.43703703703703706 0.030208333333333334 0.025925925925925925
8 0.46796875 0.43472222222222223 0.013020833333333334 0.030555555555555555
6 0.475 0.4537037037037037 0.01875 0.02962962962962963
6 0.4622395833333333 0.4513888888888889 0.015104166666666667 0.019444444444444445
8 0.4609375 0.4439814814814815 0.00625 0.026851851851851852
8 0.4510416666666667 0.4828703703703704 0.03958333333333333 0.1175925925925926
6 0.45338541666666665 0.5162037037037037 0.05364583333333333 0.11018518518518519
8 0.5067708333333333 0.5254629629629629 0.06354166666666666 0.18981481481481483
6 0.50390625 0.5972222222222222 0.0578125 0.1685185185185185
6 0.025 0.47824074074074074 0.011458333333333333 0.021296296296296296
6 0.012239583333333333 0.47962962962962963 0.013020833333333334 0.025925925925925925
6 0.8453125 0.43657407407407406 0.041666666666666664 0.062037037037037036
6 0.9395833333333333 0.5356481481481481 0.08229166666666667 0.1787037037037037
8 0.81875 0.5532407407407407 0.0875 0.2675925925925926
6 0.81796875 0.6222222222222222 0.10572916666666667 0.2611111111111111
14 0.7403645833333333 0.47685185185185186 0.03802083333333333 0.06481481481481481