3 0.03671875 0.36064814814814816 0.0734375 0.06574074074074074
4 0.20911458333333333 0.48703703703703705 0.0640625 0.13518518518518519
6 0.24661458333333333 0.47314814814814815 0.022395833333333334 0.044444444444444446
8 0.25234375 0.4527777777777778 0.021354166666666667 0.07962962962962963
6 0.25390625 0.5111111111111111 0.049479166666666664 0.07777777777777778
8 0.2674479166666667 0.4550925925925926 0.034895833333333334 0.09351851851851851
6 0.2799479166666667 0.47824074074074074 0.0140625 0.013888888888888888
8 0.29348958333333336 0.4532407407407407 0.03802083333333333 0.07314814814814814
8 0.3768229166666667 0.43425925925925923 0.021354166666666667 0.040740740740740744
4 0.5411458333333333 0.44074074074074077 0.06354166666666666 0.037037037037037035
1 0.48671875 0.4476851851851852 0.14427083333333332 0.062037037037037036
1 0.0984375 0.5203703703703704 0.196875 0.2722222222222222
4 0.29739583333333336 0.6833333333333333 0.471875 0.6314814814814815
3 0.8018229166666667 0.3453703703703704 0.3453125 0.412962962962963
1 0.7140625 0.7106481481481481 0.49375 0.5768518518518518