13 0.19869791666666667 0.4287037037037037 0.39739583333333334 0.5296296296296297
7 0.9338541666666667 0.4962962962962963 0.0125 0.037037037037037035
7 0.8947916666666667 0.49722222222222223 0.01875 0.05925925925925926
1 0.9638020833333333 0.49212962962962964 0.06197916666666667 0.125
7 0.91640625 0.6050925925925926 0.0734375 0.2712962962962963
1 0.7458333333333333 0.5462962962962963 0.12395833333333334 0.19814814814814816
1 0.65078125 0.5273148148148148 0.0765625 0.1398148148148148
8 0.5127604166666667 0.5263888888888889 0.030729166666666665 0.2064814814814815
14 0.54375 0.549537037037037 0.057291666666666664 0.0824074074074074
7 0.5578125 0.4666666666666667 0.028125 0.07037037037037037
8 0.57578125 0.4981481481481482 0.019270833333333334 0.07777777777777778
7 0.7205729166666667 0.6078703703703704 0.044270833333333336 0.287962962962963
14 0.44609375 0.5740740740740741 0.13697916666666668 0.1648148148148148
14 0.5875 0.5717592592592593 0.10208333333333333 0.1361111111111111
14 0.8984375 0.5578703703703703 0.096875 0.06574074074074074
8 0.6338541666666667 0.5416666666666666 0.04791666666666667 0.17407407407407408
8 0.4627604166666667 0.5310185185185186 0.043229166666666666 0.1787037037037037