6 0.23619791666666667 0.5486111111111112 0.0328125 0.03981481481481482
6 0.3184895833333333 0.6240740740740741 0.0421875 0.07407407407407407
6 0.27734375 0.5518518518518518 0.019270833333333334 0.053703703703703705
6 0.303125 0.5675925925925925 0.046875 0.05185185185185185
6 0.3111979166666667 0.5569444444444445 0.0453125 0.05648148148148148
6 0.3359375 0.5597222222222222 0.03333333333333333 0.04537037037037037
6 0.33984375 0.5597222222222222 0.04010416666666667 0.049074074074074076
6 0.34140625 0.562037037037037 0.04635416666666667 0.040740740740740744
4 0.45390625 0.5597222222222222 0.04010416666666667 0.04722222222222222
6 0.3106770833333333 0.5601851851851852 0.0453125 0.05
6 0.47734375 0.5421296296296296 0.018229166666666668 0.019444444444444445
6 0.49895833333333334 0.5444444444444444 0.022916666666666665 0.025925925925925925
1 0.5109375 0.5361111111111111 0.0125 0.025925925925925925
6 0.5286458333333334 0.5398148148148149 0.008333333333333333 0.014814814814814815
6 0.5473958333333333 0.5462962962962963 0.008333333333333333 0.012962962962962963
8 0.54609375 0.5356481481481481 0.0078125 0.019444444444444445
6 0.5552083333333333 0.5412037037037037 0.00625 0.010185185185185186
8 0.5559895833333334 0.5337962962962963 0.005729166666666666 0.017592592592592594
4 0.58046875 0.5342592592592592 0.0078125 0.011111111111111112
7 0.5856770833333333 0.5351851851851852 0.0026041666666666665 0.011111111111111112
7 0.5903645833333333 0.5356481481481481 0.0026041666666666665 0.010185185185185186
7 0.6109375 0.5458333333333333 0.007291666666666667 0.03796296296296296
4 0.615625 0.5527777777777778 0.004166666666666667 0.025925925925925925
13 0.6450520833333333 0.5324074074074074 0.06302083333333333 0.10555555555555556
13 0.8450520833333334 0.5337962962962963 0.3067708333333333 0.33055555555555555
1 0.42630208333333336 0.5356481481481481 0.024479166666666666 0.04537037037037037