1 0.3658854166666667 0.3578703703703704 0.015104166666666667 0.03425925925925926
4 0.40598958333333335 0.35 0.028645833333333332 0.016666666666666666
4 0.39895833333333336 0.3675925925925926 0.016666666666666666 0.046296296296296294
6 0.42578125 0.39490740740740743 0.04114583333333333 0.06574074074074074
8 0.421875 0.38425925925925924 0.01875 0.08703703703703704
8 0.4114583333333333 0.37592592592592594 0.013541666666666667 0.07777777777777778
4 0.4557291666666667 0.3768518518518518 0.03958333333333333 0.05740740740740741
7 0.48880208333333336 0.375 0.013020833333333334 0.05925925925925926
13 0.5716145833333334 0.3578703703703704 0.0953125 0.11944444444444445
13 0.6979166666666666 0.37222222222222223 0.08958333333333333 0.1
4 0.7989583333333333 0.38657407407407407 0.030208333333333334 0.05462962962962963
4 0.7625 0.3861111111111111 0.06145833333333333 0.08518518518518518
6 0.8234375 0.43842592592592594 0.028125 0.05462962962962963
8 0.8244791666666667 0.39814814814814814 0.030208333333333334 0.1
8 0.8216145833333334 0.4 0.028645833333333332 0.08888888888888889
13 0.8315104166666667 0.35462962962962963 0.0703125 0.08148148148148149
13 0.9328125 0.37037037037037035 0.057291666666666664 0.07777777777777778
6 0.9494791666666667 0.4185185185185185 0.013541666666666667 0.03333333333333333
8 0.95 0.3819444444444444 0.016666666666666666 0.026851851851851852
8 0.9494791666666667 0.39490740740740743 0.015625 0.049074074074074076
8 0.9651041666666667 0.3837962962962963 0.015625 0.032407407407407406
4 0.9752604166666666 0.425462962962963 0.0484375 0.11388888888888889
4 0.984375 0.5819444444444445 0.030208333333333334 0.2712962962962963
6 0.7276041666666667 0.5259259259259259 0.08333333333333333 0.16111111111111112
8 0.7309895833333333 0.45555555555555555 0.06614583333333333 0.21481481481481482
6 0.31197916666666664 0.4097222222222222 0.020833333333333332 0.06018518518518518
7 0.29401041666666666 0.3449074074074074 0.0067708333333333336 0.025
8 0.29583333333333334 0.35555555555555557 0.016666666666666666 0.05185185185185185
8 0.30963541666666666 0.3578703703703704 0.027604166666666666 0.06759259259259259
4 0.24140625 0.4162037037037037 0.14947916666666666 0.16574074074074074
13 0.06067708333333333 0.3351851851851852 0.12135416666666667 0.18333333333333332
6 0.13723958333333333 0.7768518518518519 0.27447916666666666 0.4444444444444444
8 0.11796875 0.6712962962962963 0.19322916666666667 0.524074074074074