14 0.45546875 0.41574074074074074 0.0036458333333333334 0.007407407407407408
14 0.45208333333333334 0.4375 0.00625 0.012037037037037037
14 0.44479166666666664 0.44722222222222224 0.014583333333333334 0.024074074074074074
4 0.4317708333333333 0.44675925925925924 0.0125 0.030555555555555555
4 0.4276041666666667 0.45092592592592595 0.010416666666666666 0.018518518518518517
3 0.4088541666666667 0.42777777777777776 0.030208333333333334 0.06851851851851852
4 0.40390625 0.43472222222222223 0.0265625 0.05462962962962963
1 0.3731770833333333 0.43333333333333335 0.050520833333333334 0.06481481481481481
14 0.46588541666666666 0.44814814814814813 0.0265625 0.03333333333333333
6 0.46901041666666665 0.4486111111111111 0.013020833333333334 0.03425925925925926
8 0.46822916666666664 0.43657407407407406 0.011458333333333333 0.030555555555555555
6 0.484375 0.4587962962962963 0.009375 0.012037037037037037
8 0.48385416666666664 0.44537037037037036 0.008333333333333333 0.020370370370370372
4 0.50234375 0.44814814814814813 0.0203125 0.03333333333333333
3 0.52109375 0.4425925925925926 0.0203125 0.04814814814814815
4 0.5473958333333333 0.44722222222222224 0.027083333333333334 0.037037037037037035
1 0.6213541666666667 0.44305555555555554 0.040625 0.06574074074074074
1 0.6809895833333334 0.44583333333333336 0.0390625 0.062037037037037036
1 0.78203125 0.45416666666666666 0.0453125 0.06574074074074074
1 0.8200520833333333 0.4550925925925926 0.0359375 0.06574074074074074
1 0.87734375 0.4597222222222222 0.04739583333333333 0.06388888888888888
6 0.8513020833333333 0.475462962962963 0.011979166666666667 0.026851851851851852
8 0.8484375 0.45787037037037037 0.010416666666666666 0.05462962962962963
6 0.9348958333333334 0.48333333333333334 0.05416666666666667 0.07222222222222222
8 0.9380208333333333 0.46435185185185185 0.020833333333333332 0.06944444444444445
6 0.7559895833333333 0.4759259259259259 0.05572916666666667 0.07037037037037037
8 0.7588541666666667 0.45694444444444443 0.020833333333333332 0.0787037037037037
8 0.76953125 0.45185185185185184 0.0265625 0.07592592592592592
4 0.21171875 0.4300925925925926 0.06614583333333333 0.08425925925925926
4 0.14375 0.4449074074074074 0.115625 0.11574074074074074
4 0.0125 0.4930555555555556 0.025 0.14537037037037037
14 0.46119791666666665 0.4203703703703704 0.005729166666666666 0.011111111111111112