4 0.4010416666666667 0.4398148148148148 0.021875 0.016666666666666666
9 0.47369791666666666 0.4287037037037037 0.0171875 0.011111111111111112
4 0.33984375 0.4597222222222222 0.0171875 0.010185185185185186
4 0.3138020833333333 0.4671296296296296 0.019270833333333334 0.006481481481481481
4 0.3125 0.5712962962962963 0.016666666666666666 0.05
4 0.49505208333333334 0.5546296296296296 0.018229166666666668 0.024074074074074074
4 0.4747395833333333 0.5611111111111111 0.04010416666666667 0.04259259259259259
4 0.4856770833333333 0.5712962962962963 0.016145833333333335 0.040740740740740744
4 0.5080729166666667 0.5787037037037037 0.043229166666666666 0.05740740740740741
6 0.6393229166666666 0.5875 0.015104166666666667 0.026851851851851852
8 0.6234375 0.5564814814814815 0.00625 0.018518518518518517
8 0.63046875 0.5638888888888889 0.011979166666666667 0.025925925925925925
9 0.7416666666666667 0.43425925925925923 0.005208333333333333 0.03888888888888889
9 0.7372395833333333 0.47685185185185186 0.0067708333333333336 0.046296296296296294
4 0.8171875 0.5587962962962963 0.03333333333333333 0.030555555555555555
4 0.8020833333333334 0.562962962962963 0.021875 0.037037037037037035
1 0.8486979166666667 0.5546296296296296 0.022395833333333334 0.03148148148148148
6 0.8622395833333333 0.5625 0.011979166666666667 0.021296296296296296
8 0.8635416666666667 0.5509259259259259 0.007291666666666667 0.027777777777777776
4 0.8911458333333333 0.5546296296296296 0.052083333333333336 0.03333333333333333
6 0.9234375 0.5550925925925926 0.007291666666666667 0.008333333333333333
8 0.9231770833333334 0.5467592592592593 0.0046875 0.013888888888888888
4 0.8950520833333333 0.5592592592592592 0.050520833333333334 0.02962962962962963
4 0.94296875 0.5583333333333333 0.0265625 0.03148148148148148
4 0.9815104166666667 0.5504629629629629 0.030729166666666665 0.03611111111111111
13 0.9888020833333333 0.5527777777777778 0.021354166666666667 0.046296296296296294
4 0.5390625 0.5986111111111111 0.05416666666666667 0.0824074074074074
4 0.59375 0.6356481481481482 0.13125 0.15648148148148147
6 0.7265625 0.5847222222222223 0.020833333333333332 0.032407407407407406
6 0.48463541666666665 0.5962962962962963 0.009895833333333333 0.03148148148148148
8 0.4822916666666667 0.5689814814814815 0.010416666666666666 0.04351851851851852
6 0.4747395833333333 0.6134259259259259 0.019270833333333334 0.049074074074074076
8 0.47369791666666666 0.5861111111111111 0.019270833333333334 0.08333333333333333
4 0.4315104166666667 0.5972222222222222 0.07864583333333333 0.13333333333333333
9 0.27838541666666666 0.5143518518518518 0.005729166666666666 0.025
4 0.2643229166666667 0.5652777777777778 0.0203125 0.023148148148148147
4 0.2296875 0.5777777777777777 0.084375 0.07407407407407407
7 0.27057291666666666 0.5939814814814814 0.009895833333333333 0.07685185185185185
1 0.29270833333333335 0.5925925925925926 0.040625 0.08888888888888889
1 0.36171875 0.6375 0.08802083333333334 0.20092592592592592
6 0.346875 0.8171296296296297 0.121875 0.36203703703703705
7 0.23619791666666667 0.5842592592592593 0.013020833333333334 0.05
7 0.24947916666666667 0.5824074074074074 0.017708333333333333 0.05740740740740741
4 0.15885416666666666 0.5435185185185185 0.027083333333333334 0.018518518518518517
4 0.17161458333333332 0.5518518518518518 0.03697916666666667 0.018518518518518517
7 0.115625 0.5995370370370371 0.027083333333333334 0.0824074074074074
1 0.159375 0.6125 0.075 0.12685185185185185
6 0.23255208333333333 0.6361111111111111 0.07864583333333333 0.07777777777777778
8 0.22760416666666666 0.6152777777777778 0.029166666666666667 0.12314814814814815
8 0.35260416666666666 0.7222222222222222 0.09791666666666667 0.337037037037037
7 0.016927083333333332 0.5018518518518519 0.009895833333333333 0.05555555555555555
7 0.02109375 0.5120370370370371 0.0109375 0.044444444444444446
7 0.03697916666666667 0.5310185185185186 0.009375 0.017592592592592594
7 0.05078125 0.5416666666666666 0.009895833333333333 0.024074074074074074
4 0.035416666666666666 0.5703703703703704 0.06979166666666667 0.07222222222222222
7 0.06145833333333333 0.575462962962963 0.019791666666666666 0.07685185185185185
7 0.019791666666666666 0.6555555555555556 0.03854166666666667 0.2111111111111111
4 0.9549479166666667 0.5601851851851852 0.0359375 0.03148148148148148
4 0.8369791666666667 0.7810185185185186 0.3229166666666667 0.4305555555555556
9 0.7424479166666667 0.5069444444444444 0.005729166666666666 0.010185185185185186
4 0.6690104166666667 0.5527777777777778 0.0265625 0.016666666666666666
9 0.5533854166666666 0.5041666666666667 0.005729166666666666 0.03611111111111111