3 0.4158854166666667 0.5351851851851852 0.018229166666666668 0.016666666666666666
3 0.4278645833333333 0.5337962962962963 0.0078125 0.01574074074074074
3 0.43359375 0.5351851851851852 0.005729166666666666 0.012962962962962963
4 0.4375 0.5393518518518519 0.00625 0.010185185185185186
1 0.44427083333333334 0.5412037037037037 0.008333333333333333 0.019444444444444445
6 0.45416666666666666 0.5444444444444444 0.004166666666666667 0.011111111111111112
8 0.4544270833333333 0.5398148148148149 0.0036458333333333334 0.014814814814814815
3 0.4739583333333333 0.5319444444444444 0.026041666666666668 0.04722222222222222
13 0.49375 0.5347222222222222 0.017708333333333333 0.03611111111111111
10 0.5153645833333333 0.5143518518518518 0.0046875 0.010185185185185186
10 0.5244791666666667 0.5101851851851852 0.005208333333333333 0.009259259259259259
13 0.5848958333333333 0.5277777777777778 0.026041666666666668 0.025925925925925925
13 0.6591145833333333 0.525 0.05260416666666667 0.07407407407407407
4 0.3502604166666667 0.5740740740740741 0.0078125 0.009259259259259259
3 0.3578125 0.5712962962962963 0.010416666666666666 0.014814814814814815