14 0.49453125 0.4756944444444444 0.0046875 0.018055555555555554
13 0.505859375 0.46805555555555556 0.02421875 0.04722222222222222
14 0.59296875 0.4652777777777778 0.0265625 0.044444444444444446
3 0.684375 0.46597222222222223 0.0875 0.09305555555555556
14 0.729296875 0.4986111111111111 0.01796875 0.03333333333333333
4 0.791015625 0.5076388888888889 0.01328125 0.029166666666666667
4 0.9703125 0.5291666666666667 0.0578125 0.06111111111111111
3 0.484765625 0.46111111111111114 0.03515625 0.025
4 0.519921875 0.4888888888888889 0.02578125 0.041666666666666664
6 0.519921875 0.5069444444444444 0.01328125 0.025
8 0.519921875 0.49027777777777776 0.01328125 0.05
14 0.573828125 0.4652777777777778 0.01796875 0.03611111111111111
4 0.47421875 0.4888888888888889 0.0328125 0.06388888888888888
4 0.490625 0.48055555555555557 0.0046875 0.022222222222222223
14 0.456640625 0.47152777777777777 0.00859375 0.018055555555555554
6 0.446875 0.49583333333333335 0.0078125 0.019444444444444445
8 0.447265625 0.48125 0.01015625 0.03194444444444444
4 0.43984375 0.4736111111111111 0.0140625 0.022222222222222223
4 0.4265625 0.47638888888888886 0.0234375 0.027777777777777776
8 0.41875 0.4756944444444444 0.0078125 0.029166666666666667
7 0.326953125 0.46944444444444444 0.01015625 0.05
7 0.312890625 0.4708333333333333 0.01171875 0.04722222222222222
6 0.34453125 0.5104166666666666 0.015625 0.05416666666666667
8 0.354296875 0.49930555555555556 0.01640625 0.06805555555555555
7 0.402734375 0.4708333333333333 0.00390625 0.025
7 0.16015625 0.48333333333333334 0.01875 0.08888888888888889
4 0.259765625 0.5236111111111111 0.06953125 0.10277777777777777
7 0.2765625 0.5388888888888889 0.0296875 0.15
7 0.21796875 0.525 0.025 0.14444444444444443
6 0.1984375 0.5493055555555556 0.025 0.10972222222222222
8 0.18359375 0.47638888888888886 0.015625 0.05277777777777778
7 0.171484375 0.5305555555555556 0.03203125 0.14166666666666666
4 0.08671875 0.44027777777777777 0.04375 0.013888888888888888
4 0.146875 0.7465277777777778 0.29375 0.5041666666666667