4 0.08567708333333333 0.49444444444444446 0.028645833333333332 0.03333333333333333
4 0.10416666666666667 0.5074074074074074 0.05625 0.053703703703703705
4 0.17552083333333332 0.4976851851851852 0.09270833333333334 0.09722222222222222
6 0.2234375 0.475462962962963 0.0125 0.025
6 0.23567708333333334 0.49166666666666664 0.021354166666666667 0.05185185185185185
1 0.2604166666666667 0.48518518518518516 0.009375 0.046296296296296294
1 0.2872395833333333 0.4791666666666667 0.0515625 0.05648148148148148
6 0.2864583333333333 0.48657407407407405 0.0375 0.03796296296296296
8 0.2859375 0.4736111111111111 0.016666666666666666 0.05092592592592592
4 0.4127604166666667 0.47314814814814815 0.08802083333333334 0.08888888888888889
10 0.30833333333333335 0.5842592592592593 0.013541666666666667 0.025925925925925925
10 0.5130208333333334 0.47129629629629627 0.007291666666666667 0.012962962962962963
3 0.47552083333333334 0.4185185185185185 0.12708333333333333 0.1388888888888889
13 0.5510416666666667 0.40324074074074073 0.10729166666666666 0.1527777777777778
13 0.6552083333333333 0.41435185185185186 0.07395833333333333 0.16944444444444445
13 0.7065104166666667 0.38055555555555554 0.0328125 0.06851851851851852
3 0.7450520833333333 0.38981481481481484 0.05364583333333333 0.07777777777777778
3 0.7747395833333334 0.38564814814814813 0.024479166666666666 0.0787037037037037
3 0.8075520833333333 0.3768518518518518 0.0484375 0.1425925925925926
13 0.9130208333333333 0.4925925925925926 0.17291666666666666 0.9851851851851852
4 0.7731770833333333 0.4162037037037037 0.033854166666666664 0.025
1 0.7416666666666667 0.40555555555555556 0.021875 0.027777777777777776
1 0.7145833333333333 0.4217592592592593 0.034375 0.049074074074074076
4 0.6106770833333334 0.5268518518518519 0.14114583333333333 0.24074074074074073
10 0.5114583333333333 0.46944444444444444 0.00625 0.012962962962962963
6 0.31692708333333336 0.9208333333333333 0.3223958333333333 0.15648148148148147
8 0.4171875 0.7694444444444445 0.10833333333333334 0.45555555555555555
8 0.29713541666666665 0.7402777777777778 0.27447916666666666 0.5175925925925926
4 0.7578125 0.48657407407407405 0.09270833333333334 0.1398148148148148
6 0.6833333333333333 0.45185185185185184 0.017708333333333333 0.016666666666666666
8 0.6903645833333333 0.44722222222222224 0.028645833333333332 0.07037037037037037
8 0.6770833333333334 0.6106481481481482 0.06041666666666667 0.31574074074074077
8 0.6942708333333333 0.7143518518518519 0.13958333333333334 0.537962962962963
6 0.6833333333333333 0.7935185185185185 0.07291666666666667 0.26296296296296295
6 0.81796875 0.9550925925925926 0.3567708333333333 0.08796296296296297
8 0.80078125 0.6597222222222222 0.1921875 0.5231481481481481
8 0.8481770833333333 0.7375 0.3015625 0.5194444444444445
6 0.06901041666666667 0.5208333333333334 0.027604166666666666 0.03796296296296296
6 0.013020833333333334 0.5416666666666666 0.026041666666666668 0.03518518518518519
7 0.03177083333333333 0.5138888888888888 0.017708333333333333 0.05555555555555555