7 0.47552083333333334 0.5412037037037037 0.008333333333333333 0.028703703703703703
6 0.5026041666666666 0.5763888888888888 0.0125 0.04722222222222222
8 0.5002604166666667 0.5375 0.0140625 0.021296296296296296
8 0.5028645833333333 0.5578703703703703 0.016145833333333335 0.06388888888888888
6 0.5690104166666666 0.5731481481481482 0.0171875 0.046296296296296294
8 0.5669270833333333 0.5467592592592593 0.015104166666666667 0.041666666666666664
6 0.5364583333333334 0.5777777777777777 0.015625 0.05185185185185185
8 0.5364583333333334 0.562037037037037 0.01875 0.07222222222222222
6 0.5916666666666667 0.5805555555555556 0.020833333333333332 0.046296296296296294
6 0.5184895833333333 0.5847222222222223 0.024479166666666666 0.06574074074074074
6 0.5515625 0.5888888888888889 0.028125 0.08148148148148149
8 0.5513020833333333 0.5671296296296297 0.0265625 0.08611111111111111
8 0.5192708333333333 0.562962962962963 0.025 0.07592592592592592
7 0.5799479166666667 0.5722222222222222 0.016145833333333335 0.09814814814814815
4 0.6356770833333333 0.5805555555555556 0.05572916666666667 0.08518518518518518
6 0.61171875 0.5967592592592592 0.0296875 0.08425925925925926
8 0.6114583333333333 0.5828703703703704 0.03125 0.10648148148148148
8 0.6138020833333333 0.5662037037037037 0.021354166666666667 0.06388888888888888
8 0.46822916666666664 0.5606481481481481 0.021875 0.0712962962962963
6 0.46875 0.5962962962962963 0.022916666666666665 0.07777777777777778
6 0.6515625 0.5967592592592592 0.030208333333333334 0.07314814814814814
7 0.49166666666666664 0.586574074074074 0.027083333333333334 0.11574074074074074
6 0.44947916666666665 0.5916666666666667 0.03229166666666667 0.09444444444444444
7 0.43515625 0.5888888888888889 0.018229166666666668 0.08888888888888889
7 0.42239583333333336 0.5569444444444445 0.013541666666666667 0.06759259259259259
7 0.41640625 0.5819444444444445 0.0171875 0.10462962962962963
7 0.40729166666666666 0.5791666666666667 0.017708333333333333 0.08611111111111111
6 0.7158854166666667 0.6217592592592592 0.028645833333333332 0.13055555555555556
6 0.68828125 0.6351851851851852 0.05260416666666667 0.12777777777777777
6 0.7486979166666666 0.6476851851851851 0.059895833333333336 0.14722222222222223
6 0.35625 0.7166666666666667 0.084375 0.23333333333333334
7 0.97265625 0.825925925925926 0.050520833333333334 0.3425925925925926