6 0.008854166666666666 0.7435185185185185 0.017708333333333333 0.09259259259259259
6 0.11197916666666667 0.712037037037037 0.10729166666666666 0.18333333333333332
8 0.11822916666666666 0.6620370370370371 0.06354166666666666 0.2111111111111111
1 0.2635416666666667 0.6439814814814815 0.21458333333333332 0.35833333333333334
7 0.3697916666666667 0.5560185185185185 0.014583333333333334 0.058333333333333334
7 0.38697916666666665 0.5449074074074074 0.015625 0.049074074074074076
7 0.3966145833333333 0.538425925925926 0.008854166666666666 0.03425925925925926
7 0.3921875 0.5662037037037037 0.017708333333333333 0.06759259259259259
7 0.4127604166666667 0.5546296296296296 0.015104166666666667 0.044444444444444446
3 0.5125 0.5120370370370371 0.036458333333333336 0.040740740740740744
14 0.49166666666666664 0.5175925925925926 0.010416666666666666 0.018518518518518517
14 0.5197916666666667 0.5337962962962963 0.042708333333333334 0.04351851851851852
8 0.5078125 0.5157407407407407 0.011458333333333333 0.03333333333333333
8 0.5213541666666667 0.5027777777777778 0.015625 0.053703703703703705
8 0.51875 0.5013888888888889 0.015625 0.04722222222222222
3 0.5580729166666667 0.512962962962963 0.04739583333333333 0.07407407407407407
13 0.6052083333333333 0.5101851851851852 0.041666666666666664 0.07777777777777778
4 0.5776041666666667 0.5421296296296296 0.040625 0.032407407407407406
4 0.6153645833333333 0.5296296296296297 0.021354166666666667 0.018518518518518517
4 0.6447916666666667 0.5370370370370371 0.035416666666666666 0.044444444444444446
3 0.6614583333333334 0.5115740740740741 0.027083333333333334 0.023148148148148147
3 0.68203125 0.5106481481481482 0.015104166666666667 0.026851851851851852
14 0.7153645833333333 0.5152777777777777 0.0546875 0.06944444444444445
8 0.68671875 0.5375 0.008854166666666666 0.03425925925925926
4 0.6794270833333333 0.5314814814814814 0.022395833333333334 0.03888888888888889
6 0.6700520833333333 0.5504629629629629 0.0203125 0.03611111111111111
8 0.67109375 0.5425925925925926 0.019270833333333334 0.05740740740740741
3 0.7611979166666667 0.5097222222222222 0.04010416666666667 0.04351851851851852
1 0.7635416666666667 0.5222222222222223 0.030208333333333334 0.018518518518518517
4 0.76953125 0.5708333333333333 0.0828125 0.10462962962962963
3 0.8450520833333334 0.5217592592592593 0.13385416666666666 0.1175925925925926
6 0.8359375 0.5578703703703703 0.021875 0.03981481481481482
8 0.8388020833333333 0.5458333333333333 0.015104166666666667 0.049074074074074076
8 0.9518229166666666 0.5319444444444444 0.0109375 0.017592592592592594
8 0.9557291666666666 0.5375 0.013541666666666667 0.030555555555555555
8 0.96328125 0.5435185185185185 0.019270833333333334 0.05
8 0.9791666666666666 0.5518518518518518 0.030208333333333334 0.06851851851851852
4 0.89765625 0.5856481481481481 0.13802083333333334 0.13796296296296295
4 0.8848958333333333 0.7828703703703703 0.22916666666666666 0.4324074074074074
4 0.5263020833333333 0.5486111111111112 0.04114583333333333 0.03981481481481482
4 0.6294270833333333 0.5837962962962963 0.07239583333333334 0.11018518518518519
4 0.7268229166666667 0.6592592592592592 0.17760416666666667 0.24074074074074073
4 0.4596354166666667 0.5902777777777778 0.0921875 0.14537037037037037
4 0.54609375 0.6958333333333333 0.19114583333333332 0.30277777777777776
6 0.403125 0.8222222222222222 0.15520833333333334 0.3537037037037037
6 0.3182291666666667 0.799074074074074 0.10208333333333333 0.32037037037037036
8 0.3234375 0.7064814814814815 0.07916666666666666 0.31851851851851853
8 0.403125 0.7490740740740741 0.11354166666666667 0.3814814814814815