14 0.49505208333333334 0.5217592592592593 0.019270833333333334 0.028703703703703703
8 0.5096354166666667 0.513425925925926 0.0036458333333333334 0.012037037037037037
3 0.5270833333333333 0.5018518518518519 0.03125 0.03148148148148148
13 0.58203125 0.5356481481481481 0.0640625 0.062037037037037036
1 0.5380208333333333 0.5351851851851852 0.036458333333333336 0.046296296296296294
1 0.525 0.5782407407407407 0.052083333333333336 0.125
8 0.5833333333333334 0.5717592592592593 0.017708333333333333 0.06574074074074074
6 0.5825520833333333 0.6106481481481482 0.0109375 0.05462962962962963
6 0.5588541666666667 0.6152777777777778 0.03958333333333333 0.10833333333333334
8 0.55625 0.5949074074074074 0.051041666666666666 0.1398148148148148
8 0.5627604166666667 0.5828703703703704 0.043229166666666666 0.11944444444444445
8 0.5895833333333333 0.5699074074074074 0.028125 0.08425925925925926
6 0.5890625 0.6129629629629629 0.01875 0.07037037037037037
6 0.6067708333333334 0.6129629629629629 0.03854166666666667 0.12037037037037036
8 0.6041666666666666 0.600462962962963 0.0375 0.12685185185185185
13 0.6638020833333333 0.5856481481481481 0.10260416666666666 0.16574074074074074
1 0.7307291666666667 0.5444444444444444 0.04791666666666667 0.05185185185185185
6 0.7205729166666667 0.5527777777777778 0.0203125 0.040740740740740744
6 0.7484375 0.5583333333333333 0.03229166666666667 0.044444444444444446
6 0.73671875 0.5888888888888889 0.049479166666666664 0.06481481481481481
6 0.7713541666666667 0.5976851851851852 0.04583333333333333 0.058333333333333334
7 0.7846354166666667 0.6189814814814815 0.030729166666666665 0.14722222222222223
1 0.17213541666666668 0.7217592592592592 0.17447916666666666 0.41944444444444445
1 0.07109375 0.7439814814814815 0.1421875 0.5101851851851852
1 0.3458333333333333 0.7523148148148148 0.34375 0.4935185185185185
6 0.96171875 0.7726851851851851 0.07552083333333333 0.2361111111111111
8 0.9786458333333333 0.7203703703703703 0.041666666666666664 0.30185185185185187