1 0.03619791666666667 0.4425925925925926 0.06510416666666667 0.14814814814814814
4 0.19921875 0.4699074074074074 0.058854166666666666 0.10092592592592593
6 0.31692708333333336 0.475462962962963 0.025520833333333333 0.08425925925925926
6 0.3067708333333333 0.49166666666666664 0.036458333333333336 0.07777777777777778
6 0.25859375 0.5282407407407408 0.08072916666666667 0.1175925925925926
8 0.26536458333333335 0.5023148148148148 0.04010416666666667 0.12685185185185185
6 0.3341145833333333 0.6064814814814815 0.049479166666666664 0.11666666666666667
8 0.34088541666666666 0.5541666666666667 0.028645833333333332 0.15833333333333333
8 0.36328125 0.5 0.034895833333333334 0.11851851851851852
6 0.7533854166666667 0.6398148148148148 0.08489583333333334 0.1425925925925926
1 0.6580729166666667 0.6375 0.1359375 0.325
8 0.19192708333333333 0.4439814814814815 0.0296875 0.058333333333333334
6 0.19557291666666668 0.4935185185185185 0.03177083333333333 0.0962962962962963
4 0.13098958333333333 0.4777777777777778 0.1390625 0.19074074074074074
4 0.5377604166666666 0.6523148148148148 0.3723958333333333 0.4305555555555556
10 0.05677083333333333 0.1425925925925926 0.05 0.09259259259259259
10 0.05078125 0.20694444444444443 0.049479166666666664 0.04537037037037037
8 0.28515625 0.47129629629629627 0.016145833333333335 0.09259259259259259
13 0.09375 0.38287037037037036 0.08229166666666667 0.10277777777777777
14 0.24973958333333332 0.4564814814814815 0.0609375 0.08333333333333333