14 0.49557291666666664 0.5231481481481481 0.019270833333333334 0.025925925925925925
3 0.5276041666666667 0.5 0.030208333333333334 0.03148148148148148
8 0.5096354166666667 0.5125 0.0046875 0.008333333333333333
14 0.5596354166666667 0.5347222222222222 0.0171875 0.03796296296296296
1 0.52734375 0.5787037037037037 0.05364583333333333 0.12777777777777777
1 0.5458333333333333 0.5199074074074074 0.020833333333333332 0.019444444444444445
13 0.5984375 0.5597222222222222 0.06145833333333333 0.11203703703703703
6 0.64453125 0.5694444444444444 0.011979166666666667 0.044444444444444446
8 0.6393229166666666 0.5481481481481482 0.011979166666666667 0.06111111111111111
13 0.64609375 0.5412037037037037 0.04635416666666667 0.06574074074074074
8 0.6432291666666666 0.5555555555555556 0.014583333333333334 0.07222222222222222
8 0.66953125 0.5481481481481482 0.013020833333333334 0.05
8 0.67890625 0.5462962962962963 0.015104166666666667 0.040740740740740744
6 0.67265625 0.5680555555555555 0.027604166666666666 0.049074074074074076
6 0.6768229166666667 0.5851851851851851 0.0171875 0.053703703703703705
14 0.72890625 0.525 0.049479166666666664 0.011111111111111112
1 0.7299479166666667 0.6402777777777777 0.10885416666666667 0.22870370370370371
7 0.85 0.6407407407407407 0.0375 0.18333333333333332
6 0.5622395833333333 0.6180555555555556 0.0359375 0.09907407407407408
8 0.5552083333333333 0.5916666666666667 0.053125 0.14074074074074075
8 0.5635416666666667 0.5837962962962963 0.040625 0.12314814814814815
8 0.5809895833333333 0.6259259259259259 0.008854166666666666 0.022222222222222223
6 0.5981770833333333 0.6013888888888889 0.034895833333333334 0.08611111111111111
8 0.6 0.5787037037037037 0.03125 0.10555555555555556
6 0.5986979166666667 0.6296296296296297 0.0390625 0.10555555555555556
8 0.5973958333333333 0.6046296296296296 0.040625 0.14074074074074075
1 0.15286458333333333 0.7324074074074074 0.2046875 0.43333333333333335
1 0.04791666666666667 0.7546296296296297 0.09583333333333334 0.4888888888888889
1 0.3424479166666667 0.7532407407407408 0.3515625 0.49166666666666664
1 0.9614583333333333 0.7069444444444445 0.07604166666666666 0.537962962962963