4 0.07447916666666667 0.4273148148148148 0.027083333333333334 0.06574074074074074
14 0.10416666666666667 0.43472222222222223 0.03333333333333333 0.05092592592592592
14 0.128125 0.4388888888888889 0.030208333333333334 0.040740740740740744
14 0.14036458333333332 0.4601851851851852 0.0484375 0.04259259259259259
7 0.20078125 0.44166666666666665 0.018229166666666668 0.037037037037037035
7 0.21614583333333334 0.45416666666666666 0.017708333333333333 0.026851851851851852
7 0.18020833333333333 0.4587962962962963 0.020833333333333332 0.08981481481481482
7 0.5932291666666667 0.5476851851851852 0.020833333333333332 0.04722222222222222
8 0.54375 0.5601851851851852 0.06666666666666667 0.14814814814814814
14 0.6205729166666667 0.6356481481481482 0.15677083333333333 0.175
8 0.74296875 0.6087962962962963 0.0390625 0.2064814814814815
8 0.71171875 0.6023148148148149 0.0453125 0.2064814814814815
14 0.8015625 0.649537037037037 0.16145833333333334 0.20833333333333334
7 0.89765625 0.6143518518518518 0.03177083333333333 0.1935185185185185
7 0.0734375 0.4287037037037037 0.014583333333333334 0.07592592592592592
6 0.78359375 0.6337962962962963 0.028645833333333332 0.13240740740740742