14 0.9955729166666667 0.524074074074074 0.0067708333333333336 0.05740740740740741
3 0.9682291666666667 0.5263888888888889 0.053125 0.09722222222222222
1 0.9216145833333333 0.5263888888888889 0.0140625 0.025
4 0.9364583333333333 0.5532407407407407 0.036458333333333336 0.05092592592592592
4 0.9057291666666667 0.5254629629629629 0.021875 0.028703703703703703
3 0.8364583333333333 0.5162037037037037 0.06145833333333333 0.0824074074074074
1 0.8778645833333333 0.5472222222222223 0.0515625 0.06851851851851852
4 0.82890625 0.5421296296296296 0.033854166666666664 0.05092592592592592
1 0.7989583333333333 0.5217592592592593 0.016666666666666666 0.019444444444444445
4 0.8098958333333334 0.5569444444444445 0.046875 0.0712962962962963
4 0.7447916666666666 0.5361111111111111 0.035416666666666666 0.044444444444444446
4 0.77421875 0.5453703703703704 0.03177083333333333 0.05740740740740741
7 0.7213541666666666 0.5166666666666667 0.007291666666666667 0.025925925925925925
7 0.7140625 0.5125 0.005208333333333333 0.017592592592592594
14 0.70078125 0.5263888888888889 0.0234375 0.030555555555555555
7 0.690625 0.5069444444444444 0.00625 0.010185185185185186
7 0.6864583333333333 0.5171296296296296 0.005208333333333333 0.030555555555555555
7 0.678125 0.5351851851851852 0.004166666666666667 0.044444444444444446
7 0.6734375 0.5421296296296296 0.011458333333333333 0.05648148148148148
7 0.6671875 0.5430555555555555 0.010416666666666666 0.05277777777777778
7 0.6578125 0.5287037037037037 0.011458333333333333 0.03148148148148148
7 0.6065104166666667 0.5055555555555555 0.008854166666666666 0.025925925925925925
7 0.6125 0.5092592592592593 0.011458333333333333 0.03333333333333333
7 0.5875 0.5226851851851851 0.00625 0.049074074074074076
7 0.57578125 0.5185185185185185 0.009895833333333333 0.04259259259259259
14 0.6143229166666667 0.5375 0.0421875 0.04537037037037037
1 0.5 0.5375 0.03125 0.032407407407407406
4 0.5114583333333333 0.5504629629629629 0.030208333333333334 0.04722222222222222
4 0.5375 0.5518518518518518 0.04375 0.05555555555555555
8 0.49973958333333335 0.5439814814814815 0.013020833333333334 0.058333333333333334
3 0.39348958333333334 0.5143518518518518 0.028645833333333332 0.03611111111111111
14 0.40703125 0.5282407407407408 0.03697916666666667 0.06388888888888888
1 0.41510416666666666 0.562037037037037 0.042708333333333334 0.1
1 0.36692708333333335 0.5467592592592593 0.022395833333333334 0.03981481481481482
4 0.36380208333333336 0.5550925925925926 0.049479166666666664 0.05648148148148148
4 0.36015625 0.5634259259259259 0.0390625 0.05462962962962963
4 0.34921875 0.5736111111111111 0.0234375 0.04351851851851852
1 0.3229166666666667 0.5541666666666667 0.04583333333333333 0.08981481481481482
4 0.46458333333333335 0.5981481481481481 0.09166666666666666 0.1388888888888889
4 0.19661458333333334 0.5268518518518519 0.030729166666666665 0.020370370370370372
4 0.15755208333333334 0.5435185185185185 0.0953125 0.05185185185185185
7 0.13854166666666667 0.5120370370370371 0.014583333333333334 0.016666666666666666
4 0.10338541666666666 0.5967592592592592 0.16302083333333334 0.1287037037037037
4 0.018489583333333334 0.6185185185185185 0.03697916666666667 0.13703703703703704
6 0.021614583333333333 0.7490740740740741 0.043229166666666666 0.1648148148148148
4 0.2513020833333333 0.7347222222222223 0.39010416666666664 0.3731481481481482
4 0.6309895833333333 0.5555555555555556 0.0765625 0.07037037037037037
4 0.7268229166666667 0.5712962962962963 0.06927083333333334 0.09074074074074075
6 0.7955729166666666 0.6324074074074074 0.05364583333333333 0.15185185185185185
8 0.7921875 0.5935185185185186 0.046875 0.1574074074074074
6 0.7013020833333333 0.6407407407407407 0.06614583333333333 0.1648148148148148
8 0.7010416666666667 0.6 0.046875 0.1648148148148148
6 0.5736979166666667 0.6055555555555555 0.04010416666666667 0.12037037037037036
8 0.57265625 0.5657407407407408 0.0359375 0.1
1 0.27395833333333336 0.5439814814814815 0.14895833333333333 0.0712962962962963
7 0.6247395833333333 0.5074074074074074 0.0067708333333333336 0.025925925925925925
7 0.6338541666666667 0.5120370370370371 0.010416666666666666 0.02962962962962963