8 0.011979166666666667 0.42453703703703705 0.023958333333333335 0.10648148148148148
8 0.017447916666666667 0.38981481481481484 0.0067708333333333336 0.016666666666666666
8 0.023958333333333335 0.3976851851851852 0.017708333333333333 0.03796296296296296
6 0.026822916666666665 0.4263888888888889 0.018229166666666668 0.05648148148148148
6 0.013541666666666667 0.4550925925925926 0.027083333333333334 0.08611111111111111
7 0.15598958333333332 0.4263888888888889 0.009895833333333333 0.04722222222222222
4 0.09791666666666667 0.4652777777777778 0.11979166666666667 0.16944444444444445
13 0.3234375 0.5277777777777778 0.33125 0.3851851851851852
13 0.2598958333333333 0.33194444444444443 0.13541666666666666 0.049074074074074076
7 0.4744791666666667 0.48194444444444445 0.021875 0.05092592592592592
6 0.4908854166666667 0.5592592592592592 0.06927083333333334 0.11481481481481481
7 0.5455729166666666 0.5046296296296297 0.013020833333333334 0.04814814814814815
7 0.5776041666666667 0.5162037037037037 0.036458333333333336 0.09166666666666666
8 0.5703125 0.5726851851851852 0.04895833333333333 0.1712962962962963
6 0.5700520833333333 0.611574074074074 0.10364583333333334 0.13055555555555556
1 0.7877604166666666 0.6856481481481481 0.2557291666666667 0.38981481481481484
8 0.6760416666666667 0.6388888888888888 0.06145833333333333 0.31666666666666665
6 0.6885416666666667 0.7384259259259259 0.184375 0.26944444444444443
7 0.9229166666666667 0.6518518518518519 0.04791666666666667 0.21296296296296297
7 0.9875 0.5625 0.020833333333333332 0.04722222222222222
4 0.9455729166666667 0.788425925925926 0.10677083333333333 0.4212962962962963