1 0.5263020833333333 0.5319444444444444 0.0078125 0.01574074074074074
1 0.5083333333333333 0.5337962962962963 0.008333333333333333 0.025
6 0.51796875 0.5412037037037037 0.0046875 0.012037037037037037
8 0.51796875 0.5342592592592592 0.005729166666666666 0.016666666666666666
1 0.54375 0.5324074074074074 0.008333333333333333 0.014814814814814815
4 0.5317708333333333 0.5314814814814814 0.005208333333333333 0.012962962962962963
6 0.5260416666666666 0.537962962962963 0.005208333333333333 0.011111111111111112
8 0.5260416666666666 0.5333333333333333 0.00625 0.016666666666666666
4 0.5533854166666666 0.5398148148148149 0.0109375 0.016666666666666666
6 0.5450520833333333 0.5449074074074074 0.005729166666666666 0.013888888888888888
8 0.5453125 0.5370370370370371 0.005208333333333333 0.014814814814814815
1 0.5739583333333333 0.5481481481481482 0.014583333333333334 0.03148148148148148
14 0.5885416666666666 0.5356481481481481 0.007291666666666667 0.010185185185185186
6 0.5825520833333333 0.5648148148148148 0.009895833333333333 0.02962962962962963
8 0.5830729166666667 0.5541666666666667 0.008854166666666666 0.032407407407407406
1 0.6018229166666667 0.5537037037037037 0.018229166666666668 0.040740740740740744
6 0.5903645833333333 0.5615740740740741 0.0078125 0.025
8 0.5893229166666667 0.5462962962962963 0.008854166666666666 0.018518518518518517
6 0.59765625 0.5638888888888889 0.0109375 0.025925925925925925
8 0.5979166666666667 0.5569444444444445 0.010416666666666666 0.03425925925925926
6 0.6307291666666667 0.5694444444444444 0.0125 0.03148148148148148
8 0.6302083333333334 0.5587962962962963 0.011458333333333333 0.032407407407407406
4 0.6513020833333333 0.562962962962963 0.028645833333333332 0.03518518518518519
4 0.6911458333333333 0.5689814814814815 0.011458333333333333 0.04537037037037037
3 0.7403645833333333 0.5648148148148148 0.0953125 0.08518518518518518
4 0.7486979166666666 0.5879629629629629 0.0703125 0.053703703703703705
4 0.8244791666666667 0.6083333333333333 0.09270833333333334 0.07592592592592592
4 0.9216145833333333 0.6282407407407408 0.10989583333333333 0.11388888888888889
6 0.7729166666666667 0.6337962962962963 0.0375 0.09351851851851851
8 0.7747395833333334 0.6060185185185185 0.0328125 0.10092592592592593
14 0.9942708333333333 0.7398148148148148 0.008333333333333333 0.03518518518518519
7 0.4869791666666667 0.5328703703703703 0.004166666666666667 0.019444444444444445
1 0.49921875 0.5458333333333333 0.018229166666666668 0.04351851851851852
7 0.4315104166666667 0.5277777777777778 0.005729166666666666 0.014814814814814815
6 0.42083333333333334 0.5550925925925926 0.011458333333333333 0.026851851851851852
8 0.4197916666666667 0.5435185185185185 0.010416666666666666 0.022222222222222223
7 0.4356770833333333 0.5277777777777778 0.005729166666666666 0.011111111111111112
13 0.36822916666666666 0.5430555555555555 0.03229166666666667 0.058333333333333334
6 0.3411458333333333 0.5763888888888888 0.016666666666666666 0.04537037037037037
8 0.34270833333333334 0.5638888888888889 0.020833333333333332 0.06666666666666667
1 0.28619791666666666 0.5671296296296297 0.030729166666666665 0.09907407407407408
1 0.2703125 0.5796296296296296 0.034375 0.10740740740740741
7 0.29609375 0.5842592592592593 0.022395833333333334 0.10185185185185185
1 0.175 0.5833333333333334 0.053125 0.1537037037037037
1 0.22057291666666667 0.5949074074074074 0.08489583333333334 0.15648148148148147
1 0.12838541666666667 0.5370370370370371 0.05677083333333333 0.09074074074074075
7 0.01640625 0.6125 0.0234375 0.175
8 0.47578125 0.5314814814814814 0.0046875 0.014814814814814815
6 0.47682291666666665 0.537962962962963 0.0067708333333333336 0.011111111111111112
6 0.5622395833333333 0.5439814814814815 0.005729166666666666 0.013888888888888888
8 0.5622395833333333 0.5412037037037037 0.005729166666666666 0.017592592592592594