7 0.3484375 0.5680555555555555 0.010416666666666666 0.04722222222222222
6 0.3703125 0.5782407407407407 0.028125 0.028703703703703703
8 0.3703125 0.5662037037037037 0.009375 0.03425925925925926
8 0.365625 0.5675925925925925 0.009375 0.03333333333333333
7 0.4125 0.5708333333333333 0.011458333333333333 0.04722222222222222
7 0.41432291666666665 0.5824074074074074 0.005729166666666666 0.03333333333333333
7 0.41848958333333336 0.5745370370370371 0.009895833333333333 0.049074074074074076
7 0.425 0.5662037037037037 0.007291666666666667 0.05462962962962963
7 0.43203125 0.5712962962962963 0.013020833333333334 0.05740740740740741
7 0.4515625 0.5550925925925926 0.008333333333333333 0.025
7 0.4453125 0.5703703703703704 0.007291666666666667 0.046296296296296294
7 0.4401041666666667 0.5685185185185185 0.007291666666666667 0.05185185185185185
7 0.45859375 0.6268518518518519 0.0296875 0.17407407407407408
7 0.4744791666666667 0.5597222222222222 0.008333333333333333 0.032407407407407406
7 0.5010416666666667 0.5606481481481481 0.007291666666666667 0.041666666666666664
7 0.49765625 0.5712962962962963 0.0140625 0.04259259259259259
7 0.51015625 0.5916666666666667 0.0171875 0.03518518518518519
7 0.5153645833333333 0.5671296296296297 0.009895833333333333 0.03796296296296296
4 0.5247395833333334 0.5449074074074074 0.0109375 0.012037037037037037
7 0.51953125 0.5467592592592593 0.0046875 0.01574074074074074
7 0.5260416666666666 0.5472222222222223 0.00625 0.018518518518518517
7 0.56015625 0.5685185185185185 0.013020833333333334 0.053703703703703705
6 0.6013020833333333 0.612037037037037 0.0203125 0.07962962962962963
7 0.5479166666666667 0.5578703703703703 0.021875 0.0824074074074074
7 0.584375 0.637962962962963 0.04583333333333333 0.22037037037037038
8 0.6190104166666667 0.6777777777777778 0.05677083333333333 0.29814814814814816
8 0.6247395833333333 0.6925925925925925 0.05677083333333333 0.2962962962962963
6 0.63125 0.7240740740740741 0.04791666666666667 0.18333333333333332
4 0.709375 0.5671296296296297 0.13125 0.1361111111111111
13 0.88984375 0.6194444444444445 0.21822916666666667 0.40185185185185185
6 0.9270833333333334 0.8680555555555556 0.14270833333333333 0.262037037037037
8 0.9625 0.7620370370370371 0.06770833333333333 0.4740740740740741
6 0.9166666666666666 0.9768518518518519 0.06979166666666667 0.040740740740740744
6 0.7575520833333333 0.8763888888888889 0.2515625 0.24537037037037038
8 0.6518229166666667 0.7768518518518519 0.043229166666666666 0.4444444444444444
8 0.6981770833333333 0.7680555555555556 0.11302083333333333 0.4583333333333333
7 0.7283854166666667 0.5907407407407408 0.05677083333333333 0.12037037037037036
8 0.75859375 0.7796296296296297 0.17760416666666667 0.4388888888888889
7 0.7877604166666666 0.6532407407407408 0.06197916666666667 0.20277777777777778
7 0.8625 0.6560185185185186 0.10833333333333334 0.30277777777777776
6 0.54375 0.7310185185185185 0.07291666666666667 0.21388888888888888
8 0.5419270833333333 0.6819444444444445 0.07552083333333333 0.275
8 0.5481770833333334 0.6810185185185185 0.05677083333333333 0.18981481481481483
8 0.5236979166666667 0.5703703703703704 0.0109375 0.03148148148148148
7 0.5205729166666667 0.5574074074074075 0.005729166666666666 0.020370370370370372
7 0.5153645833333333 0.5513888888888889 0.005729166666666666 0.017592592592592594
6 0.48723958333333334 0.6777777777777778 0.049479166666666664 0.15
8 0.490625 0.6310185185185185 0.05520833333333333 0.1638888888888889
4 0.3182291666666667 0.587037037037037 0.035416666666666666 0.07407407407407407
4 0.3140625 0.5967592592592592 0.029166666666666667 0.07314814814814814
14 0.31979166666666664 0.6509259259259259 0.042708333333333334 0.09074074074074075
13 0.15651041666666668 0.49953703703703706 0.31302083333333336 0.9990740740740741
7 0.79765625 0.7162037037037037 0.04114583333333333 0.08055555555555556