9 0.9223958333333333 0.1537037037037037 0.057291666666666664 0.027777777777777776
9 0.7846354166666667 0.19398148148148148 0.0171875 0.030555555555555555
9 0.7635416666666667 0.21435185185185185 0.016666666666666666 0.10092592592592593
9 0.7765625 0.21805555555555556 0.015625 0.028703703703703703
9 0.44817708333333334 0.12731481481481483 0.0359375 0.18611111111111112
9 0.46328125 0.25972222222222224 0.021354166666666667 0.05277777777777778
1 0.95546875 0.3939814814814815 0.024479166666666666 0.05462962962962963
13 0.9815104166666667 0.325 0.0359375 0.12037037037037036
3 0.8752604166666667 0.37407407407407406 0.1453125 0.22592592592592592
4 0.9658854166666667 0.45601851851851855 0.0671875 0.15648148148148147
1 0.2638020833333333 0.675 0.5265625 0.6481481481481481