13 0.4044270833333333 0.5060185185185185 0.0578125 0.017592592592592594
14 0.4859375 0.5143518518518518 0.010416666666666666 0.013888888888888888
14 0.5059895833333333 0.5087962962962963 0.011979166666666667 0.017592592592592594
14 0.49557291666666664 0.5199074074074074 0.0140625 0.019444444444444445
14 0.5002604166666667 0.5277777777777778 0.015104166666666667 0.025925925925925925
14 0.5190104166666667 0.5120370370370371 0.033854166666666664 0.014814814814814815
14 0.5744791666666667 0.5231481481481481 0.036458333333333336 0.024074074074074074
13 0.56953125 0.5412037037037037 0.0296875 0.06018518518518518
1 0.5463541666666667 0.5185185185185185 0.03854166666666667 0.022222222222222223
1 0.5346354166666667 0.5856481481481481 0.06197916666666667 0.14351851851851852
8 0.58125 0.549537037037037 0.0125 0.03981481481481482
8 0.5752604166666667 0.5675925925925925 0.0234375 0.08888888888888889
6 0.57578125 0.625 0.0171875 0.0962962962962963
6 0.5546875 0.6333333333333333 0.04583333333333333 0.14074074074074075
8 0.5520833333333334 0.6074074074074074 0.04479166666666667 0.17407407407407408
1 0.61796875 0.5657407407407408 0.058854166666666666 0.12777777777777777
1 0.6783854166666666 0.611574074074074 0.0890625 0.19537037037037036
14 0.7239583333333334 0.5736111111111111 0.04895833333333333 0.1175925925925926
6 0.7216145833333333 0.6407407407407407 0.0109375 0.07407407407407407
1 0.82265625 0.7106481481481481 0.19635416666666666 0.35833333333333334
8 0.5877604166666667 0.6074074074074074 0.03802083333333333 0.1537037037037037
6 0.58359375 0.6657407407407407 0.024479166666666666 0.1388888888888889
6 0.61171875 0.7074074074074074 0.07239583333333334 0.2388888888888889
8 0.5973958333333333 0.663425925925926 0.07916666666666666 0.25462962962962965
6 0.20416666666666666 0.6467592592592593 0.03854166666666667 0.18055555555555555
1 0.3653645833333333 0.7546296296296297 0.3411458333333333 0.4888888888888889
4 0.5140625 0.6523148148148148 0.007291666666666667 0.1527777777777778
6 0.05026041666666667 0.8689814814814815 0.10052083333333334 0.2601851851851852
8 0.044270833333333336 0.8462962962962963 0.08854166666666667 0.07037037037037037