10 0.319140625 0.31319444444444444 0.03515625 0.05416666666666667
4 0.359375 0.47708333333333336 0.0203125 0.04027777777777778
1 0.387109375 0.48125 0.03828125 0.04861111111111111
10 0.430078125 0.3875 0.03046875 0.027777777777777776
9 0.449609375 0.37222222222222223 0.02578125 0.013888888888888888
9 0.389453125 0.3701388888888889 0.00703125 0.04861111111111111
14 0.450390625 0.46944444444444444 0.03046875 0.03611111111111111
4 0.43359375 0.5131944444444444 0.0578125 0.09861111111111111
7 0.51796875 0.47847222222222224 0.0109375 0.043055555555555555
8 0.53125 0.4986111111111111 0.021875 0.08055555555555556
6 0.52890625 0.5138888888888888 0.028125 0.06944444444444445
4 0.588671875 0.5118055555555555 0.06640625 0.09861111111111111
7 0.6921875 0.4798611111111111 0.0109375 0.020833333333333332
7 0.681640625 0.4791666666666667 0.00703125 0.019444444444444445
7 0.66640625 0.475 0.0109375 0.013888888888888888
4 0.785546875 0.49444444444444446 0.03671875 0.027777777777777776
4 0.8359375 0.49375 0.0359375 0.034722222222222224
14 0.862109375 0.4951388888888889 0.01328125 0.04027777777777778
13 0.878515625 0.4951388888888889 0.02734375 0.04583333333333333
14 0.904296875 0.4888888888888889 0.02578125 0.019444444444444445
4 0.916015625 0.5125 0.07421875 0.030555555555555555
9 0.962109375 0.45069444444444445 0.01015625 0.034722222222222224
10 0.985546875 0.20347222222222222 0.02734375 0.09583333333333334
9 0.966796875 0.15625 0.04140625 0.03194444444444444
10 0.7 0.35555555555555557 0.028125 0.025
4 0.806640625 0.4951388888888889 0.01640625 0.02638888888888889
10 0.708984375 0.4395833333333333 0.00859375 0.02361111111111111
4 0.482421875 0.46041666666666664 0.01015625 0.02361111111111111
4 0.494921875 0.4576388888888889 0.01171875 0.020833333333333332
8 0.491796875 0.47847222222222224 0.01484375 0.04027777777777778
8 0.490234375 0.5076388888888889 0.02109375 0.09305555555555556
6 0.488671875 0.5152777777777777 0.02421875 0.06388888888888888
8 0.4703125 0.5222222222222223 0.0328125 0.11944444444444445
6 0.46953125 0.5548611111111111 0.0390625 0.12361111111111112
10 0.3171875 0.3576388888888889 0.034375 0.020833333333333332
10 0.637109375 0.4354166666666667 0.03359375 0.04583333333333333
7 0.540234375 0.4756944444444444 0.00703125 0.0375
3 0.554296875 0.45625 0.01953125 0.02361111111111111
14 0.5734375 0.45208333333333334 0.0203125 0.020833333333333332