4 0.39010416666666664 0.5217592592592593 0.011458333333333333 0.017592592592592594
4 0.4015625 0.5259259259259259 0.013541666666666667 0.025925925925925925
6 0.41041666666666665 0.5310185185185186 0.008333333333333333 0.01574074074074074
8 0.41119791666666666 0.524074074074074 0.0067708333333333336 0.022222222222222223
6 0.39765625 0.5356481481481481 0.0067708333333333336 0.023148148148148147
8 0.3971354166666667 0.5305555555555556 0.008854166666666666 0.024074074074074074
4 0.4375 0.5324074074074074 0.026041666666666668 0.02962962962962963
4 0.46067708333333335 0.5356481481481481 0.0203125 0.025
7 0.4708333333333333 0.5407407407407407 0.005208333333333333 0.025925925925925925
6 0.48125 0.5481481481481482 0.009375 0.025925925925925925
8 0.48098958333333336 0.5402777777777777 0.008854166666666666 0.03796296296296296
3 0.5231770833333333 0.5375 0.03697916666666667 0.062037037037037036
6 0.5916666666666667 0.5615740740740741 0.0125 0.028703703703703703
4 0.55859375 0.5745370370370371 0.06302083333333333 0.10462962962962963
4 0.6486979166666667 0.5851851851851851 0.06614583333333333 0.0962962962962963
6 0.6408854166666667 0.6231481481481481 0.03802083333333333 0.08888888888888889
8 0.6447916666666667 0.5967592592592592 0.03333333333333333 0.10833333333333334
3 0.8466145833333333 0.5583333333333333 0.30572916666666666 0.8814814814814815
6 0.35078125 0.7175925925925926 0.09427083333333333 0.24814814814814815
8 0.36640625 0.6439814814814815 0.0546875 0.225
8 0.34817708333333336 0.6560185185185186 0.0890625 0.24537037037037038
6 0.42291666666666666 0.5314814814814814 0.007291666666666667 0.012962962962962963
7 0.42864583333333334 0.524074074074074 0.004166666666666667 0.014814814814814815