4 0.3875 0.41064814814814815 0.019791666666666666 0.032407407407407406
6 0.38697916666666665 0.4199074074074074 0.015625 0.01574074074074074
8 0.38619791666666664 0.4134259259259259 0.009895833333333333 0.032407407407407406
14 0.33645833333333336 0.3907407407407407 0.015625 0.022222222222222223
14 0.33359375 0.4013888888888889 0.008854166666666666 0.008333333333333333
1 0.3578125 0.40324074074074073 0.023958333333333335 0.021296296296296296
1 0.3671875 0.41388888888888886 0.027083333333333334 0.027777777777777776
2 0.3734375 0.4412037037037037 0.009375 0.05277777777777778
8 0.3703125 0.4212962962962963 0.01875 0.07222222222222222
4 0.5427083333333333 0.4009259259259259 0.009375 0.016666666666666666
4 0.5458333333333333 0.44212962962962965 0.0125 0.08611111111111111
14 0.6229166666666667 0.4222222222222222 0.015625 0.044444444444444446
13 0.5822916666666667 0.43425925925925923 0.07604166666666666 0.17407407407407408
13 0.80546875 0.49953703703703706 0.3880208333333333 0.9990740740740741
6 0.3893229166666667 0.48657407407407405 0.016145833333333335 0.05092592592592592
8 0.38828125 0.4425925925925926 0.016145833333333335 0.06111111111111111
6 0.22447916666666667 0.5527777777777778 0.019791666666666666 0.13518518518518519
8 0.23098958333333333 0.5078703703703704 0.03177083333333333 0.1935185185185185
7 0.2869791666666667 0.3921296296296296 0.016666666666666666 0.028703703703703703
1 0.3020833333333333 0.55 0.15104166666666666 0.29814814814814816
6 0.28567708333333336 0.6986111111111111 0.13489583333333333 0.30277777777777776
8 0.29322916666666665 0.6125 0.1125 0.32685185185185184
4 0.5453125 0.37592592592592594 0.008333333333333333 0.016666666666666666