4 0.47942708333333334 0.4791666666666667 0.0067708333333333336 0.010185185185185186
7 0.47552083333333334 0.47638888888888886 0.0020833333333333333 0.010185185185185186
14 0.47109375 0.48055555555555557 0.0078125 0.011111111111111112
4 0.4669270833333333 0.4861111111111111 0.0067708333333333336 0.020370370370370372
4 0.48541666666666666 0.49398148148148147 0.011458333333333333 0.013888888888888888
4 0.49973958333333335 0.5037037037037037 0.0140625 0.020370370370370372
6 0.4828125 0.5069444444444444 0.005208333333333333 0.013888888888888888
8 0.48359375 0.49953703703703706 0.0046875 0.013888888888888888
4 0.5057291666666667 0.5087962962962963 0.017708333333333333 0.017592592592592594
4 0.5286458333333334 0.5064814814814815 0.007291666666666667 0.016666666666666666
4 0.5348958333333333 0.5148148148148148 0.011458333333333333 0.014814814814814815
4 0.5390625 0.5175925925925926 0.016666666666666666 0.020370370370370372
8 0.5502604166666667 0.5259259259259259 0.009895833333333333 0.027777777777777776
6 0.5528645833333333 0.5453703703703704 0.0109375 0.02962962962962963
4 0.5075520833333333 0.5365740740740741 0.0390625 0.05092592592592592
4 0.46458333333333335 0.5351851851851852 0.065625 0.05185185185185185
4 0.47942708333333334 0.5546296296296296 0.04739583333333333 0.07592592592592592
4 0.5296875 0.5615740740740741 0.05520833333333333 0.08611111111111111
1 0.5684895833333333 0.5361111111111111 0.0203125 0.04259259259259259
7 0.5817708333333333 0.5212962962962963 0.00625 0.040740740740740744
1 0.6151041666666667 0.5356481481481481 0.026041666666666668 0.058333333333333334
4 0.6403645833333333 0.5375 0.04010416666666667 0.05277777777777778
6 0.6229166666666667 0.5657407407407408 0.021875 0.05185185185185185
8 0.6255208333333333 0.5393518518518519 0.017708333333333333 0.049074074074074076
7 0.690625 0.5703703703703704 0.017708333333333333 0.06481481481481481
6 0.7356770833333334 0.5564814814814815 0.0265625 0.06666666666666667
7 0.7927083333333333 0.6203703703703703 0.04479166666666667 0.18888888888888888
6 0.9028645833333333 0.5453703703703704 0.0203125 0.03518518518518519
6 0.9184895833333333 0.5453703703703704 0.0203125 0.03333333333333333
4 0.9091145833333333 0.6666666666666666 0.1671875 0.22037037037037038
6 0.8541666666666666 0.8439814814814814 0.21875 0.3101851851851852
8 0.8354166666666667 0.7805555555555556 0.15729166666666666 0.40370370370370373
2 0.43046875 0.5527777777777778 0.0171875 0.04814814814814815
8 0.4315104166666667 0.5421296296296296 0.0140625 0.06388888888888888
7 0.4161458333333333 0.5226851851851851 0.011458333333333333 0.049074074074074076
1 0.37005208333333334 0.5699074074074074 0.05572916666666667 0.13425925925925927
1 0.3026041666666667 0.5912037037037037 0.10104166666666667 0.1787037037037037
4 0.12291666666666666 0.7648148148148148 0.24583333333333332 0.4685185185185185
7 0.5705729166666667 0.5069444444444444 0.0078125 0.013888888888888888
10 0.78046875 0.4023148148148148 0.011979166666666667 0.03981481481481482
14 0.47291666666666665 0.49537037037037035 0.010416666666666666 0.022222222222222223
4 0.4596354166666667 0.5069444444444444 0.0140625 0.017592592592592594
6 0.45390625 0.513425925925926 0.0078125 0.017592592592592594