13 0.82265625 0.44351851851851853 0.28489583333333335 0.5185185185185185
3 0.925 0.4023148148148148 0.09270833333333334 0.35648148148148145
1 0.9794270833333333 0.4625 0.04010416666666667 0.22685185185185186
13 0.67890625 0.36018518518518516 0.03177083333333333 0.09444444444444444
3 0.6455729166666667 0.36203703703703705 0.0546875 0.06111111111111111
4 0.6627604166666666 0.41944444444444445 0.04739583333333333 0.08518518518518518
4 0.6247395833333333 0.4398148148148148 0.07447916666666667 0.13518518518518519
6 0.5830729166666667 0.5208333333333334 0.04114583333333333 0.14166666666666666
8 0.5901041666666667 0.45787037037037037 0.025 0.12129629629629629
8 0.5864583333333333 0.4791666666666667 0.040625 0.1787037037037037
6 0.5388020833333333 0.6805555555555556 0.13177083333333334 0.3814814814814815
8 0.565625 0.5337962962962963 0.07395833333333333 0.33055555555555555
8 0.5408854166666667 0.5717592592592593 0.10677083333333333 0.3490740740740741
10 0.375 0.4625 0.020833333333333332 0.10833333333333334
10 0.43255208333333334 0.4537037037037037 0.008854166666666666 0.016666666666666666
4 0.4856770833333333 0.41898148148148145 0.06822916666666666 0.049074074074074076
1 0.43776041666666665 0.425462962962963 0.030729166666666665 0.04351851851851852
7 0.41328125 0.43287037037037035 0.011979166666666667 0.05462962962962963
4 0.390625 0.4300925925925926 0.046875 0.06018518518518518
4 0.3260416666666667 0.44537037037037036 0.040625 0.03333333333333333
6 0.35234375 0.44166666666666665 0.013020833333333334 0.02962962962962963
6 0.27890625 0.48055555555555557 0.0484375 0.12222222222222222
8 0.28463541666666664 0.47129629629629627 0.0328125 0.0962962962962963
8 0.2734375 0.47314814814814815 0.03333333333333333 0.08703703703703704
6 0.23125 0.46435185185185185 0.03125 0.062037037037037036
6 0.21041666666666667 0.4615740740740741 0.0375 0.05648148148148148
7 0.17760416666666667 0.45925925925925926 0.020833333333333332 0.09259259259259259
6 0.19036458333333334 0.4759259259259259 0.0140625 0.05555555555555555
6 0.037760416666666664 0.4976851851851852 0.06197916666666667 0.11018518518518519
7 0.06380208333333333 0.4722222222222222 0.0171875 0.05185185185185185
6 0.08125 0.4842592592592593 0.030208333333333334 0.10185185185185185
6 0.10989583333333333 0.5611111111111111 0.051041666666666666 0.1425925925925926
8 0.10989583333333333 0.5259259259259259 0.05 0.15
7 0.08359375 0.5041666666666667 0.0265625 0.05648148148148148
6 0.007552083333333333 0.5296296296296297 0.0140625 0.06111111111111111
6 0.31145833333333334 0.44907407407407407 0.017708333333333333 0.03148148148148148