6 0.9893229166666667 0.7527777777777778 0.0203125 0.15925925925925927
1 0.04244791666666667 0.612037037037037 0.08489583333333334 0.3111111111111111
7 0.19166666666666668 0.6708333333333333 0.06458333333333334 0.287962962962963
7 0.21119791666666668 0.649537037037037 0.05260416666666667 0.25277777777777777
7 0.2703125 0.65 0.05520833333333333 0.2759259259259259
6 0.31276041666666665 0.6106481481481482 0.05677083333333333 0.09722222222222222
6 0.33984375 0.6023148148148149 0.03697916666666667 0.07314814814814814
6 0.33151041666666664 0.5708333333333333 0.04635416666666667 0.05462962962962963
6 0.32369791666666664 0.5361111111111111 0.024479166666666666 0.024074074074074074
6 0.35703125 0.5662037037037037 0.028645833333333332 0.041666666666666664
6 0.4036458333333333 0.5805555555555556 0.05416666666666667 0.05740740740740741
6 0.37734375 0.5652777777777778 0.022395833333333334 0.030555555555555555
6 0.40286458333333336 0.5513888888888889 0.0234375 0.03425925925925926
6 0.3807291666666667 0.5513888888888889 0.020833333333333332 0.028703703703703703
6 0.34348958333333335 0.5393518518518519 0.0234375 0.025
6 0.35833333333333334 0.5458333333333333 0.023958333333333335 0.019444444444444445
4 0.38307291666666665 0.5282407407407408 0.0421875 0.025
7 0.41171875 0.5421296296296296 0.0078125 0.03611111111111111
4 0.43411458333333336 0.5467592592592593 0.03697916666666667 0.06018518518518518
6 0.45989583333333334 0.5569444444444445 0.019791666666666666 0.032407407407407406
8 0.45416666666666666 0.55 0.014583333333333334 0.046296296296296294
6 0.4791666666666667 0.5546296296296296 0.013541666666666667 0.037037037037037035
8 0.4778645833333333 0.5388888888888889 0.011979166666666667 0.016666666666666666
8 0.4786458333333333 0.549074074074074 0.013541666666666667 0.03518518518518519
7 0.48098958333333336 0.5291666666666667 0.0046875 0.013888888888888888
7 0.4875 0.5393518518518519 0.00625 0.032407407407407406
7 0.48359375 0.5287037037037037 0.0036458333333333334 0.012962962962962963
13 0.49921875 0.5296296296296297 0.021354166666666667 0.03888888888888889
4 0.51328125 0.524074074074074 0.0067708333333333336 0.014814814814814815
3 0.51484375 0.5115740740740741 0.008854166666666666 0.01574074074074074
1 0.5236979166666667 0.5370370370370371 0.0171875 0.03518518518518519
3 0.5296875 0.5180555555555556 0.019791666666666666 0.028703703703703703
6 0.5130208333333334 0.5930555555555556 0.026041666666666668 0.075
6 0.5348958333333333 0.5782407407407407 0.021875 0.05277777777777778
6 0.5419270833333333 0.5430555555555555 0.0078125 0.01574074074074074
8 0.5127604166666667 0.5694444444444444 0.024479166666666666 0.08333333333333333
8 0.5356770833333333 0.5601851851851852 0.021354166666666667 0.06666666666666667
8 0.5427083333333333 0.5347222222222222 0.008333333333333333 0.019444444444444445
8 0.53984375 0.5231481481481481 0.0026041666666666665 0.009259259259259259
6 0.5401041666666667 0.5273148148148148 0.004166666666666667 0.008333333333333333
8 0.5395833333333333 0.5212962962962963 0.003125 0.007407407407407408
4 0.54375 0.5212962962962963 0.005208333333333333 0.009259259259259259
6 0.5479166666666667 0.5342592592592592 0.004166666666666667 0.012962962962962963
8 0.54765625 0.5291666666666667 0.0046875 0.013888888888888888
1 0.5559895833333334 0.5319444444444444 0.0140625 0.026851851851851852
6 0.565625 0.5439814814814815 0.009375 0.021296296296296296
8 0.5653645833333333 0.538425925925926 0.0078125 0.025
6 0.57578125 0.5467592592592593 0.0067708333333333336 0.023148148148148147
8 0.5755208333333334 0.5393518518518519 0.00625 0.028703703703703703
7 0.5830729166666667 0.537962962962963 0.0026041666666666665 0.025925925925925925
7 0.5875 0.5407407407407407 0.005208333333333333 0.027777777777777776
7 0.59296875 0.5416666666666666 0.0078125 0.03333333333333333
4 0.6010416666666667 0.538425925925926 0.017708333333333333 0.03425925925925926
7 0.6044270833333333 0.5453703703703704 0.0067708333333333336 0.03333333333333333
7 0.6106770833333334 0.5462962962962963 0.008854166666666666 0.037037037037037035
4 0.62265625 0.5444444444444444 0.0234375 0.03148148148148148
7 0.6416666666666667 0.5592592592592592 0.0125 0.04814814814814815
7 0.6533854166666667 0.5583333333333333 0.0109375 0.04814814814814815
14 0.6614583333333334 0.5597222222222222 0.011458333333333333 0.03611111111111111
4 0.6828125 0.5541666666666667 0.04583333333333333 0.06574074074074074
4 0.7450520833333333 0.5638888888888889 0.05364583333333333 0.06296296296296296
6 0.68984375 0.5875 0.019270833333333334 0.04722222222222222
6 0.7122395833333334 0.6240740740740741 0.043229166666666666 0.11481481481481481
6 0.8291666666666667 0.6444444444444445 0.051041666666666666 0.1037037037037037
8 0.6924479166666667 0.5680555555555555 0.013020833333333334 0.06388888888888888
8 0.7114583333333333 0.5930555555555556 0.036458333333333336 0.12685185185185185
8 0.8088541666666667 0.587037037037037 0.013541666666666667 0.07222222222222222
8 0.8278645833333333 0.6194444444444445 0.03697916666666667 0.1388888888888889
4 0.9864583333333333 0.611574074074074 0.026041666666666668 0.10648148148148148