6 0.0875 0.9032407407407408 0.175 0.18796296296296297
6 0.21536458333333333 0.8101851851851852 0.19010416666666666 0.37407407407407406
7 0.21927083333333333 0.5782407407407407 0.034375 0.22685185185185186
7 0.2643229166666667 0.5939814814814814 0.04010416666666667 0.20092592592592592
7 0.29401041666666666 0.5694444444444444 0.04635416666666667 0.21296296296296297
7 0.31796875 0.6203703703703703 0.043229166666666666 0.18333333333333332
6 0.4361979166666667 0.6199074074074075 0.033854166666666664 0.11018518518518519
7 0.43697916666666664 0.5662037037037037 0.010416666666666666 0.058333333333333334
7 0.446875 0.5648148148148148 0.011458333333333333 0.07777777777777778
7 0.45416666666666666 0.5736111111111111 0.014583333333333334 0.06388888888888888
6 0.4671875 0.5782407407407407 0.023958333333333335 0.06018518518518518
6 0.4708333333333333 0.55 0.0125 0.020370370370370372
8 0.46953125 0.5407407407407407 0.005729166666666666 0.024074074074074074
8 0.4739583333333333 0.5425925925925926 0.008333333333333333 0.02962962962962963
6 0.47994791666666664 0.5777777777777777 0.0140625 0.053703703703703705
8 0.47890625 0.5541666666666667 0.0140625 0.04351851851851852
6 0.49921875 0.5597222222222222 0.015104166666666667 0.03796296296296296
8 0.5 0.5467592592592593 0.014583333333333334 0.03981481481481482
6 0.51953125 0.5569444444444445 0.0140625 0.03425925925925926
8 0.5151041666666667 0.5472222222222223 0.009375 0.04259259259259259
8 0.51953125 0.5472222222222223 0.009895833333333333 0.03888888888888889
6 0.5354166666666667 0.5597222222222222 0.009375 0.03796296296296296
6 0.5315104166666667 0.5625 0.016145833333333335 0.04351851851851852
8 0.5302083333333333 0.5504629629629629 0.0125 0.04722222222222222
8 0.5364583333333334 0.5486111111111112 0.009375 0.04722222222222222
7 0.5544270833333333 0.5449074074074074 0.0078125 0.03981481481481482
6 0.5505208333333333 0.5861111111111111 0.025 0.06296296296296296
8 0.5486979166666667 0.5657407407407408 0.0203125 0.07777777777777778
8 0.54609375 0.5444444444444444 0.005729166666666666 0.03888888888888889
6 0.5630208333333333 0.5611111111111111 0.014583333333333334 0.022222222222222223
6 0.5736979166666667 0.5712962962962963 0.021354166666666667 0.03333333333333333
4 0.60703125 0.5662037037037037 0.05364583333333333 0.06388888888888888
6 0.5908854166666667 0.5875 0.0234375 0.04537037037037037
8 0.5864583333333333 0.5657407407407408 0.014583333333333334 0.07037037037037037
8 0.5903645833333333 0.5634259259259259 0.016145833333333335 0.05462962962962963
6 0.61796875 0.5773148148148148 0.0296875 0.049074074074074076
6 0.6234375 0.6013888888888889 0.026041666666666668 0.06574074074074074
6 0.6546875 0.6027777777777777 0.034375 0.08148148148148149
6 0.6473958333333333 0.5703703703703704 0.020833333333333332 0.046296296296296294
6 0.7442708333333333 0.6564814814814814 0.103125 0.15185185185185185
8 0.7432291666666667 0.6300925925925925 0.06041666666666667 0.1824074074074074
6 0.7674479166666667 0.7074074074074074 0.06197916666666667 0.13703703703703704
6 0.8848958333333333 0.6976851851851852 0.06875 0.06759259259259259
6 0.9458333333333333 0.8 0.10520833333333333 0.35555555555555557
6 0.859375 0.8407407407407408 0.196875 0.3148148148148148
8 0.8575520833333333 0.7703703703703704 0.14427083333333332 0.45185185185185184
7 0.4890625 0.5773148148148148 0.014583333333333334 0.09166666666666666