13 0.4440104166666667 0.5370370370370371 0.018229166666666668 0.03518518518518519
14 0.46119791666666665 0.5314814814814814 0.018229166666666668 0.020370370370370372
3 0.4796875 0.5282407407407408 0.021875 0.030555555555555555
8 0.5421875 0.5370370370370371 0.004166666666666667 0.011111111111111112
14 0.55078125 0.5365740740740741 0.008854166666666666 0.01574074074074074
3 0.5791666666666667 0.5356481481481481 0.051041666666666666 0.05462962962962963
4 0.5869791666666667 0.5606481481481481 0.03958333333333333 0.049074074074074076
2 0.62265625 0.5615740740740741 0.005729166666666666 0.025
8 0.6229166666666667 0.5527777777777778 0.007291666666666667 0.03518518518518519
6 0.6955729166666667 0.575462962962963 0.0171875 0.023148148148148147
6 0.7044270833333334 0.5740740740740741 0.027604166666666666 0.03888888888888889
4 0.48515625 0.5518518518518518 0.0140625 0.03518518518518519
6 0.459375 0.5597222222222222 0.0125 0.030555555555555555
8 0.45989583333333334 0.5458333333333333 0.0125 0.032407407407407406
13 0.5078125 0.5518518518518518 0.03958333333333333 0.08518518518518518
10 0.10286458333333333 0.4263888888888889 0.050520833333333334 0.0787037037037037
13 0.28177083333333336 0.49907407407407406 0.290625 0.5648148148148148
4 0.85703125 0.7888888888888889 0.28177083333333336 0.4185185185185185
3 0.5270833333333333 0.5324074074074074 0.030208333333333334 0.05185185185185185