4 0.51875 0.45231481481481484 0.015625 0.025
1 0.53515625 0.4546296296296296 0.018229166666666668 0.03888888888888889
8 0.5994791666666667 0.45046296296296295 0.015625 0.04537037037037037
6 0.5950520833333334 0.46944444444444444 0.024479166666666666 0.03888888888888889
13 0.47109375 0.42916666666666664 0.0796875 0.16574074074074074
8 0.55 0.4537037037037037 0.013541666666666667 0.04814814814814815
8 0.8393229166666667 0.5125 0.050520833333333334 0.16203703703703703
6 0.8471354166666667 0.5634259259259259 0.07447916666666667 0.13055555555555556
8 0.5622395833333333 0.5069444444444444 0.04114583333333333 0.1398148148148148
8 0.6794270833333333 0.5370370370370371 0.06510416666666667 0.21481481481481482
6 0.6828125 0.5884259259259259 0.07083333333333333 0.21388888888888888
8 0.6265625 0.5930555555555556 0.1 0.33796296296296297
6 0.63046875 0.6828703703703703 0.10989583333333333 0.3472222222222222
6 0.5614583333333333 0.5537037037037037 0.04479166666666667 0.12037037037037036
6 0.5502604166666667 0.4638888888888889 0.0078125 0.022222222222222223
4 0.3216145833333333 0.4625 0.03697916666666667 0.04722222222222222
8 0.3796875 0.44907407407407407 0.010416666666666666 0.03148148148148148
6 0.39401041666666664 0.475462962962963 0.022395833333333334 0.041666666666666664
6 0.37786458333333334 0.47962962962962963 0.03802083333333333 0.044444444444444446
8 0.37578125 0.4675925925925926 0.018229166666666668 0.06666666666666667