4 0.42239583333333336 0.5421296296296296 0.016666666666666666 0.023148148148148147
1 0.8330729166666667 0.5740740740740741 0.025520833333333333 0.05740740740740741
4 0.6104166666666667 0.5486111111111112 0.014583333333333334 0.03981481481481482
3 0.6325520833333333 0.5361111111111111 0.019270833333333334 0.07037037037037037
3 0.6888020833333334 0.5398148148148149 0.08385416666666666 0.13333333333333333
6 0.8119791666666667 0.6171296296296296 0.016666666666666666 0.0824074074074074
8 0.81015625 0.5666666666666667 0.011979166666666667 0.03888888888888889
13 0.6755208333333333 0.5689814814814815 0.07708333333333334 0.13055555555555556
1 0.7684895833333333 0.6069444444444444 0.09427083333333333 0.16944444444444445
4 0.9192708333333334 0.6356481481481482 0.15833333333333333 0.25462962962962965
14 0.5010416666666667 0.5388888888888889 0.023958333333333335 0.05
1 0.53046875 0.5828703703703704 0.0546875 0.13425925925925927
6 0.5533854166666666 0.6375 0.043229166666666666 0.10462962962962963
8 0.5463541666666667 0.5601851851851852 0.027083333333333334 0.06851851851851852
8 0.5565104166666667 0.6018518518518519 0.05260416666666667 0.16111111111111112
4 0.44947916666666665 0.5569444444444445 0.052083333333333336 0.0787037037037037
1 0.46979166666666666 0.612037037037037 0.09479166666666666 0.17777777777777778
1 0.40520833333333334 0.5884259259259259 0.03229166666666667 0.1398148148148148
1 0.26171875 0.5717592592592593 0.028645833333333332 0.10277777777777777
7 0.24270833333333333 0.5791666666666667 0.013541666666666667 0.08055555555555556
1 0.33515625 0.674074074074074 0.14739583333333334 0.3277777777777778
9 0.5473958333333333 0.08009259259259259 0.078125 0.03981481481481482
9 0.4908854166666667 0.19768518518518519 0.0140625 0.062037037037037036
4 0.42109375 0.5726851851851852 0.009895833333333333 0.07685185185185185