6 0.32447916666666665 0.6259259259259259 0.06041666666666667 0.09259259259259259
6 0.31614583333333335 0.6351851851851852 0.053125 0.09444444444444444
6 0.29791666666666666 0.6430555555555556 0.05416666666666667 0.10648148148148148
6 0.4434895833333333 0.5949074074074074 0.021354166666666667 0.0824074074074074
2 0.4125 0.6064814814814815 0.04375 0.053703703703703705
7 0.41302083333333334 0.6143518518518518 0.03229166666666667 0.1361111111111111
1 0.5932291666666667 0.5518518518518518 0.011458333333333333 0.05740740740740741
14 0.6119791666666666 0.562037037037037 0.016666666666666666 0.03148148148148148
8 0.6145833333333334 0.5412037037037037 0.010416666666666666 0.023148148148148147
1 0.7291666666666666 0.6 0.05520833333333333 0.14814814814814814
1 0.6825520833333333 0.6125 0.07135416666666666 0.1638888888888889
6 0.6458333333333334 0.7222222222222222 0.08645833333333333 0.17777777777777778
8 0.6390625 0.5763888888888888 0.023958333333333335 0.06574074074074074
8 0.6302083333333334 0.6541666666666667 0.053125 0.19537037037037036
8 0.6622395833333333 0.6449074074074074 0.08177083333333333 0.21203703703703702
7 0.7690104166666667 0.6305555555555555 0.025520833333333333 0.2
7 0.7877604166666666 0.6324074074074074 0.03697916666666667 0.2074074074074074
7 0.8611979166666667 0.6513888888888889 0.0203125 0.14907407407407408
8 0.9466145833333334 0.6550925925925926 0.033854166666666664 0.2324074074074074
14 0.91484375 0.6560185185185186 0.1515625 0.2953703703703704
13 0.5200520833333333 0.5550925925925926 0.1453125 0.3287037037037037
8 0.46145833333333336 0.48518518518518516 0.023958333333333335 0.12777777777777777
8 0.48854166666666665 0.475 0.03333333333333333 0.14629629629629629
8 0.5234375 0.47129629629629627 0.03125 0.14074074074074075
8 0.5432291666666667 0.4689814814814815 0.029166666666666667 0.1398148148148148
8 0.5544270833333333 0.47175925925925927 0.022395833333333334 0.13425925925925927
8 0.571875 0.46805555555555556 0.022916666666666665 0.1361111111111111