4 0.12317708333333334 0.4041666666666667 0.059895833333333336 0.08055555555555556
8 0.0734375 0.38055555555555554 0.017708333333333333 0.05555555555555555
8 0.08541666666666667 0.3625 0.00625 0.010185185185185186
8 0.08411458333333334 0.3958333333333333 0.0234375 0.05462962962962963
8 0.10338541666666666 0.425462962962963 0.04739583333333333 0.1398148148148148
4 0.20442708333333334 0.41944444444444445 0.1609375 0.07777777777777778
8 0.21744791666666666 0.4097222222222222 0.0578125 0.07314814814814814
6 0.17317708333333334 0.44027777777777777 0.008854166666666666 0.019444444444444445
4 0.5966145833333333 0.524074074074074 0.1453125 0.16111111111111112
4 0.43776041666666665 0.5083333333333333 0.25364583333333335 0.20925925925925926
4 0.04505208333333333 0.4777777777777778 0.09010416666666667 0.32037037037037036
4 0.7927083333333333 0.7449074074074075 0.41354166666666664 0.5064814814814815
4 0.30520833333333336 0.7189814814814814 0.6104166666666667 0.5601851851851852