13 0.48098958333333336 0.5592592592592592 0.013020833333333334 0.03148148148148148
10 0.48932291666666666 0.538425925925926 0.0140625 0.026851851851851852
13 0.52734375 0.5638888888888889 0.005729166666666666 0.018518518518518517
4 0.5317708333333333 0.5685185185185185 0.008333333333333333 0.014814814814814815
4 0.5486979166666667 0.5685185185185185 0.015104166666666667 0.03888888888888889
4 0.5940104166666667 0.5662037037037037 0.0421875 0.0712962962962963
4 0.5708333333333333 0.5810185185185185 0.05625 0.08055555555555556
1 0.5083333333333333 0.5708333333333333 0.036458333333333336 0.08055555555555556
13 0.4505208333333333 0.5402777777777777 0.046875 0.09537037037037037
13 0.39947916666666666 0.5462962962962963 0.041666666666666664 0.08518518518518518
13 0.10703125 0.46805555555555556 0.2140625 0.8768518518518519