10 0.27447916666666666 0.33055555555555555 0.029166666666666667 0.05185185185185185
6 0.2825520833333333 0.4449074074074074 0.043229166666666666 0.049074074074074076
6 0.29296875 0.43333333333333335 0.05260416666666667 0.05185185185185185
10 0.35 0.3314814814814815 0.026041666666666668 0.04259259259259259
6 0.35234375 0.4393518518518518 0.0140625 0.03611111111111111
6 0.43385416666666665 0.43333333333333335 0.019791666666666666 0.05185185185185185
10 0.34921875 0.3574074074074074 0.019270833333333334 0.012962962962962963
8 0.43697916666666664 0.42407407407407405 0.015625 0.05925925925925926
4 0.5205729166666667 0.4013888888888889 0.0390625 0.06944444444444445
8 0.4309895833333333 0.425 0.015104166666666667 0.05925925925925926
7 0.48020833333333335 0.4027777777777778 0.00625 0.02962962962962963
4 0.53984375 0.40370370370370373 0.009895833333333333 0.03148148148148148
1 0.57890625 0.40324074074074073 0.028645833333333332 0.06388888888888888
7 0.5450520833333333 0.3958333333333333 0.0078125 0.026851851851851852
7 0.56640625 0.3902777777777778 0.008854166666666666 0.032407407407407406
7 0.5513020833333333 0.39537037037037037 0.008854166666666666 0.025925925925925925
4 0.6533854166666667 0.36944444444444446 0.0578125 0.020370370370370372
7 0.6713541666666667 0.36666666666666664 0.011458333333333333 0.024074074074074074
6 0.6953125 0.36574074074074076 0.027083333333333334 0.024074074074074074
14 0.79921875 0.524537037037037 0.1234375 0.16944444444444445
7 0.8513020833333333 0.5324074074074074 0.0859375 0.19814814814814816
7 0.6307291666666667 0.37175925925925923 0.009375 0.01574074074074074
7 0.6239583333333333 0.37222222222222223 0.00625 0.014814814814814815
14 0.5005208333333333 0.39675925925925926 0.007291666666666667 0.017592592592592594