6 0.234375 0.49907407407407406 0.007291666666666667 0.011111111111111112
13 0.3026041666666667 0.5393518518518519 0.09479166666666666 0.12129629629629629
8 0.3885416666666667 0.5361111111111111 0.013541666666666667 0.03518518518518519
8 0.38307291666666665 0.6027777777777777 0.034895833333333334 0.16296296296296298
6 0.3848958333333333 0.6509259259259259 0.026041666666666668 0.07777777777777778
6 0.4276041666666667 0.7 0.06979166666666667 0.1648148148148148
8 0.43984375 0.6310185185185185 0.0359375 0.20833333333333334
8 0.43723958333333335 0.6361111111111111 0.033854166666666664 0.2
8 0.4044270833333333 0.6351851851851852 0.06302083333333333 0.22777777777777777
6 0.4596354166666667 0.562037037037037 0.021354166666666667 0.05185185185185185
8 0.46145833333333336 0.55 0.017708333333333333 0.05
10 0.5578125 0.4828703703703704 0.017708333333333333 0.013888888888888888
10 0.55546875 0.45416666666666666 0.018229166666666668 0.032407407407407406
4 0.55 0.5296296296296297 0.0125 0.024074074074074074
4 0.5421875 0.5435185185185185 0.009375 0.05
10 0.5486979166666667 0.5828703703703704 0.0078125 0.03611111111111111
10 0.5708333333333333 0.600462962962963 0.008333333333333333 0.049074074074074076
10 0.5783854166666667 0.6106481481481482 0.0109375 0.05648148148148148
13 0.978125 0.5810185185185185 0.042708333333333334 0.08425925925925926
4 0.80546875 0.5782407407407407 0.0609375 0.062037037037037036
7 0.7489583333333333 0.5569444444444445 0.008333333333333333 0.04722222222222222
7 0.7229166666666667 0.5546296296296296 0.007291666666666667 0.037037037037037035
4 0.6708333333333333 0.5444444444444444 0.025 0.03518518518518519
4 0.64375 0.5398148148148149 0.019791666666666666 0.027777777777777776
13 0.5033854166666667 0.5625 0.0703125 0.1527777777777778
1 0.13020833333333334 0.549537037037037 0.090625 0.17314814814814813
6 0.28984375 0.6416666666666667 0.0328125 0.09814814814814815
6 0.33151041666666664 0.6666666666666666 0.06822916666666666 0.17592592592592593
8 0.33046875 0.6148148148148148 0.0578125 0.19814814814814816
6 0.0296875 0.5837962962962963 0.059375 0.11018518518518519
8 0.015625 0.5652777777777778 0.03125 0.15092592592592594
6 0.0625 0.875 0.12395833333333334 0.24444444444444444
8 0.04609375 0.8888888888888888 0.0921875 0.22037037037037038
8 0.30520833333333336 0.5587962962962963 0.026041666666666668 0.09537037037037037
8 0.28072916666666664 0.5907407407407408 0.05520833333333333 0.1425925925925926