9 0.334375 0.3541666666666667 0.010416666666666666 0.058333333333333334
9 0.34088541666666666 0.412962962962963 0.0078125 0.022222222222222223
9 0.0640625 0.24537037037037038 0.022916666666666665 0.13148148148148148
9 0.08229166666666667 0.3453703703703704 0.025 0.07407407407407407
3 0.10078125 0.4162037037037037 0.06510416666666667 0.021296296296296296
3 0.22083333333333333 0.42916666666666664 0.040625 0.04537037037037037
13 0.28489583333333335 0.46574074074074073 0.08229166666666667 0.0962962962962963
8 0.3294270833333333 0.48055555555555557 0.0171875 0.06666666666666667
6 0.328125 0.5111111111111111 0.029166666666666667 0.03333333333333333
6 0.28151041666666665 0.4962962962962963 0.025520833333333333 0.053703703703703705
10 0.2513020833333333 0.5472222222222223 0.008854166666666666 0.016666666666666666
1 0.23177083333333334 0.5037037037037037 0.08645833333333333 0.12222222222222222
1 0.05651041666666667 0.562037037037037 0.11302083333333333 0.19074074074074074
8 0.19921875 0.7125 0.12447916666666667 0.5657407407407408
8 0.1015625 0.7467592592592592 0.203125 0.5046296296296297
6 0.13854166666666667 0.8791666666666667 0.27708333333333335 0.23981481481481481
4 0.4125 0.4597222222222222 0.10104166666666667 0.09907407407407408
8 0.5005208333333333 0.43425925925925923 0.007291666666666667 0.016666666666666666
8 0.4778645833333333 0.43194444444444446 0.0067708333333333336 0.013888888888888888
8 0.4705729166666667 0.43194444444444446 0.005729166666666666 0.013888888888888888
7 0.46822916666666664 0.42962962962962964 0.00625 0.024074074074074074
7 0.46510416666666665 0.4263888888888889 0.005208333333333333 0.030555555555555555
1 0.5216145833333333 0.42592592592592593 0.028645833333333332 0.014814814814814815
9 0.5578125 0.2967592592592593 0.023958333333333335 0.017592592592592594
4 0.5744791666666667 0.4375 0.057291666666666664 0.06018518518518518
4 0.5473958333333333 0.5074074074074074 0.09270833333333334 0.16666666666666666
4 0.4276041666666667 0.5712962962962963 0.24479166666666666 0.37777777777777777
13 0.69765625 0.3962962962962963 0.027604166666666666 0.044444444444444446
13 0.6588541666666666 0.3888888888888889 0.05625 0.05740740740740741
4 0.7104166666666667 0.7 0.4010416666666667 0.5981481481481481
1 0.6705729166666666 0.40879629629629627 0.0421875 0.013888888888888888
1 0.7013020833333333 0.4125 0.016145833333333335 0.013888888888888888
3 0.82890625 0.4023148148148148 0.24322916666666666 0.41203703703703703
13 0.5729166666666666 0.3972222222222222 0.04479166666666667 0.03888888888888889