9 0.40546875 0.33125 0.021875 0.0125
10 0.373828125 0.35 0.03203125 0.03611111111111111
9 0.296484375 0.38333333333333336 0.00859375 0.044444444444444446
4 0.393359375 0.4909722222222222 0.01484375 0.0375
8 0.344921875 0.4722222222222222 0.01171875 0.025
4 0.318359375 0.5236111111111111 0.07734375 0.09166666666666666
4 0.48515625 0.5958333333333333 0.2046875 0.38055555555555554
6 0.349609375 0.5805555555555556 0.04765625 0.13333333333333333
8 0.349609375 0.55 0.03828125 0.1361111111111111
1 0.728125 0.49583333333333335 0.028125 0.027777777777777776
4 0.649609375 0.4979166666666667 0.03984375 0.0375
4 0.71796875 0.5423611111111111 0.09375 0.09305555555555556
4 0.776953125 0.5368055555555555 0.06328125 0.07916666666666666
6 0.134765625 0.575 0.06171875 0.1
8 0.14140625 0.5430555555555555 0.0375 0.12222222222222222
4 0.904296875 0.5347222222222222 0.03046875 0.05277777777777778
10 0.146484375 0.3923611111111111 0.02578125 0.0375
10 0.14609375 0.4215277777777778 0.0234375 0.0125
9 0.34921875 0.3659722222222222 0.0078125 0.029166666666666667
14 0.865234375 0.5152777777777777 0.04296875 0.06388888888888888
9 0.938671875 0.47152777777777777 0.01171875 0.02361111111111111