10 0.015104166666666667 0.4842592592592593 0.008333333333333333 0.025925925925925925
4 0.02890625 0.5578703703703703 0.0578125 0.06574074074074074
4 0.06848958333333334 0.5375 0.03177083333333333 0.012037037037037037
4 0.08385416666666666 0.5791666666666667 0.08333333333333333 0.09351851851851851
4 0.12708333333333333 0.5472222222222223 0.040625 0.04259259259259259
6 0.12604166666666666 0.5518518518518518 0.021875 0.022222222222222223
8 0.13151041666666666 0.5393518518518519 0.016145833333333335 0.04351851851851852
4 0.15703125 0.5328703703703703 0.021354166666666667 0.006481481481481481
4 0.16067708333333333 0.5648148148148148 0.07447916666666667 0.06666666666666667
4 0.21848958333333332 0.5462962962962963 0.049479166666666664 0.05
4 0.24557291666666667 0.5444444444444444 0.05572916666666667 0.04259259259259259
4 0.6580729166666667 0.7319444444444444 0.4546875 0.3861111111111111