13 0.4942708333333333 0.5226851851851851 0.010416666666666666 0.021296296296296296
13 0.5114583333333333 0.5222222222222223 0.022916666666666665 0.03888888888888889
13 0.5346354166666667 0.5370370370370371 0.009895833333333333 0.024074074074074074
13 0.5479166666666667 0.5375 0.021875 0.028703703703703703
4 0.5721354166666667 0.5277777777777778 0.0109375 0.009259259259259259
4 0.5869791666666667 0.537962962962963 0.06145833333333333 0.025925925925925925
1 0.7114583333333333 0.5453703703703704 0.017708333333333333 0.02962962962962963
4 0.8544270833333333 0.5462962962962963 0.025520833333333333 0.022222222222222223
4 0.85703125 0.5560185185185185 0.0203125 0.028703703703703703
4 0.8763020833333334 0.5597222222222222 0.03177083333333333 0.03611111111111111
4 0.6661458333333333 0.5546296296296296 0.08333333333333333 0.06111111111111111
4 0.7846354166666667 0.6055555555555555 0.16197916666666667 0.17407407407407408
4 0.9348958333333334 0.6375 0.128125 0.21203703703703702
8 0.49895833333333334 0.5388888888888889 0.008333333333333333 0.03148148148148148
6 0.49921875 0.55 0.0078125 0.018518518518518517
4 0.51875 0.5509259259259259 0.03333333333333333 0.04814814814814815
4 0.57734375 0.6421296296296296 0.14635416666666667 0.1935185185185185
4 0.4765625 0.5569444444444445 0.0375 0.0712962962962963
6 0.4088541666666667 0.5268518518518519 0.016666666666666666 0.018518518518518517
6 0.390625 0.525 0.01875 0.022222222222222223
7 0.39817708333333335 0.5217592592592593 0.0067708333333333336 0.032407407407407406
6 0.42473958333333334 0.5592592592592592 0.0109375 0.03888888888888889
8 0.4278645833333333 0.5416666666666666 0.011979166666666667 0.03333333333333333
4 0.45364583333333336 0.5861111111111111 0.06979166666666667 0.09814814814814815
13 0.33229166666666665 0.5564814814814815 0.06666666666666667 0.08888888888888889
6 0.2716145833333333 0.6703703703703704 0.06822916666666666 0.12962962962962962
8 0.26666666666666666 0.6148148148148148 0.06458333333333334 0.1648148148148148
10 0.67421875 0.586574074074074 0.0036458333333333334 0.041666666666666664
10 0.6901041666666666 0.5902777777777778 0.004166666666666667 0.03796296296296296
10 0.7018229166666666 0.5898148148148148 0.0046875 0.040740740740740744
8 0.84140625 0.5509259259259259 0.008854166666666666 0.027777777777777776