7 0.40989583333333335 0.5648148148148148 0.005208333333333333 0.022222222222222223
7 0.4125 0.5648148148148148 0.004166666666666667 0.022222222222222223
7 0.4192708333333333 0.562962962962963 0.003125 0.018518518518518517
7 0.41744791666666664 0.5652777777777778 0.0046875 0.023148148148148147
4 0.46171875 0.5615740740740741 0.0109375 0.019444444444444445
6 0.46145833333333336 0.5675925925925925 0.008333333333333333 0.012962962962962963
8 0.46119791666666665 0.5615740740740741 0.005729166666666666 0.019444444444444445
4 0.4825520833333333 0.5638888888888889 0.0067708333333333336 0.016666666666666666
13 0.47291666666666665 0.5550925925925926 0.015625 0.03796296296296296
1 0.49322916666666666 0.5578703703703703 0.017708333333333333 0.04722222222222222
3 0.5127604166666667 0.5425925925925926 0.0234375 0.025925925925925925
3 0.5419270833333333 0.5439814814814815 0.0234375 0.008333333333333333
3 0.5674479166666667 0.5393518518518519 0.019270833333333334 0.021296296296296296
7 0.5596354166666667 0.5597222222222222 0.009895833333333333 0.041666666666666664
7 0.5734375 0.5569444444444445 0.008333333333333333 0.04537037037037037
7 0.56953125 0.5592592592592592 0.009895833333333333 0.05185185185185185
7 0.5890625 0.5648148148148148 0.009375 0.037037037037037035
7 0.5953125 0.5587962962962963 0.009375 0.030555555555555555
3 0.609375 0.5430555555555555 0.058333333333333334 0.08425925925925926
3 0.6627604166666666 0.5430555555555555 0.0359375 0.006481481481481481
3 0.6942708333333333 0.5592592592592592 0.025 0.046296296296296294
3 0.7994791666666666 0.5546296296296296 0.010416666666666666 0.05740740740740741
3 0.7515625 0.5527777777777778 0.09166666666666666 0.09444444444444444
6 0.8192708333333333 0.5879629629629629 0.011458333333333333 0.016666666666666666
13 0.8541666666666666 0.5689814814814815 0.07708333333333334 0.08611111111111111
1 0.9723958333333333 0.5930555555555556 0.05416666666666667 0.06574074074074074
7 0.9471354166666667 0.5925925925925926 0.009895833333333333 0.05925925925925926
8 0.9541666666666667 0.5939814814814814 0.013541666666666667 0.06018518518518518
8 0.9609375 0.5953703703703703 0.011458333333333333 0.06111111111111111
6 0.9651041666666667 0.6111111111111112 0.026041666666666668 0.046296296296296294
6 0.9255208333333333 0.6162037037037037 0.0375 0.05648148148148148
8 0.9135416666666667 0.5990740740740741 0.015625 0.07777777777777778
8 0.9231770833333334 0.6023148148148149 0.0171875 0.07685185185185185
6 0.659375 0.6356481481481482 0.035416666666666666 0.08425925925925926
8 0.6513020833333333 0.5703703703703704 0.021354166666666667 0.053703703703703705
8 0.6596354166666667 0.5930555555555556 0.04010416666666667 0.11388888888888889
4 0.5252604166666667 0.600462962962963 0.06927083333333334 0.11018518518518519
3 0.43515625 0.549537037037037 0.028645833333333332 0.025
4 0.4393229166666667 0.5796296296296296 0.043229166666666666 0.06481481481481481
3 0.40234375 0.5541666666666667 0.0078125 0.04722222222222222
3 0.33697916666666666 0.5416666666666666 0.010416666666666666 0.05
3 0.37057291666666664 0.5449074074074074 0.059895833333333336 0.09166666666666666
3 0.30833333333333335 0.5291666666666667 0.059375 0.06018518518518518
3 0.19583333333333333 0.5523148148148148 0.17708333333333334 0.16944444444444445
3 0.06380208333333333 0.5546296296296296 0.12760416666666666 0.1648148148148148
4 0.371875 0.5787037037037037 0.040625 0.05740740740740741
4 0.30625 0.5986111111111111 0.10729166666666666 0.11018518518518519
7 0.17473958333333334 0.5837962962962963 0.009895833333333333 0.05277777777777778
6 0.19010416666666666 0.6263888888888889 0.046875 0.09166666666666666
8 0.19114583333333332 0.5981481481481481 0.035416666666666666 0.10185185185185185
0 0.69765625 0.2861111111111111 0.0036458333333333334 0.005555555555555556
0 0.7020833333333333 0.3125 0.0020833333333333333 0.006481481481481481
0 0.6109375 0.20092592592592592 0.008333333333333333 0.007407407407407408
0 0.5997395833333333 0.20555555555555555 0.0026041666666666665 0.009259259259259259
0 0.5908854166666667 0.20972222222222223 0.0046875 0.010185185185185186
0 0.5841145833333333 0.2101851851851852 0.0046875 0.009259259259259259
0 0.5557291666666667 0.19907407407407407 0.004166666666666667 0.005555555555555556
0 0.54921875 0.19675925925925927 0.0036458333333333334 0.012037037037037037
0 0.5455729166666666 0.19212962962962962 0.0046875 0.010185185185185186