14 0.4244791666666667 0.3990740740740741 0.023958333333333335 0.04259259259259259
1 0.42682291666666666 0.4444444444444444 0.0234375 0.06851851851851852
3 0.38333333333333336 0.4152777777777778 0.06770833333333333 0.19907407407407407
13 0.24140625 0.44722222222222224 0.2838541666666667 0.5833333333333334
1 0.08177083333333333 0.7083333333333334 0.16354166666666667 0.5814814814814815
3 0.6263020833333334 0.39675925925925926 0.08802083333333334 0.0787037037037037
1 0.6723958333333333 0.4425925925925926 0.03333333333333333 0.04814814814814815
4 0.6278645833333333 0.425 0.08072916666666667 0.03888888888888889
1 0.72109375 0.4513888888888889 0.0703125 0.06018518518518518
4 0.8072916666666666 0.4685185185185185 0.05416666666666667 0.044444444444444446
8 0.8669270833333333 0.4615740740740741 0.0203125 0.03981481481481482
6 0.9002604166666667 0.49398148148148147 0.0203125 0.026851851851851852
8 0.8783854166666667 0.4675925925925926 0.0265625 0.05185185185185185
6 0.97421875 0.5569444444444445 0.050520833333333334 0.11944444444444445
8 0.9817708333333334 0.5296296296296297 0.035416666666666666 0.15925925925925927
6 0.8924479166666667 0.549537037037037 0.05260416666666667 0.09166666666666666
8 0.8838541666666667 0.5087962962962963 0.06770833333333333 0.13425925925925927
8 0.8481770833333333 0.5013888888888889 0.0359375 0.125
13 0.5065104166666666 0.425 0.1578125 0.3074074074074074
4 0.6046875 0.4777777777777778 0.1625 0.08703703703703704
4 0.7200520833333334 0.7157407407407408 0.4973958333333333 0.5666666666666667