14 0.5203125 0.5273148148148148 0.003125 0.006481481481481481
14 0.51484375 0.5365740740740741 0.0036458333333333334 0.008333333333333333
4 0.52890625 0.5356481481481481 0.0067708333333333336 0.010185185185185186
6 0.5078125 0.549537037037037 0.004166666666666667 0.010185185185185186
8 0.50859375 0.5449074074074074 0.005729166666666666 0.013888888888888888
4 0.50078125 0.5458333333333333 0.0067708333333333336 0.013888888888888888
6 0.47109375 0.5541666666666667 0.0067708333333333336 0.017592592592592594
8 0.47161458333333334 0.5481481481481482 0.008854166666666666 0.022222222222222223
4 0.5182291666666666 0.5185185185185185 0.004166666666666667 0.005555555555555556
14 0.5190104166666667 0.5319444444444444 0.0026041666666666665 0.002777777777777778
7 0.490625 0.5476851851851852 0.004166666666666667 0.012037037037037037