13 0.5703125 0.5305555555555556 0.01875 0.016666666666666666
4 0.6028645833333334 0.5444444444444444 0.015104166666666667 0.014814814814814815
4 0.6182291666666667 0.5481481481481482 0.015625 0.016666666666666666
14 0.62890625 0.5458333333333333 0.008854166666666666 0.01574074074074074
1 0.6380208333333334 0.5476851851851852 0.009375 0.017592592592592594
4 0.6497395833333334 0.5537037037037037 0.0265625 0.024074074074074074
4 0.6796875 0.5486111111111112 0.035416666666666666 0.026851851851851852
4 0.7270833333333333 0.5523148148148148 0.014583333333333334 0.017592592592592594
4 0.7166666666666667 0.5685185185185185 0.042708333333333334 0.037037037037037035
4 0.7442708333333333 0.5560185185185185 0.022916666666666665 0.023148148148148147
14 0.7934895833333333 0.5486111111111112 0.0359375 0.012037037037037037
4 0.7953125 0.5699074074074074 0.020833333333333332 0.03611111111111111
6 0.7700520833333333 0.587037037037037 0.015104166666666667 0.03148148148148148
8 0.7684895833333333 0.5699074074074074 0.013020833333333334 0.03611111111111111
8 0.7872395833333333 0.575 0.018229166666666668 0.040740740740740744
4 0.8317708333333333 0.5828703703703704 0.06145833333333333 0.075
8 0.76328125 0.5532407407407407 0.008854166666666666 0.019444444444444445
7 0.8609375 0.5560185185185185 0.00625 0.013888888888888888
7 0.8739583333333333 0.5583333333333333 0.005208333333333333 0.016666666666666666
7 0.87890625 0.5587962962962963 0.0078125 0.023148148148148147
6 0.8674479166666667 0.5652777777777778 0.0109375 0.013888888888888888
14 0.8614583333333333 0.5680555555555555 0.009375 0.012037037037037037
6 0.88984375 0.5680555555555555 0.013020833333333334 0.01574074074074074
6 0.8955729166666667 0.5666666666666667 0.016145833333333335 0.022222222222222223
4 0.89296875 0.6226851851851852 0.09635416666666667 0.10277777777777777
1 0.9317708333333333 0.5888888888888889 0.057291666666666664 0.08148148148148149
6 0.9638020833333333 0.5768518518518518 0.0140625 0.027777777777777776
6 0.9752604166666666 0.575462962962963 0.019270833333333334 0.03611111111111111
13 0.52109375 0.525 0.0109375 0.012962962962962963
14 0.5341145833333333 0.5268518518518519 0.021354166666666667 0.014814814814814815
4 0.5388020833333333 0.5402777777777777 0.03697916666666667 0.021296296296296296
1 0.5307291666666667 0.5421296296296296 0.022916666666666665 0.01574074074074074
4 0.55234375 0.6106481481481482 0.05260416666666667 0.125
1 0.44036458333333334 0.7328703703703704 0.2078125 0.4564814814814815
1 0.30911458333333336 0.5259259259259259 0.0171875 0.014814814814814815