3 0.5276041666666667 0.513425925925926 0.008333333333333333 0.01574074074074074
3 0.5130208333333334 0.5069444444444444 0.022916666666666665 0.012037037037037037
1 0.48854166666666665 0.611574074074074 0.09270833333333334 0.2064814814814815
6 0.4361979166666667 0.5875 0.013020833333333334 0.05092592592592592
8 0.43723958333333335 0.5731481481481482 0.019270833333333334 0.07962962962962963
7 0.41067708333333336 0.5453703703703704 0.0067708333333333336 0.04259259259259259
7 0.40572916666666664 0.5541666666666667 0.005208333333333333 0.021296296296296296
13 0.5455729166666666 0.5254629629629629 0.018229166666666668 0.03425925925925926
7 0.38333333333333336 0.549537037037037 0.014583333333333334 0.03796296296296296
7 0.35859375 0.55 0.005729166666666666 0.03333333333333333
7 0.36432291666666666 0.5564814814814815 0.0109375 0.037037037037037035
6 0.37421875 0.600462962962963 0.04739583333333333 0.06944444444444445
7 0.378125 0.5666666666666667 0.017708333333333333 0.05740740740740741
6 0.3651041666666667 0.6037037037037037 0.05520833333333333 0.08518518518518518
6 0.3536458333333333 0.6166666666666667 0.07083333333333333 0.0962962962962963
6 0.33177083333333335 0.6217592592592592 0.06875 0.11388888888888889
6 0.31666666666666665 0.6337962962962963 0.06458333333333334 0.10833333333333334
6 0.30182291666666666 0.6458333333333334 0.06614583333333333 0.11388888888888889
6 0.2875 0.6509259259259259 0.071875 0.12222222222222222
6 0.26145833333333335 0.6435185185185185 0.084375 0.14629629629629629
6 0.2565104166666667 0.6550925925925926 0.0765625 0.16944444444444445
6 0.21458333333333332 0.7212962962962963 0.13541666666666666 0.16111111111111112
6 0.09973958333333334 0.7157407407407408 0.14739583333333334 0.2351851851851852
6 0.08671875 0.7620370370370371 0.14427083333333332 0.2537037037037037
6 0.051041666666666666 0.8083333333333333 0.10208333333333333 0.27037037037037037
7 0.2 0.763425925925926 0.09270833333333334 0.44722222222222224
7 0.054427083333333334 0.6203703703703703 0.0265625 0.12962962962962962
7 0.08255208333333333 0.6222222222222222 0.03802083333333333 0.15
7 0.13020833333333334 0.5921296296296297 0.04479166666666667 0.1361111111111111
7 0.36041666666666666 0.6240740740740741 0.03854166666666667 0.15185185185185185
14 0.3796875 0.5592592592592592 0.051041666666666666 0.09814814814814815
6 0.5231770833333333 0.7087962962962963 0.06614583333333333 0.19166666666666668
8 0.51953125 0.6416666666666667 0.06197916666666667 0.2111111111111111
6 0.5830729166666667 0.6462962962962963 0.050520833333333334 0.15185185185185185
8 0.58359375 0.6069444444444444 0.04635416666666667 0.1527777777777778
7 0.5466145833333333 0.5412037037037037 0.0078125 0.03796296296296296
7 0.5578125 0.5337962962962963 0.003125 0.019444444444444445
7 0.5671875 0.5356481481481481 0.004166666666666667 0.017592592592592594
1 0.5690104166666666 0.5324074074074074 0.008854166666666666 0.020370370370370372
4 0.58125 0.5370370370370371 0.015625 0.022222222222222223
4 0.6020833333333333 0.549537037037037 0.03854166666666667 0.06759259259259259
6 0.63828125 0.55 0.0140625 0.02962962962962963
6 0.6317708333333333 0.5523148148148148 0.011458333333333333 0.030555555555555555
7 0.6479166666666667 0.5476851851851852 0.009375 0.041666666666666664
6 0.66015625 0.5796296296296296 0.0203125 0.05
8 0.6609375 0.562962962962963 0.016666666666666666 0.07222222222222222
7 0.6744791666666666 0.549537037037037 0.011458333333333333 0.049074074074074076
4 0.73046875 0.5310185185185186 0.050520833333333334 0.025
14 0.7010416666666667 0.5268518518518519 0.034375 0.027777777777777776
14 0.7799479166666666 0.5597222222222222 0.027604166666666666 0.03981481481481482
6 0.7645833333333333 0.5541666666666667 0.008333333333333333 0.01574074074074074
1 0.81796875 0.575462962962963 0.0453125 0.12314814814814815
6 0.8138020833333334 0.6148148148148148 0.05677083333333333 0.10740740740740741
8 0.803125 0.5921296296296297 0.019791666666666666 0.11574074074074074
7 0.6872395833333333 0.6615740740740741 0.0453125 0.2675925925925926
7 0.7328125 0.6898148148148148 0.057291666666666664 0.2796296296296296
7 0.78359375 0.725925925925926 0.04635416666666667 0.25
4 0.9161458333333333 0.6064814814814815 0.1625 0.2074074074074074
6 0.9614583333333333 0.7027777777777777 0.07395833333333333 0.22407407407407406
8 0.9752604166666666 0.6606481481481481 0.043229166666666666 0.25092592592592594