10 0.44479166666666664 0.36944444444444446 0.009375 0.014814814814814815
10 0.46171875 0.3685185185185185 0.008854166666666666 0.014814814814814815
6 0.49661458333333336 0.42453703703703705 0.008854166666666666 0.023148148148148147
8 0.49635416666666665 0.41435185185185186 0.008333333333333333 0.026851851851851852
4 0.534375 0.43287037037037035 0.06145833333333333 0.11574074074074074
1 0.5703125 0.41388888888888886 0.016666666666666666 0.037037037037037035
14 0.6026041666666667 0.4337962962962963 0.023958333333333335 0.041666666666666664
4 0.61484375 0.39861111111111114 0.0265625 0.017592592592592594
1 0.6536458333333334 0.45231481481481484 0.05625 0.11018518518518519
7 0.7731770833333333 0.39490740740740743 0.008854166666666666 0.04537037037037037
7 0.6130208333333333 0.43703703703703706 0.013541666666666667 0.03888888888888889