13 0.684375 0.3476851851851852 0.05625 0.06944444444444445
1 0.70234375 0.37083333333333335 0.0453125 0.03796296296296296
1 0.7346354166666667 0.3685185185185185 0.022395833333333334 0.016666666666666666
3 0.8716145833333333 0.34305555555555556 0.2557291666666667 0.42685185185185187
4 0.6416666666666667 0.39814814814814814 0.03229166666666667 0.05555555555555555
4 0.66953125 0.4263888888888889 0.07864583333333333 0.11944444444444445
4 0.6041666666666666 0.4222222222222222 0.06770833333333333 0.12222222222222222
7 0.55625 0.3763888888888889 0.005208333333333333 0.012037037037037037
1 0.53046875 0.39166666666666666 0.034895833333333334 0.03148148148148148
7 0.5416666666666666 0.38101851851851853 0.00625 0.006481481481481481
4 0.5729166666666666 0.4625 0.1 0.1675925925925926
8 0.50546875 0.3888888888888889 0.0078125 0.012962962962962963
7 0.48411458333333335 0.38055555555555554 0.011979166666666667 0.02962962962962963
8 0.47682291666666665 0.3888888888888889 0.011979166666666667 0.018518518518518517
4 0.39140625 0.4337962962962963 0.12552083333333333 0.14907407407407408
9 0.5794270833333334 0.24583333333333332 0.0265625 0.013888888888888888
13 0.28802083333333334 0.42407407407407405 0.09375 0.1111111111111111
6 0.28020833333333334 0.449537037037037 0.041666666666666664 0.05092592592592592
8 0.26510416666666664 0.43425925925925923 0.011458333333333333 0.05740740740740741
8 0.27265625 0.4398148148148148 0.015104166666666667 0.06851851851851852
13 0.15833333333333333 0.3976851851851852 0.18333333333333332 0.08425925925925926
8 0.31979166666666664 0.42314814814814816 0.019791666666666666 0.05
6 0.31223958333333335 0.4759259259259259 0.0421875 0.06666666666666667
8 0.31354166666666666 0.45092592592592595 0.030208333333333334 0.09814814814814815
10 0.23385416666666667 0.5212962962962963 0.016666666666666666 0.02962962962962963
4 0.44088541666666664 0.5625 0.27239583333333334 0.43425925925925923
4 0.7864583333333334 0.6782407407407407 0.42604166666666665 0.6416666666666667
6 0.12161458333333333 0.8652777777777778 0.24322916666666666 0.2657407407407407
8 0.171875 0.6842592592592592 0.14479166666666668 0.6185185185185185
8 0.09375 0.7314814814814815 0.1875 0.5351851851851852
9 0.34921875 0.3013888888888889 0.011979166666666667 0.06388888888888888
9 0.35572916666666665 0.36342592592592593 0.007291666666666667 0.019444444444444445
13 0.5830729166666667 0.35324074074074074 0.049479166666666664 0.05648148148148148
1 0.06692708333333333 0.5365740740740741 0.12447916666666667 0.25833333333333336
13 0.7341145833333333 0.34814814814814815 0.025520833333333333 0.06111111111111111
13 0.721875 0.3449074074074074 0.020833333333333332 0.04537037037037037