4 0.17916666666666667 0.7393518518518518 0.35833333333333334 0.5194444444444445
1 0.31796875 0.6152777777777778 0.12552083333333333 0.24166666666666667
1 0.37838541666666664 0.5907407407407408 0.033854166666666664 0.1648148148148148
13 0.35234375 0.5027777777777778 0.07447916666666667 0.07777777777777778
14 0.4 0.549074074074074 0.023958333333333335 0.07777777777777778
14 0.4388020833333333 0.5472222222222223 0.058854166666666666 0.08333333333333333
8 0.43697916666666664 0.500462962962963 0.013541666666666667 0.06574074074074074
8 0.4244791666666667 0.5111111111111111 0.0125 0.03333333333333333
8 0.4205729166666667 0.5222222222222223 0.018229166666666668 0.03148148148148148
8 0.43697916666666664 0.5018518518518519 0.016666666666666666 0.06481481481481481
3 0.4856770833333333 0.5259259259259259 0.08385416666666666 0.1
14 0.5427083333333333 0.538425925925926 0.01875 0.019444444444444445
3 0.7080729166666667 0.5462962962962963 0.15885416666666666 0.10740740740740741
4 0.5908854166666667 0.5509259259259259 0.044270833333333336 0.027777777777777776
8 0.5927083333333333 0.5435185185185185 0.0125 0.02962962962962963
8 0.5877604166666667 0.5537037037037037 0.013020833333333334 0.027777777777777776
8 0.8247395833333333 0.5449074074074074 0.013020833333333334 0.021296296296296296
6 0.99140625 0.5777777777777777 0.016145833333333335 0.05
7 0.9763020833333333 0.612037037037037 0.027604166666666666 0.11851851851851852
7 0.9505208333333334 0.6046296296296296 0.022916666666666665 0.10185185185185185
6 0.9947916666666666 0.675 0.009375 0.08518518518518518
8 0.49661458333333336 0.5412037037037037 0.0171875 0.025
4 0.5247395833333334 0.5555555555555556 0.044270833333333336 0.03148148148148148
4 0.6291666666666667 0.6481481481481481 0.10416666666666667 0.19074074074074074
4 0.48984375 0.6828703703703703 0.1359375 0.2675925925925926
4 0.8192708333333333 0.7388888888888889 0.36041666666666666 0.38333333333333336
6 0.7924479166666667 0.8546296296296296 0.23072916666666668 0.28888888888888886
8 0.7658854166666667 0.7643518518518518 0.15572916666666667 0.462037037037037
6 0.5666666666666667 0.8328703703703704 0.13541666666666666 0.33055555555555555
8 0.55859375 0.7101851851851851 0.11197916666666667 0.362962962962963
6 0.4153645833333333 0.8638888888888889 0.1265625 0.27037037037037037
8 0.4283854166666667 0.7759259259259259 0.13385416666666666 0.4444444444444444
8 0.4161458333333333 0.7694444444444445 0.13541666666666666 0.4166666666666667