9 0.9848958333333333 0.24722222222222223 0.009375 0.05
7 0.9953125 0.3787037037037037 0.008333333333333333 0.053703703703703705
7 0.9890625 0.37824074074074077 0.009375 0.05092592592592592
7 0.9794270833333333 0.3939814814814815 0.015104166666666667 0.06574074074074074
7 0.97890625 0.36435185185185187 0.0078125 0.041666666666666664
14 0.9799479166666667 0.4064814814814815 0.013020833333333334 0.04814814814814815
8 0.9794270833333333 0.4125 0.011979166666666667 0.03425925925925926
1 0.9473958333333333 0.39351851851851855 0.04479166666666667 0.09444444444444444
6 0.8940104166666667 0.6018518518518519 0.12447916666666667 0.29074074074074074
8 0.915625 0.49583333333333335 0.05625 0.2601851851851852
8 0.8908854166666667 0.512962962962963 0.09427083333333333 0.2796296296296296
4 0.24453125 0.7208333333333333 0.4890625 0.5564814814814815