14 0.5067708333333333 0.5310185185185186 0.00625 0.010185185185185186
7 0.21302083333333333 0.5462962962962963 0.014583333333333334 0.07962962962962963
6 0.049479166666666664 0.575925925925926 0.07708333333333334 0.07777777777777778
1 0.5125 0.5319444444444444 0.008333333333333333 0.017592592592592594
4 0.5239583333333333 0.5324074074074074 0.009375 0.016666666666666666
14 0.52890625 0.5324074074074074 0.0046875 0.016666666666666666
13 0.53515625 0.5305555555555556 0.0109375 0.024074074074074074
4 0.57109375 0.5328703703703703 0.015104166666666667 0.019444444444444445
6 0.61328125 0.5398148148148149 0.009895833333333333 0.018518518518518517
8 0.615625 0.5337962962962963 0.00625 0.021296296296296296
6 0.6583333333333333 0.5481481481481482 0.008333333333333333 0.024074074074074074
8 0.6580729166666667 0.5407407407407407 0.0078125 0.03148148148148148
4 0.7674479166666667 0.5435185185185185 0.030729166666666665 0.03333333333333333
4 0.9161458333333333 0.5328703703703703 0.03854166666666667 0.028703703703703703
4 0.97734375 0.5347222222222222 0.03802083333333333 0.032407407407407406
6 0.98828125 0.612037037037037 0.022395833333333334 0.07222222222222222
8 0.9921875 0.5782407407407407 0.0125 0.09351851851851851
6 0.70625 0.5550925925925926 0.010416666666666666 0.032407407407407406
8 0.703125 0.5444444444444444 0.007291666666666667 0.040740740740740744
8 0.70625 0.5458333333333333 0.009375 0.04351851851851852
4 0.7403645833333333 0.5671296296296297 0.06927083333333334 0.08055555555555556
6 0.9010416666666666 0.5888888888888889 0.014583333333333334 0.053703703703703705
13 0.8557291666666667 0.5574074074074075 0.09270833333333334 0.12962962962962962
13 0.49375 0.525 0.016666666666666666 0.03518518518518519
4 0.5583333333333333 0.5453703703703704 0.028125 0.040740740740740744
6 0.5174479166666667 0.5615740740740741 0.0171875 0.04351851851851852
8 0.5138020833333333 0.5518518518518518 0.009895833333333333 0.046296296296296294
8 0.5169270833333334 0.5518518518518518 0.016145833333333335 0.04814814814814815
6 0.56328125 0.5662037037037037 0.0203125 0.04722222222222222
8 0.5638020833333334 0.5509259259259259 0.016145833333333335 0.05740740740740741
6 0.48515625 0.5763888888888888 0.0234375 0.06388888888888888
8 0.48489583333333336 0.5611111111111111 0.020833333333333332 0.06666666666666667
14 0.5442708333333334 0.5263888888888889 0.00625 0.013888888888888888