14 0.3885416666666667 0.5111111111111111 0.046875 0.022222222222222223
4 0.41822916666666665 0.5356481481481481 0.016666666666666666 0.01574074074074074
4 0.41484375 0.5763888888888888 0.011979166666666667 0.08611111111111111
1 0.3932291666666667 0.5916666666666667 0.03854166666666667 0.14629629629629629
4 0.44635416666666666 0.5675925925925925 0.058333333333333334 0.11666666666666667
1 0.5041666666666667 0.5412037037037037 0.019791666666666666 0.06574074074074074
1 0.46901041666666665 0.6199074074074075 0.10364583333333334 0.20277777777777778
6 0.5630208333333333 0.6337962962962963 0.052083333333333336 0.14351851851851852
8 0.5549479166666667 0.5800925925925926 0.030729166666666665 0.1175925925925926
8 0.57109375 0.6046296296296296 0.050520833333333334 0.1814814814814815
1 0.23828125 0.5768518518518518 0.0203125 0.08148148148148149
9 0.49661458333333336 0.16805555555555557 0.027604166666666666 0.06759259259259259
14 0.6208333333333333 0.5523148148148148 0.020833333333333332 0.06018518518518518
3 0.6481770833333333 0.5273148148148148 0.027604166666666666 0.0712962962962963
3 0.7088541666666667 0.5226851851851851 0.1 0.13240740740740742
13 0.7140625 0.5657407407407408 0.10729166666666666 0.16296296296296298
9 0.7872395833333333 0.49444444444444446 0.013020833333333334 0.053703703703703705
13 0.9755208333333333 0.5675925925925925 0.04583333333333333 0.09444444444444444
1 0.9338541666666667 0.575 0.035416666666666666 0.07592592592592592
1 0.8557291666666667 0.637962962962963 0.14166666666666666 0.24814814814814815
14 0.9942708333333333 0.6546296296296297 0.010416666666666666 0.23148148148148148
1 0.31614583333333335 0.6787037037037037 0.16875 0.37222222222222223
9 0.24557291666666667 0.45231481481481484 0.011979166666666667 0.041666666666666664
9 0.5518229166666667 0.02546296296296296 0.0859375 0.03611111111111111
9 0.6390625 0.3685185185185185 0.01875 0.10555555555555556
9 0.5830729166666667 0.41712962962962963 0.0140625 0.030555555555555555