7 0.4705729166666667 0.525 0.0046875 0.018518518518518517
8 0.4669270833333333 0.5328703703703703 0.0078125 0.026851851851851852
6 0.46770833333333334 0.5435185185185185 0.00625 0.016666666666666666
7 0.47604166666666664 0.5254629629629629 0.004166666666666667 0.012037037037037037
2 0.4640625 0.5467592592592593 0.009375 0.023148148148148147
6 0.4856770833333333 0.5398148148148149 0.0067708333333333336 0.018518518518518517
8 0.48541666666666666 0.5324074074074074 0.008333333333333333 0.025925925925925925
7 0.4934895833333333 0.5300925925925926 0.0046875 0.010185185185185186
7 0.49140625 0.5467592592592593 0.008854166666666666 0.04537037037037037
1 0.5106770833333333 0.5513888888888889 0.0328125 0.07314814814814814
6 0.5091145833333334 0.5768518518518518 0.0203125 0.06481481481481481
8 0.5091145833333334 0.5625 0.0203125 0.06759259259259259
7 0.5419270833333333 0.5263888888888889 0.0067708333333333336 0.019444444444444445
6 0.55859375 0.5467592592592593 0.011979166666666667 0.03425925925925926
7 0.5473958333333333 0.5476851851851852 0.011458333333333333 0.05092592592592592
7 0.56328125 0.5606481481481481 0.009895833333333333 0.06018518518518518
6 0.56328125 0.5666666666666667 0.0109375 0.046296296296296294
8 0.5640625 0.549074074074074 0.008333333333333333 0.05925925925925926
7 0.70625 0.6203703703703703 0.04895833333333333 0.21296296296296297
1 0.6260416666666667 0.6412037037037037 0.13229166666666667 0.28055555555555556
6 0.5380208333333333 0.6337962962962963 0.041666666666666664 0.11203703703703703
8 0.5377604166666666 0.5958333333333333 0.0421875 0.1287037037037037
6 0.47760416666666666 0.5726851851851852 0.016666666666666666 0.05092592592592592
8 0.478125 0.5569444444444445 0.016666666666666666 0.062037037037037036
6 0.4283854166666667 0.5694444444444444 0.03697916666666667 0.04814814814814815
6 0.42213541666666665 0.5990740740740741 0.0296875 0.07222222222222222
6 0.3997395833333333 0.6203703703703703 0.0421875 0.10185185185185185
7 0.20442708333333334 0.5791666666666667 0.030729166666666665 0.0712962962962963
7 0.33932291666666664 0.6523148148148148 0.0546875 0.2490740740740741
6 0.18880208333333334 0.6476851851851851 0.08177083333333333 0.11388888888888889
7 0.14869791666666668 0.6101851851851852 0.027604166666666666 0.09444444444444444
7 0.25546875 0.7754629629629629 0.0640625 0.30833333333333335
7 0.43828125 0.5449074074074074 0.0109375 0.05092592592592592
7 0.15442708333333333 0.6462962962962963 0.03177083333333333 0.09814814814814815
6 0.01015625 0.7546296296296297 0.0203125 0.10740740740740741