1 0.18697916666666667 0.6467592592592593 0.2989583333333333 0.475
7 0.3338541666666667 0.5523148148148148 0.020833333333333332 0.0712962962962963
7 0.3533854166666667 0.5287037037037037 0.024479166666666666 0.05555555555555555
6 0.15859375 0.8717592592592592 0.16302083333333334 0.25462962962962965
8 0.1609375 0.7601851851851852 0.14791666666666667 0.4777777777777778
6 0.34453125 0.8472222222222222 0.12552083333333333 0.3037037037037037
8 0.3416666666666667 0.7513888888888889 0.13645833333333332 0.41388888888888886
6 0.3734375 0.6203703703703703 0.035416666666666666 0.1
8 0.375 0.5810185185185185 0.034375 0.12314814814814815
7 0.34296875 0.549537037037037 0.024479166666666666 0.04351851851851852
7 0.3846354166666667 0.5217592592592593 0.011979166666666667 0.04351851851851852
4 0.41848958333333336 0.5694444444444444 0.08072916666666667 0.13333333333333333
1 0.46380208333333334 0.5273148148148148 0.04739583333333333 0.05462962962962963
13 0.4765625 0.5064814814814815 0.03125 0.037037037037037035
8 0.5002604166666667 0.49398148148148147 0.015104166666666667 0.041666666666666664
8 0.5119791666666667 0.47824074074074074 0.01875 0.0824074074074074
8 0.51953125 0.4842592592592593 0.021354166666666667 0.08148148148148149
8 0.4984375 0.49722222222222223 0.016666666666666666 0.03333333333333333
14 0.5192708333333333 0.5268518518518519 0.071875 0.04259259259259259
4 0.5375 0.5425925925925926 0.06770833333333333 0.03518518518518519
3 0.53828125 0.49398148148148147 0.0640625 0.0787037037037037
3 0.63984375 0.5199074074074074 0.16197916666666667 0.25092592592592594
4 0.7265625 0.6351851851851852 0.134375 0.20555555555555555
1 0.7393229166666667 0.5268518518518519 0.03177083333333333 0.018518518518518517
4 0.7627604166666667 0.5407407407407407 0.0484375 0.03333333333333333
14 0.81953125 0.5319444444444444 0.027604166666666666 0.023148148148148147
14 0.8463541666666666 0.5300925925925926 0.026041666666666668 0.013888888888888888
4 0.8848958333333333 0.5328703703703703 0.04895833333333333 0.019444444444444445
4 0.796875 0.5439814814814815 0.019791666666666666 0.017592592592592594
4 0.8171875 0.5481481481481482 0.027083333333333334 0.027777777777777776
3 0.83671875 0.5125 0.09322916666666667 0.06759259259259259
3 0.9401041666666666 0.513425925925926 0.11770833333333333 0.10277777777777777
4 0.8526041666666667 0.7652777777777777 0.29375 0.4675925925925926
4 0.5125 0.7041666666666667 0.20520833333333333 0.33240740740740743