13 0.14140625 0.6185185185185185 0.06927083333333334 0.11296296296296296
13 0.2125 0.6217592592592592 0.09895833333333333 0.14351851851851852
13 0.24921875 0.6324074074074074 0.06927083333333334 0.12407407407407407
1 0.56484375 0.5430555555555555 0.011979166666666667 0.025
6 0.5776041666666667 0.5435185185185185 0.004166666666666667 0.005555555555555556
8 0.5770833333333333 0.5388888888888889 0.005208333333333333 0.011111111111111112
4 0.5885416666666666 0.5375 0.00625 0.010185185185185186
4 0.5973958333333333 0.5393518518518519 0.009375 0.013888888888888888
13 0.6424479166666667 0.524074074074074 0.011979166666666667 0.024074074074074074
4 0.6393229166666666 0.5347222222222222 0.0140625 0.017592592592592594
13 0.6708333333333333 0.5212962962962963 0.013541666666666667 0.027777777777777776
4 0.66875 0.5430555555555555 0.023958333333333335 0.030555555555555555
13 0.7364583333333333 0.5189814814814815 0.0875 0.13796296296296295
9 0.6135416666666667 0.4685185185185185 0.003125 0.005555555555555556