13 0.43776041666666665 0.5435185185185185 0.028645833333333332 0.05740740740740741
8 0.46197916666666666 0.5365740740740741 0.007291666666666667 0.021296296296296296
4 0.4739583333333333 0.5421296296296296 0.025 0.030555555555555555
6 0.47265625 0.5564814814814815 0.015104166666666667 0.027777777777777776
8 0.46822916666666664 0.5393518518518519 0.00625 0.021296296296296296
6 0.4869791666666667 0.5666666666666667 0.026041666666666668 0.037037037037037035
6 0.5208333333333334 0.5828703703703704 0.03229166666666667 0.06944444444444445
6 0.5057291666666667 0.6685185185185185 0.06666666666666667 0.19814814814814816
8 0.50703125 0.6180555555555556 0.058854166666666666 0.18611111111111112
6 0.58046875 0.6407407407407407 0.033854166666666664 0.15
7 0.6140625 0.6402777777777777 0.046875 0.23981481481481481
6 0.45677083333333335 0.586574074074074 0.027083333333333334 0.0712962962962963
8 0.45651041666666664 0.5625 0.025520833333333333 0.08425925925925926
6 0.42994791666666665 0.5800925925925926 0.04114583333333333 0.058333333333333334
8 0.4309895833333333 0.5685185185185185 0.0203125 0.08148148148148149
7 0.41953125 0.5375 0.0067708333333333336 0.028703703703703703
7 0.41302083333333334 0.5337962962962963 0.005208333333333333 0.026851851851851852
8 0.4114583333333333 0.5351851851851852 0.007291666666666667 0.024074074074074074
7 0.4075520833333333 0.5435185185185185 0.009895833333333333 0.044444444444444446
6 0.39895833333333336 0.5513888888888889 0.011458333333333333 0.03425925925925926
7 0.40130208333333334 0.5356481481481481 0.0067708333333333336 0.021296296296296296
7 0.39010416666666664 0.5430555555555555 0.00625 0.030555555555555555
7 0.3859375 0.538425925925926 0.007291666666666667 0.028703703703703703
6 0.3893229166666667 0.5601851851851852 0.013020833333333334 0.044444444444444446
6 0.3614583333333333 0.5736111111111111 0.017708333333333333 0.058333333333333334
6 0.34765625 0.5893518518518519 0.03697916666666667 0.08796296296296297
7 0.3171875 0.5444444444444444 0.019791666666666666 0.07407407407407407
7 0.2947916666666667 0.5430555555555555 0.011458333333333333 0.06759259259259259
7 0.30416666666666664 0.5449074074074074 0.015625 0.06574074074074074
7 0.22291666666666668 0.5393518518518519 0.03854166666666667 0.10648148148148148
7 0.20052083333333334 0.5569444444444445 0.03333333333333333 0.10833333333333334
7 0.20208333333333334 0.5643518518518519 0.027083333333333334 0.07314814814814814
7 0.1953125 0.5819444444444445 0.019791666666666666 0.049074074074074076
7 0.16692708333333334 0.7652777777777777 0.08177083333333333 0.46574074074074073
4 0.2703125 0.7527777777777778 0.240625 0.35185185185185186
7 0.11145833333333334 0.6435185185185185 0.051041666666666666 0.31851851851851853
7 0.07786458333333333 0.6351851851851852 0.033854166666666664 0.1814814814814815
7 0.05859375 0.7212962962962963 0.0453125 0.1685185185185185
7 0.015104166666666667 0.6060185185185185 0.030208333333333334 0.10092592592592593
7 0.09583333333333334 0.7060185185185185 0.07916666666666666 0.3472222222222222
6 0.03333333333333333 0.638425925925926 0.042708333333333334 0.13425925925925927