4 0.525 0.5486111111111112 0.013541666666666667 0.01574074074074074
7 0.5265625 0.549074074074074 0.007291666666666667 0.020370370370370372
7 0.51875 0.5541666666666667 0.00625 0.032407407407407406
14 0.5049479166666667 0.5527777777777778 0.008854166666666666 0.020370370370370372
7 0.5138020833333333 0.549074074074074 0.0036458333333333334 0.007407407407407408
7 0.5091145833333334 0.5555555555555556 0.0078125 0.025925925925925925
7 0.5151041666666667 0.5939814814814814 0.010416666666666666 0.03611111111111111
7 0.4986979166666667 0.5518518518518518 0.0109375 0.02962962962962963
7 0.4942708333333333 0.5634259259259259 0.010416666666666666 0.025
7 0.5018229166666667 0.5787037037037037 0.0203125 0.06111111111111111
7 0.47291666666666665 0.5694444444444444 0.013541666666666667 0.05925925925925926
7 0.45416666666666666 0.5578703703703703 0.004166666666666667 0.013888888888888888
7 0.45989583333333334 0.5555555555555556 0.003125 0.009259259259259259
7 0.45729166666666665 0.5592592592592592 0.004166666666666667 0.016666666666666666
7 0.465625 0.5532407407407407 0.00625 0.01574074074074074
7 0.4630208333333333 0.5745370370370371 0.010416666666666666 0.03981481481481482
7 0.4322916666666667 0.5703703703703704 0.013541666666666667 0.06111111111111111
7 0.41744791666666664 0.5648148148148148 0.0078125 0.03518518518518519
7 0.41510416666666666 0.5833333333333334 0.008333333333333333 0.03333333333333333
7 0.4203125 0.5745370370370371 0.008333333333333333 0.05092592592592592
6 0.39296875 0.5782407407407407 0.027604166666666666 0.028703703703703703
7 0.3567708333333333 0.5699074074074074 0.010416666666666666 0.04537037037037037
8 0.39296875 0.5666666666666667 0.0109375 0.03148148148148148
8 0.38776041666666666 0.5680555555555555 0.009895833333333333 0.03425925925925926
4 0.31927083333333334 0.5884259259259259 0.0375 0.0712962962962963
4 0.3138020833333333 0.5972222222222222 0.030729166666666665 0.07407407407407407
14 0.32083333333333336 0.6527777777777778 0.046875 0.09259259259259259
13 0.15572916666666667 0.4986111111111111 0.31145833333333334 0.9972222222222222
7 0.5145833333333333 0.5685185185185185 0.016666666666666666 0.03518518518518519
7 0.56328125 0.5925925925925926 0.0359375 0.15185185185185185
7 0.6052083333333333 0.638425925925926 0.036458333333333336 0.22870370370370371
4 0.7 0.5583333333333333 0.11041666666666666 0.11481481481481481
13 0.890625 0.6314814814814815 0.21770833333333334 0.4203703703703704
7 0.8111979166666666 0.7287037037037037 0.06302083333333333 0.3685185185185185
7 0.8934895833333333 0.6722222222222223 0.1140625 0.3351851851851852
8 0.9791666666666666 0.7652777777777777 0.040625 0.4675925925925926
6 0.9518229166666666 0.9060185185185186 0.0953125 0.18611111111111112
6 0.7971354166666667 0.8912037037037037 0.24739583333333334 0.21388888888888888
8 0.6846354166666667 0.7560185185185185 0.0421875 0.4101851851851852
8 0.7130208333333333 0.7652777777777777 0.07604166666666666 0.4638888888888889
8 0.8057291666666667 0.7810185185185186 0.19791666666666666 0.43425925925925923
6 0.64609375 0.7736111111111111 0.0859375 0.27870370370370373
8 0.63046875 0.6902777777777778 0.07864583333333333 0.31203703703703706
8 0.6440104166666667 0.7125 0.08697916666666666 0.3398148148148148
6 0.5434895833333333 0.7319444444444444 0.07135416666666666 0.2175925925925926
8 0.53828125 0.6800925925925926 0.0671875 0.27685185185185185
8 0.5265625 0.5731481481481482 0.010416666666666666 0.03888888888888889
6 0.48776041666666664 0.6773148148148148 0.050520833333333334 0.15092592592592594
8 0.4890625 0.6291666666666667 0.05 0.1675925925925926
7 0.45026041666666666 0.6328703703703704 0.033854166666666664 0.18425925925925926
8 0.5520833333333334 0.6824074074074075 0.06666666666666667 0.1814814814814815
7 0.7518229166666667 0.5944444444444444 0.0359375 0.1425925925925926