4 0.5161458333333333 0.562037037037037 0.014583333333333334 0.025925925925925925
4 0.6127604166666667 0.562037037037037 0.0078125 0.016666666666666666
14 0.62109375 0.5615740740740741 0.0067708333333333336 0.013888888888888888
4 0.6411458333333333 0.5657407407407408 0.022916666666666665 0.024074074074074074
8 0.62265625 0.5638888888888889 0.0046875 0.009259259259259259
6 0.6223958333333334 0.5689814814814815 0.003125 0.010185185185185186
6 0.7153645833333333 0.5810185185185185 0.021354166666666667 0.025
4 0.6799479166666667 0.5763888888888888 0.0421875 0.04722222222222222
8 0.68046875 0.5763888888888888 0.013020833333333334 0.04537037037037037
6 0.684375 0.587037037037037 0.017708333333333333 0.044444444444444446
8 0.7346354166666667 0.5800925925925926 0.0140625 0.04722222222222222
6 0.7361979166666667 0.5898148148148148 0.016145833333333335 0.02962962962962963
1 0.8 0.5791666666666667 0.0375 0.049074074074074076
4 0.8315104166666667 0.5842592592592593 0.0265625 0.024074074074074074
8 0.8265625 0.5787037037037037 0.0125 0.03148148148148148
4 0.8927083333333333 0.5814814814814815 0.05416666666666667 0.040740740740740744
6 0.7763020833333333 0.5981481481481481 0.0234375 0.044444444444444446
8 0.77421875 0.5856481481481481 0.015104166666666667 0.05462962962962963
4 0.5638020833333334 0.5569444444444445 0.0067708333333333336 0.013888888888888888
6 0.5479166666666667 0.5671296296296297 0.004166666666666667 0.013888888888888888
8 0.54765625 0.5578703703703703 0.005729166666666666 0.013888888888888888
6 0.5578125 0.5722222222222222 0.008333333333333333 0.024074074074074074
8 0.5580729166666667 0.5611111111111111 0.009895833333333333 0.037037037037037035
4 0.5317708333333333 0.5699074074074074 0.03229166666666667 0.04722222222222222
4 0.47994791666666664 0.5574074074074075 0.013020833333333334 0.016666666666666666
4 0.5026041666666666 0.5652777777777778 0.016666666666666666 0.032407407407407406
6 0.484375 0.5648148148148148 0.004166666666666667 0.012962962962962963
8 0.48411458333333335 0.5569444444444445 0.0046875 0.013888888888888888
7 0.471875 0.5583333333333333 0.004166666666666667 0.014814814814814815
14 0.46484375 0.5569444444444445 0.009895833333333333 0.023148148148148147
6 0.4903645833333333 0.5833333333333334 0.011979166666666667 0.02962962962962963
8 0.49140625 0.5601851851851852 0.011979166666666667 0.03148148148148148
14 0.45208333333333334 0.5583333333333333 0.010416666666666666 0.022222222222222223
7 0.4158854166666667 0.5638888888888889 0.005729166666666666 0.03333333333333333
7 0.41953125 0.5648148148148148 0.0078125 0.037037037037037035
7 0.42552083333333335 0.5671296296296297 0.0125 0.04722222222222222
6 0.43697916666666664 0.5976851851851852 0.016666666666666666 0.04351851851851852
8 0.43671875 0.575462962962963 0.0203125 0.062037037037037036
13 0.36875 0.5574074074074075 0.05416666666666667 0.04259259259259259
10 0.3234375 0.5212962962962963 0.011458333333333333 0.018518518518518517
14 0.39114583333333336 0.5726851851851852 0.017708333333333333 0.030555555555555555
6 0.4078125 0.5847222222222223 0.013541666666666667 0.032407407407407406
8 0.40677083333333336 0.5671296296296297 0.014583333333333334 0.04351851851851852
6 0.3619791666666667 0.5976851851851852 0.019791666666666666 0.05277777777777778
8 0.36041666666666666 0.5805555555555556 0.01875 0.06666666666666667
4 0.22239583333333332 0.5652777777777778 0.084375 0.062037037037037036
14 0.5768229166666666 0.5587962962962963 0.008854166666666666 0.017592592592592594
6 0.6020833333333333 0.7652777777777777 0.075 0.24166666666666667
8 0.6028645833333334 0.6763888888888889 0.0734375 0.2564814814814815
8 0.6291666666666667 0.6912037037037037 0.12291666666666666 0.24351851851851852
6 0.42473958333333334 0.5828703703703704 0.009895833333333333 0.032407407407407406