1 0.16119791666666666 0.6763888888888889 0.3223958333333333 0.6453703703703704
7 0.31328125 0.5879629629629629 0.0140625 0.11296296296296296
6 0.3572916666666667 0.6606481481481481 0.04583333333333333 0.13425925925925927
8 0.35911458333333335 0.612037037037037 0.0421875 0.14814814814814814
6 0.4036458333333333 0.7166666666666667 0.059375 0.2111111111111111
8 0.40729166666666666 0.6439814814814815 0.07083333333333333 0.22314814814814815
7 0.39375 0.549537037037037 0.008333333333333333 0.058333333333333334
7 0.40078125 0.5337962962962963 0.0078125 0.026851851851851852
7 0.4153645833333333 0.5393518518518519 0.0109375 0.030555555555555555
7 0.42734375 0.5333333333333333 0.0078125 0.018518518518518517
7 0.434375 0.538425925925926 0.010416666666666666 0.032407407407407406
13 0.47421875 0.5180555555555556 0.0234375 0.026851851851851852
8 0.428125 0.5666666666666667 0.021875 0.06481481481481481
6 0.43020833333333336 0.5763888888888888 0.022916666666666665 0.04722222222222222
3 0.51015625 0.5152777777777777 0.03697916666666667 0.05648148148148148
14 0.50625 0.5305555555555556 0.03229166666666667 0.022222222222222223
8 0.48984375 0.513425925925926 0.0067708333333333336 0.013888888888888888
8 0.4953125 0.5055555555555555 0.0125 0.04259259259259259
8 0.5026041666666666 0.5064814814814815 0.014583333333333334 0.04259259259259259
3 0.55625 0.5259259259259259 0.058333333333333334 0.1111111111111111
4 0.5763020833333333 0.562037037037037 0.043229166666666666 0.07037037037037037
4 0.60859375 0.5967592592592592 0.0828125 0.13240740740740742
14 0.628125 0.5217592592592593 0.013541666666666667 0.025
4 0.5153645833333333 0.5393518518518519 0.0171875 0.01574074074074074
4 0.4734375 0.5912037037037037 0.07604166666666666 0.14351851851851852
4 0.5190104166666667 0.6402777777777777 0.12447916666666667 0.20462962962962963
4 0.6947916666666667 0.6555555555555556 0.16354166666666667 0.22592592592592592
13 0.6979166666666666 0.4986111111111111 0.12708333333333333 0.18425925925925926
4 0.7778645833333333 0.5597222222222222 0.04739583333333333 0.0824074074074074
3 0.7684895833333333 0.5050925925925925 0.025520833333333333 0.03425925925925926
3 0.815625 0.5143518518518518 0.07916666666666666 0.06388888888888888
4 0.82890625 0.5657407407407408 0.0703125 0.08333333333333333
4 0.8536458333333333 0.5842592592592593 0.08645833333333333 0.10185185185185185
3 0.9260416666666667 0.5199074074074074 0.146875 0.11203703703703703
4 0.9518229166666666 0.5166666666666667 0.0953125 0.06111111111111111
4 0.9416666666666667 0.6013888888888889 0.11354166666666667 0.1712962962962963
4 0.8875 0.7925925925925926 0.22395833333333334 0.412962962962963