13 0.35208333333333336 0.40370370370370373 0.00625 0.014814814814814815
13 0.34348958333333335 0.40925925925925927 0.013020833333333334 0.022222222222222223
14 0.3703125 0.40370370370370373 0.008333333333333333 0.018518518518518517
14 0.3690104166666667 0.4134259259259259 0.0067708333333333336 0.012037037037037037
14 0.3763020833333333 0.41435185185185186 0.0067708333333333336 0.008333333333333333
8 0.37578125 0.4074074074074074 0.0036458333333333334 0.007407407407407408
14 0.3841145833333333 0.4101851851851852 0.009895833333333333 0.020370370370370372
14 0.3966145833333333 0.4236111111111111 0.0171875 0.017592592592592594
4 0.39296875 0.45231481481481484 0.024479166666666666 0.04537037037037037
14 0.4161458333333333 0.4351851851851852 0.010416666666666666 0.016666666666666666
6 0.4075520833333333 0.45694444444444443 0.015104166666666667 0.025
8 0.4075520833333333 0.4513888888888889 0.016145833333333335 0.04537037037037037
8 0.41901041666666666 0.44537037037037036 0.0109375 0.024074074074074074
13 0.45 0.4199074074074074 0.06145833333333333 0.0824074074074074
1 0.4856770833333333 0.4634259259259259 0.043229166666666666 0.062037037037037036
4 0.525 0.4513888888888889 0.036458333333333336 0.017592592592592594
4 0.5255208333333333 0.4722222222222222 0.03958333333333333 0.03888888888888889
4 0.5260416666666666 0.48703703703703705 0.03854166666666667 0.05185185185185185
4 0.5588541666666667 0.48935185185185187 0.04479166666666667 0.06759259259259259
4 0.5791666666666667 0.5 0.03333333333333333 0.06851851851851852
4 0.6239583333333333 0.5055555555555555 0.08125 0.07777777777777778
7 0.6721354166666667 0.48148148148148145 0.009895833333333333 0.018518518518518517
4 0.67109375 0.5171296296296296 0.03177083333333333 0.09537037037037037
4 0.8221354166666667 0.5513888888888889 0.14427083333333332 0.1712962962962963
4 0.9166666666666666 0.5990740740740741 0.165625 0.17037037037037037
4 0.9838541666666667 0.6300925925925925 0.03125 0.14907407407407408
4 0.3106770833333333 0.44351851851851853 0.025520833333333333 0.046296296296296294
4 0.05234375 0.5509259259259259 0.10364583333333334 0.1574074074074074
4 0.24505208333333334 0.43657407407407406 0.0171875 0.021296296296296296
4 0.240625 0.45 0.021875 0.04814814814814815
7 0.2578125 0.4532407407407407 0.011458333333333333 0.06574074074074074
6 0.2716145833333333 0.48935185185185187 0.0203125 0.05462962962962963
8 0.26875 0.47175925925925927 0.03333333333333333 0.09166666666666666
1 0.3502604166666667 0.4898148148148148 0.06197916666666667 0.14074074074074075
6 0.30494791666666665 0.5430555555555555 0.04739583333333333 0.1398148148148148
8 0.30182291666666666 0.4912037037037037 0.0453125 0.11388888888888889
4 0.4513020833333333 0.5638888888888889 0.1453125 0.21851851851851853
7 0.23072916666666668 0.4759259259259259 0.028125 0.10740740740740741
7 0.11171875 0.4115740740740741 0.0078125 0.04722222222222222
7 0.103125 0.4083333333333333 0.008333333333333333 0.040740740740740744
7 0.17083333333333334 0.4185185185185185 0.007291666666666667 0.014814814814814815
7 0.18515625 0.4166666666666667 0.0067708333333333336 0.009259259259259259
4 0.16145833333333334 0.4546296296296296 0.08020833333333334 0.05555555555555555
7 0.13151041666666666 0.4324074074074074 0.013020833333333334 0.03888888888888889
8 0.10390625 0.4513888888888889 0.024479166666666666 0.058333333333333334
7 0.14609375 0.449537037037037 0.0234375 0.06388888888888888
6 0.19739583333333333 0.48194444444444445 0.029166666666666667 0.0824074074074074
6 0.18541666666666667 0.4986111111111111 0.026041666666666668 0.10833333333333334
6 0.17604166666666668 0.5111111111111111 0.027083333333333334 0.1111111111111111
6 0.16953125 0.5166666666666667 0.0328125 0.1
6 0.15338541666666666 0.525 0.034895833333333334 0.12037037037037036
6 0.1359375 0.5273148148148148 0.04375 0.125
6 0.10260416666666666 0.47962962962962963 0.026041666666666668 0.044444444444444446
6 0.07682291666666667 0.45185185185185184 0.018229166666666668 0.022222222222222223
6 0.12109375 0.5449074074074074 0.0484375 0.11203703703703703
6 0.10078125 0.5712962962962963 0.0640625 0.1425925925925926
6 0.05651041666666667 0.47962962962962963 0.0453125 0.05185185185185185
6 0.03619791666666667 0.475 0.03802083333333333 0.05925925925925926
6 0.014583333333333334 0.45555555555555555 0.008333333333333333 0.025925925925925925
6 0.018489583333333334 0.4828703703703704 0.03697916666666667 0.06759259259259259
6 0.005989583333333334 0.5078703703703704 0.0109375 0.05277777777777778
6 0.05755208333333333 0.5851851851851851 0.08802083333333334 0.16666666666666666
6 0.031510416666666666 0.5800925925925926 0.06197916666666667 0.19907407407407407
6 0.009375 0.6305555555555555 0.01875 0.12222222222222222
6 0.221875 0.7013888888888888 0.184375 0.3416666666666667
8 0.23645833333333333 0.5356481481481481 0.09375 0.15092592592592594
6 0.08619791666666667 0.48564814814814816 0.021354166666666667 0.04537037037037037
1 0.37578125 0.4527777777777778 0.013020833333333334 0.053703703703703705
14 0.37135416666666665 0.42083333333333334 0.019791666666666666 0.012037037037037037
7 0.5768229166666666 0.449537037037037 0.008854166666666666 0.017592592592592594
8 0.5315104166666667 0.44027777777777777 0.0036458333333333334 0.013888888888888888
8 0.5356770833333333 0.4425925925925926 0.0067708333333333336 0.014814814814814815
6 0.89375 0.5060185185185185 0.013541666666666667 0.032407407407407406
4 0.7354166666666667 0.5282407407407408 0.029166666666666667 0.11944444444444445