6 0.4700520833333333 0.5773148148148148 0.016145833333333335 0.03425925925925926
8 0.4703125 0.5675925925925925 0.011458333333333333 0.04814814814814815
8 0.46588541666666666 0.5657407407407408 0.013020833333333334 0.04814814814814815
7 0.4875 0.5657407407407408 0.0125 0.046296296296296294
7 0.5013020833333334 0.5587962962962963 0.013020833333333334 0.030555555555555555
7 0.49453125 0.5541666666666667 0.009895833333333333 0.025
14 0.49296875 0.5819444444444445 0.0234375 0.030555555555555555
6 0.49140625 0.6087962962962963 0.03697916666666667 0.05648148148148148
6 0.5153645833333333 0.6064814814814815 0.030729166666666665 0.07222222222222222
6 0.49270833333333336 0.6087962962962963 0.034375 0.07314814814814814
6 0.5432291666666667 0.6240740740740741 0.03333333333333333 0.1
7 0.6841145833333333 0.5833333333333334 0.0390625 0.12962962962962962
7 0.8223958333333333 0.6050925925925926 0.065625 0.10462962962962963
6 0.7794270833333333 0.7148148148148148 0.17447916666666666 0.2462962962962963
6 0.9184895833333333 0.7810185185185186 0.1609375 0.33240740740740743
1 0.4427083333333333 0.5745370370370371 0.034375 0.07314814814814814
7 0.35989583333333336 0.5833333333333334 0.011458333333333333 0.037037037037037035
1 0.39427083333333335 0.6166666666666667 0.06666666666666667 0.15185185185185185
6 0.37916666666666665 0.6592592592592592 0.04375 0.13518518518518519
8 0.37916666666666665 0.6236111111111111 0.04375 0.13796296296296295
7 0.28541666666666665 0.5800925925925926 0.017708333333333333 0.05648148148148148
7 0.290625 0.6351851851851852 0.036458333333333336 0.1574074074074074
6 0.221875 0.6472222222222223 0.07291666666666667 0.08888888888888889
6 0.190625 0.65 0.06875 0.10555555555555556
6 0.16822916666666668 0.6564814814814814 0.08854166666666667 0.11481481481481481
7 0.23463541666666668 0.6995370370370371 0.0390625 0.20462962962962963
6 0.090625 0.8050925925925926 0.15729166666666666 0.33240740740740743