4 0.46380208333333334 0.3958333333333333 0.0171875 0.030555555555555555
6 0.534375 0.412962962962963 0.011458333333333333 0.03148148148148148
1 0.5484375 0.4050925925925926 0.020833333333333332 0.049074074074074076
8 0.5338541666666666 0.3962962962962963 0.010416666666666666 0.020370370370370372
4 0.4984375 0.4412037037037037 0.06666666666666667 0.12314814814814815
4 0.5286458333333334 0.4097222222222222 0.011458333333333333 0.03796296296296296
4 0.7317708333333334 0.44814814814814813 0.15833333333333333 0.11851851851851852
4 0.70234375 0.4638888888888889 0.14947916666666666 0.1259259259259259
4 0.98671875 0.49074074074074076 0.025520833333333333 0.12222222222222222
6 0.4466145833333333 0.4060185185185185 0.008854166666666666 0.019444444444444445
8 0.44609375 0.39490740740740743 0.0078125 0.025
3 0.8359375 0.35185185185185186 0.046875 0.08333333333333333
3 0.9395833333333333 0.3439814814814815 0.11875 0.09907407407407408
3 0.86640625 0.33935185185185185 0.0421875 0.05648148148148148