4 0.5270833333333333 0.4060185185185185 0.010416666666666666 0.019444444444444445
4 0.53984375 0.41388888888888886 0.024479166666666666 0.03518518518518519
4 0.5684895833333333 0.42685185185185187 0.0421875 0.06666666666666667
6 0.6161458333333333 0.45787037037037037 0.03333333333333333 0.08796296296296297
8 0.6161458333333333 0.4356481481481482 0.030208333333333334 0.10648148148148148
6 0.7338541666666667 0.4791666666666667 0.052083333333333336 0.12314814814814815
8 0.7328125 0.4388888888888889 0.04583333333333333 0.13518518518518519
6 0.5158854166666667 0.4310185185185185 0.015104166666666667 0.04351851851851852
8 0.5161458333333333 0.4199074074074074 0.015625 0.05462962962962963
4 0.45416666666666666 0.48333333333333334 0.11458333333333333 0.2
4 0.34453125 0.4023148148148148 0.0067708333333333336 0.008333333333333333