1 0.17473958333333334 0.6833333333333333 0.3494791666666667 0.6314814814814815
6 0.36822916666666666 0.6138888888888889 0.014583333333333334 0.07407407407407407
8 0.37395833333333334 0.5722222222222222 0.021875 0.09444444444444444
6 0.38697916666666665 0.6611111111111111 0.05 0.12777777777777777
8 0.38723958333333336 0.600925925925926 0.0453125 0.15
7 0.403125 0.5527777777777778 0.0125 0.06481481481481481
7 0.42109375 0.5458333333333333 0.011979166666666667 0.05092592592592592
7 0.4278645833333333 0.5296296296296297 0.0067708333333333336 0.027777777777777776
13 0.48098958333333336 0.5097222222222222 0.021354166666666667 0.021296296296296296
3 0.5221354166666666 0.5115740740740741 0.0421875 0.06388888888888888
14 0.5036458333333333 0.5310185185185186 0.028125 0.030555555555555555
8 0.49765625 0.5101851851851852 0.008854166666666666 0.020370370370370372
8 0.50546875 0.500462962962963 0.011979166666666667 0.04722222222222222
8 0.5106770833333333 0.5037037037037037 0.016145833333333335 0.04814814814814815
3 0.5760416666666667 0.5268518518518519 0.07395833333333333 0.13518518518518519
4 0.6067708333333334 0.5638888888888889 0.058333333333333334 0.06666666666666667
4 0.6494791666666667 0.6180555555555556 0.10833333333333334 0.16944444444444445
4 0.51796875 0.5435185185185185 0.03697916666666667 0.027777777777777776
4 0.46119791666666665 0.5875 0.07760416666666667 0.14722222222222223
4 0.5361979166666667 0.6569444444444444 0.1453125 0.23425925925925925
13 0.6671875 0.5138888888888888 0.057291666666666664 0.05185185185185185
4 0.7588541666666667 0.6949074074074074 0.21770833333333334 0.2916666666666667
13 0.8122395833333333 0.49583333333333335 0.23072916666666668 0.30833333333333335
14 0.9278645833333333 0.5041666666666667 0.018229166666666668 0.04351851851851852
4 0.9515625 0.5861111111111111 0.08020833333333334 0.13333333333333333
8 0.978125 0.5675925925925925 0.027083333333333334 0.06296296296296296
3 0.96484375 0.5337962962962963 0.06822916666666666 0.12314814814814815
6 0.98984375 0.6092592592592593 0.019270833333333334 0.07222222222222222
4 0.9536458333333333 0.9074074074074074 0.09166666666666666 0.18333333333333332