4 0.45859375 0.44814814814814813 0.049479166666666664 0.046296296296296294
6 0.49270833333333336 0.4439814814814815 0.008333333333333333 0.01574074074074074
6 0.5078125 0.4537037037037037 0.016666666666666666 0.03518518518518519
8 0.5065104166666666 0.4412037037037037 0.011979166666666667 0.03981481481481482
1 0.5291666666666667 0.43657407407407406 0.009375 0.03425925925925926
4 0.5440104166666667 0.43148148148148147 0.0296875 0.05740740740740741
4 0.515625 0.43657407407407406 0.016666666666666666 0.025
2 0.5778645833333333 0.44722222222222224 0.008854166666666666 0.02962962962962963
8 0.5802083333333333 0.4375 0.010416666666666666 0.04537037037037037
7 0.615625 0.4152777777777778 0.009375 0.021296296296296296
7 0.5872395833333334 0.43842592592592594 0.009895833333333333 0.04722222222222222
7 0.5661458333333333 0.4324074074074074 0.007291666666666667 0.024074074074074074
7 0.7294270833333333 0.4115740740740741 0.021354166666666667 0.03981481481481482
7 0.46380208333333334 0.45185185185185184 0.009895833333333333 0.05185185185185185
4 0.5580729166666667 0.4361111111111111 0.0078125 0.025925925925925925
1 0.5026041666666666 0.42916666666666664 0.005208333333333333 0.012037037037037037
14 0.5703125 0.4337962962962963 0.011458333333333333 0.021296296296296296
10 0.33828125 0.362962962962963 0.0109375 0.02962962962962963