13 0.9455729166666667 0.3574074074074074 0.1078125 0.2740740740740741
8 0.9247395833333333 0.2949074074074074 0.022395833333333334 0.0787037037037037
8 0.9809895833333333 0.2986111111111111 0.0328125 0.075
4 0.9661458333333334 0.45694444444444443 0.0625 0.22685185185185186
7 0.8783854166666667 0.3537037037037037 0.0140625 0.024074074074074074
6 0.85234375 0.4444444444444444 0.022395833333333334 0.09444444444444444
6 0.8838541666666667 0.49907407407407406 0.04375 0.10925925925925926
8 0.8708333333333333 0.45092592592592595 0.059375 0.19074074074074074
8 0.8604166666666667 0.41064814814814815 0.019791666666666666 0.12129629629629629
7 0.8205729166666667 0.36712962962962964 0.016145833333333335 0.09907407407407408
7 0.7359375 0.3638888888888889 0.025 0.11851851851851852
6 0.73203125 0.48009259259259257 0.06302083333333333 0.17685185185185184
6 0.6408854166666667 0.5069444444444444 0.1328125 0.19537037037037036
8 0.6190104166666667 0.4023148148148148 0.04114583333333333 0.11018518518518519
7 0.5572916666666666 0.3675925925925926 0.034375 0.1648148148148148
7 0.51015625 0.36898148148148147 0.034895833333333334 0.17685185185185184
7 0.44609375 0.37037037037037035 0.030729166666666665 0.13703703703703704
7 0.6479166666666667 0.5412037037037037 0.07604166666666666 0.3435185185185185
4 0.27578125 0.6458333333333334 0.5505208333333333 0.7046296296296296
9 0.9731770833333333 0.2726851851851852 0.013020833333333334 0.010185185185185186