14 0.9213541666666667 0.3148148148148148 0.015625 0.05925925925925926
14 0.93203125 0.32083333333333336 0.0140625 0.05277777777777778
14 0.9244791666666666 0.3509259259259259 0.013541666666666667 0.05925925925925926
14 0.9265625 0.36712962962962964 0.015625 0.05462962962962963
13 0.96796875 0.35138888888888886 0.06197916666666667 0.15092592592592594
1 0.9927083333333333 0.42962962962962964 0.013541666666666667 0.18703703703703703
6 0.9364583333333333 0.4287037037037037 0.035416666666666666 0.09259259259259259
8 0.93515625 0.40046296296296297 0.033854166666666664 0.11018518518518519
8 0.9390625 0.40185185185185185 0.03125 0.1037037037037037
6 0.9723958333333333 0.4773148148148148 0.05416666666666667 0.16574074074074074
8 0.97578125 0.425462962962963 0.04739583333333333 0.15462962962962962
7 0.6020833333333333 0.41898148148148145 0.035416666666666666 0.10648148148148148
13 0.7684895833333333 0.4550925925925926 0.3151041666666667 0.3731481481481482
6 0.36302083333333335 0.5055555555555555 0.1375 0.30185185185185187