6 0.45598958333333334 0.575925925925926 0.011979166666666667 0.03888888888888889
8 0.45338541666666665 0.5592592592592592 0.0109375 0.03518518518518519
8 0.45416666666666666 0.562037037037037 0.013541666666666667 0.04259259259259259
6 0.48020833333333335 0.5546296296296296 0.003125 0.009259259259259259
8 0.48072916666666665 0.5504629629629629 0.004166666666666667 0.01574074074074074
6 0.49375 0.5578703703703703 0.003125 0.008333333333333333
8 0.49375 0.5532407407407407 0.003125 0.010185185185185186
4 0.5153645833333333 0.5583333333333333 0.015104166666666667 0.022222222222222223
14 0.5578125 0.5537037037037037 0.009375 0.005555555555555556
14 0.5841145833333333 0.5532407407407407 0.008854166666666666 0.002777777777777778
6 0.9325520833333333 0.5879629629629629 0.0328125 0.02962962962962963
8 0.9208333333333333 0.5708333333333333 0.0125 0.049074074074074076
8 0.9315104166666667 0.5726851851851852 0.0203125 0.04722222222222222