14 0.5307291666666667 0.5263888888888889 0.007291666666666667 0.017592592592592594
4 0.54609375 0.5236111111111111 0.0109375 0.013888888888888888
13 0.5125 0.5185185185185185 0.014583333333333334 0.03333333333333333
6 0.5203125 0.537962962962963 0.008333333333333333 0.020370370370370372
6 0.6114583333333333 0.5310185185185186 0.007291666666666667 0.019444444444444445
8 0.6114583333333333 0.5208333333333334 0.004166666666666667 0.008333333333333333
6 0.6239583333333333 0.5324074074074074 0.00625 0.014814814814814815
8 0.6239583333333333 0.5231481481481481 0.00625 0.014814814814814815
8 0.6596354166666667 0.4666666666666667 0.022395833333333334 0.037037037037037035
14 0.734375 0.513425925925926 0.013541666666666667 0.04722222222222222
13 0.7510416666666667 0.5189814814814815 0.022916666666666665 0.03425925925925926
13 0.8044270833333333 0.5111111111111111 0.03802083333333333 0.03888888888888889
13 0.84296875 0.4976851851851852 0.022395833333333334 0.032407407407407406
7 0.8760416666666667 0.524537037037037 0.00625 0.030555555555555555
7 0.8604166666666667 0.5365740740740741 0.011458333333333333 0.05462962962962963
7 0.3921875 0.5287037037037037 0.005208333333333333 0.025925925925925925
7 0.44895833333333335 0.5305555555555556 0.00625 0.022222222222222223
8 0.5197916666666667 0.5314814814814814 0.007291666666666667 0.020370370370370372
6 0.5091145833333334 0.5393518518518519 0.0109375 0.026851851851851852
8 0.509375 0.5351851851851852 0.008333333333333333 0.027777777777777776
7 0.48932291666666666 0.5439814814814815 0.0067708333333333336 0.03981481481481482
6 0.49583333333333335 0.5583333333333333 0.017708333333333333 0.044444444444444446
8 0.4953125 0.5462962962962963 0.016666666666666666 0.05
4 0.5411458333333333 0.538425925925926 0.021875 0.03611111111111111
13 0.5885416666666666 0.524537037037037 0.04583333333333333 0.04537037037037037
6 0.8950520833333333 0.749537037037037 0.14635416666666667 0.3194444444444444
8 0.88203125 0.663425925925926 0.1109375 0.2972222222222222
13 0.7140625 0.5162037037037037 0.04583333333333333 0.07314814814814814
13 0.5130208333333334 0.5138888888888888 0.013541666666666667 0.02962962962962963
14 0.9958333333333333 0.5967592592592592 0.005208333333333333 0.05462962962962963
4 0.86484375 0.5333333333333333 0.0140625 0.040740740740740744