13 0.37526041666666665 0.6064814814814815 0.08072916666666667 0.15925925925925927
7 0.3723958333333333 0.5662037037037037 0.028125 0.08981481481481482
4 0.46380208333333334 0.625 0.050520833333333334 0.06851851851851852
1 0.49270833333333336 0.6263888888888889 0.021875 0.05092592592592592
8 0.5036458333333333 0.612037037037037 0.010416666666666666 0.03888888888888889
4 0.5486979166666667 0.6675925925925926 0.12447916666666667 0.20185185185185187
6 0.6033854166666667 0.6319444444444444 0.0203125 0.04537037037037037
8 0.6049479166666667 0.6240740740740741 0.0140625 0.05740740740740741
6 0.63125 0.6277777777777778 0.005208333333333333 0.012962962962962963
8 0.6315104166666666 0.6226851851851852 0.005729166666666666 0.017592592592592594
7 0.6229166666666667 0.625 0.004166666666666667 0.018518518518518517
14 0.6356770833333333 0.625 0.0046875 0.018518518518518517
4 0.646875 0.625 0.010416666666666666 0.020370370370370372
14 0.6549479166666666 0.6203703703703703 0.0067708333333333336 0.014814814814814815
6 0.65390625 0.6240740740740741 0.0036458333333333334 0.009259259259259259
8 0.6533854166666667 0.6203703703703703 0.0036458333333333334 0.012962962962962963
4 0.67421875 0.6240740740740741 0.016145833333333335 0.027777777777777776
6 0.7059895833333333 0.6439814814814815 0.050520833333333334 0.06018518518518518
8 0.7083333333333334 0.624537037037037 0.022916666666666665 0.07685185185185185
8 0.72109375 0.6236111111111111 0.019270833333333334 0.06574074074074074
4 0.8046875 0.6166666666666667 0.09166666666666666 0.09814814814814815
1 0.7486979166666666 0.5898148148148148 0.0328125 0.022222222222222223
4 0.74140625 0.6138888888888889 0.043229166666666666 0.05555555555555555
14 0.9028645833333333 0.625462962962963 0.11927083333333334 0.24722222222222223
4 0.97734375 0.6259259259259259 0.0421875 0.07777777777777778
7 0.6421875 0.6328703703703704 0.017708333333333333 0.075
7 0.49296875 0.22546296296296298 0.0078125 0.01574074074074074