13 0.55703125 0.5361111111111111 0.049479166666666664 0.08148148148148149
6 0.4778645833333333 0.5990740740740741 0.021354166666666667 0.07407407407407407
8 0.47708333333333336 0.5675925925925925 0.016666666666666666 0.05185185185185185
8 0.47890625 0.5805555555555556 0.024479166666666666 0.08333333333333333
1 0.5557291666666667 0.5606481481481481 0.022916666666666665 0.06388888888888888
1 0.5497395833333333 0.5689814814814815 0.0140625 0.0787037037037037
4 0.5830729166666667 0.5587962962962963 0.0140625 0.030555555555555555
1 0.6002604166666666 0.5592592592592592 0.03697916666666667 0.06481481481481481
6 0.6359375 0.5601851851851852 0.010416666666666666 0.03518518518518519
1 0.5171875 0.6152777777777778 0.08020833333333334 0.175
6 0.41640625 0.5972222222222222 0.0515625 0.07592592592592592
6 0.38333333333333336 0.6347222222222222 0.05520833333333333 0.11203703703703703
7 0.3338541666666667 0.6388888888888888 0.04791666666666667 0.1648148148148148
7 0.26666666666666666 0.6351851851851852 0.034375 0.14074074074074075
6 0.2786458333333333 0.6708333333333333 0.07604166666666666 0.13425925925925927
1 0.78359375 0.7384259259259259 0.2140625 0.4324074074074074
8 0.5614583333333333 0.5175925925925926 0.007291666666666667 0.027777777777777776
8 0.55625 0.5157407407407407 0.007291666666666667 0.025925925925925925
8 0.5372395833333333 0.5152777777777777 0.0078125 0.026851851851851852
8 0.5479166666666667 0.5166666666666667 0.009375 0.02962962962962963
7 0.44244791666666666 0.5504629629629629 0.0067708333333333336 0.01574074074074074
6 0.6252604166666667 0.5611111111111111 0.008854166666666666 0.03333333333333333