10 0.46848958333333335 0.2013888888888889 0.030729166666666665 0.058333333333333334
13 0.48854166666666665 0.40046296296296297 0.058333333333333334 0.0712962962962963
6 0.45 0.4199074074074074 0.025 0.04351851851851852
6 0.4278645833333333 0.4111111111111111 0.0109375 0.027777777777777776
6 0.43072916666666666 0.44074074074074077 0.021875 0.07222222222222222
8 0.4296875 0.4375 0.01875 0.05648148148148148
7 0.52421875 0.4060185185185185 0.008854166666666666 0.012037037037037037
4 0.52734375 0.44074074074074077 0.0546875 0.06296296296296296
6 0.5325520833333334 0.45555555555555555 0.030729166666666665 0.05555555555555555
8 0.5338541666666666 0.4393518518518518 0.01875 0.062037037037037036
8 0.4953125 0.46064814814814814 0.03854166666666667 0.14537037037037037
13 0.38723958333333336 0.40925925925925927 0.08177083333333333 0.1962962962962963
13 0.0171875 0.35648148148148145 0.034375 0.13148148148148148
13 0.040625 0.3574074074074074 0.030208333333333334 0.1537037037037037
3 0.18645833333333334 0.3375 0.27291666666666664 0.49537037037037035
7 0.7302083333333333 0.5087962962962963 0.03229166666666667 0.15833333333333333
13 0.6875 0.7592592592592593 0.6239583333333333 0.47962962962962963
1 0.005208333333333333 0.8013888888888889 0.010416666666666666 0.0787037037037037
10 0.43125 0.37453703703703706 0.010416666666666666 0.019444444444444445