13 0.5033854166666667 0.5226851851851851 0.024479166666666666 0.04537037037037037
6 0.5192708333333333 0.538425925925926 0.007291666666666667 0.010185185185185186
8 0.5192708333333333 0.5328703703703703 0.00625 0.01574074074074074
6 0.54140625 0.5407407407407407 0.0036458333333333334 0.007407407407407408
8 0.5424479166666667 0.5347222222222222 0.005729166666666666 0.01574074074074074
4 0.5518229166666667 0.5328703703703703 0.018229166666666668 0.030555555555555555
4 0.59453125 0.5310185185185186 0.0109375 0.013888888888888888
4 0.6036458333333333 0.5333333333333333 0.010416666666666666 0.014814814814814815
4 0.6140625 0.5291666666666667 0.014583333333333334 0.019444444444444445
4 0.76484375 0.5388888888888889 0.030729166666666665 0.03148148148148148
4 0.8486979166666667 0.5361111111111111 0.0328125 0.03888888888888889
14 0.928125 0.5402777777777777 0.08645833333333333 0.10092592592592593
13 0.9838541666666667 0.5212962962962963 0.029166666666666667 0.14629629629629629
6 0.9848958333333333 0.5953703703703703 0.028125 0.06851851851851852
8 0.9890625 0.5777777777777777 0.020833333333333332 0.08333333333333333
7 0.10416666666666667 0.5361111111111111 0.016666666666666666 0.046296296296296294
7 0.11666666666666667 0.5375 0.014583333333333334 0.049074074074074076
7 0.14479166666666668 0.5328703703703703 0.017708333333333333 0.041666666666666664
7 0.16848958333333333 0.538425925925926 0.015104166666666667 0.049074074074074076
6 0.35234375 0.5546296296296296 0.04739583333333333 0.06296296296296296
7 0.4875 0.5337962962962963 0.007291666666666667 0.03981481481481482
7 0.48333333333333334 0.5375 0.008333333333333333 0.03981481481481482
6 0.5252604166666667 0.538425925925926 0.009895833333333333 0.026851851851851852
8 0.5255208333333333 0.5310185185185186 0.010416666666666666 0.023148148148148147
6 0.5078125 0.5486111111111112 0.013541666666666667 0.041666666666666664
8 0.509375 0.5402777777777777 0.015625 0.04537037037037037
6 0.5734375 0.5814814814814815 0.030208333333333334 0.07222222222222222
8 0.5716145833333334 0.5611111111111111 0.0265625 0.07592592592592592
13 0.6848958333333334 0.5388888888888889 0.13229166666666667 0.12222222222222222
6 0.984375 0.5962962962962963 0.028125 0.06666666666666667
8 0.98828125 0.5828703703703704 0.0203125 0.08796296296296297
6 0.875 0.5791666666666667 0.030208333333333334 0.05462962962962963
6 0.83203125 0.5810185185185185 0.0234375 0.05277777777777778
8 0.8307291666666666 0.5518518518518518 0.021875 0.046296296296296294
6 0.8078125 0.5856481481481481 0.04479166666666667 0.062037037037037036
8 0.8114583333333333 0.5425925925925926 0.011458333333333333 0.037037037037037035
6 0.7552083333333334 0.5842592592592593 0.03125 0.05555555555555555
8 0.7591145833333334 0.5708333333333333 0.022395833333333334 0.08796296296296297
8 0.875 0.5611111111111111 0.022916666666666665 0.06296296296296296
6 0.62421875 0.6342592592592593 0.05260416666666667 0.13333333333333333
8 0.625 0.6 0.05 0.14629629629629629
7 0.35182291666666665 0.675 0.059895833333333336 0.26296296296296295
7 0.21875 0.5351851851851852 0.013541666666666667 0.06296296296296296
13 0.5067708333333333 0.5148148148148148 0.016666666666666666 0.037037037037037035
14 0.2786458333333333 0.5328703703703703 0.1 0.11018518518518519