1 0.5072916666666667 0.5212962962962963 0.008333333333333333 0.016666666666666666
4 0.5255208333333333 0.5217592592592593 0.009375 0.01574074074074074
6 0.5205729166666667 0.5300925925925926 0.0078125 0.017592592592592594
8 0.5197916666666667 0.5226851851851851 0.008333333333333333 0.025
4 0.5747395833333333 0.5222222222222223 0.0140625 0.022222222222222223
10 0.5549479166666667 0.49398148148148147 0.0067708333333333336 0.012037037037037037
10 0.5606770833333333 0.49537037037037035 0.009895833333333333 0.016666666666666666
10 0.6057291666666667 0.5087962962962963 0.00625 0.013888888888888888
4 0.59140625 0.5222222222222223 0.011979166666666667 0.014814814814814815
6 0.5005208333333333 0.5314814814814814 0.008333333333333333 0.020370370370370372
8 0.5002604166666667 0.525 0.009895833333333333 0.025925925925925925
6 0.4908854166666667 0.5541666666666667 0.0171875 0.049074074074074076
8 0.4908854166666667 0.5444444444444444 0.018229166666666668 0.04814814814814815
6 0.5145833333333333 0.5259259259259259 0.005208333333333333 0.009259259259259259
8 0.5143229166666666 0.5203703703703704 0.0046875 0.012962962962962963
4 0.5578125 0.5375 0.029166666666666667 0.04351851851851852
6 0.7580729166666667 0.5467592592592593 0.015104166666666667 0.04351851851851852
8 0.75859375 0.5361111111111111 0.0140625 0.04259259259259259
14 0.63203125 0.5189814814814815 0.06614583333333333 0.08981481481481482
4 0.6161458333333333 0.5685185185185185 0.071875 0.09444444444444444
6 0.6239583333333333 0.624537037037037 0.04375 0.10277777777777777
8 0.621875 0.586574074074074 0.036458333333333336 0.12685185185185185
4 0.8111979166666666 0.5615740740740741 0.09739583333333333 0.1175925925925926
10 0.7236979166666667 0.5731481481481482 0.011979166666666667 0.027777777777777776
14 0.7447916666666666 0.5310185185185186 0.019791666666666666 0.04351851851851852
7 0.24453125 0.5212962962962963 0.0078125 0.02962962962962963