1 0.48984375 0.5726851851851852 0.044270833333333336 0.09907407407407408
4 0.52109375 0.5375 0.016145833333333335 0.026851851851851852
13 0.5348958333333333 0.5333333333333333 0.014583333333333334 0.02962962962962963
4 0.54453125 0.5421296296296296 0.0067708333333333336 0.010185185185185186
4 0.5520833333333334 0.538425925925926 0.010416666666666666 0.021296296296296296
4 0.559375 0.5439814814814815 0.005208333333333333 0.008333333333333333
4 0.5822916666666667 0.5439814814814815 0.009375 0.008333333333333333
6 0.5919270833333333 0.5449074074074074 0.0036458333333333334 0.008333333333333333
8 0.5919270833333333 0.5435185185185185 0.0026041666666666665 0.007407407407407408
4 0.628125 0.5449074074074074 0.010416666666666666 0.013888888888888888
4 0.7700520833333333 0.5694444444444444 0.0578125 0.06666666666666667