14 0.11302083333333333 0.4337962962962963 0.06458333333333334 0.175
1 0.06979166666666667 0.48657407407407405 0.059375 0.2101851851851852
13 0.1953125 0.3712962962962963 0.08854166666666667 0.06481481481481481
1 0.3072916666666667 0.4393518518518518 0.06875 0.1675925925925926
7 0.22057291666666667 0.38981481481481484 0.011979166666666667 0.022222222222222223
10 0.2526041666666667 0.2273148148148148 0.03125 0.0712962962962963
7 0.3065104166666667 0.47453703703703703 0.011979166666666667 0.13796296296296295
7 0.2859375 0.4708333333333333 0.028125 0.1287037037037037
7 0.31927083333333334 0.4583333333333333 0.036458333333333336 0.17777777777777778
7 0.1140625 0.4615740740740741 0.030208333333333334 0.1398148148148148
1 0.19505208333333332 0.512962962962963 0.1671875 0.24444444444444444
7 0.421875 0.399537037037037 0.021875 0.05092592592592592
7 0.35442708333333334 0.4439814814814815 0.03697916666666667 0.12685185185185185
7 0.4791666666666667 0.41203703703703703 0.027083333333333334 0.04259259259259259
7 0.55390625 0.4115740740740741 0.033854166666666664 0.062037037037037036
7 0.8 0.41805555555555557 0.03229166666666667 0.06944444444444445
1 0.48046875 0.5976851851851852 0.2755208333333333 0.36018518518518516
1 0.8307291666666666 0.6592592592592592 0.33645833333333336 0.4222222222222222
7 0.60078125 0.6694444444444444 0.12864583333333332 0.4462962962962963
7 0.8046875 0.7171296296296297 0.13645833333333332 0.44166666666666665
13 0.0390625 0.41388888888888886 0.078125 0.8277777777777777