1 0.4856770833333333 0.525 0.015104166666666667 0.007407407407407408
1 0.46901041666666665 0.5532407407407407 0.021354166666666667 0.05092592592592592
1 0.4825520833333333 0.5518518518518518 0.018229166666666668 0.044444444444444446
13 0.4401041666666667 0.5587962962962963 0.042708333333333334 0.075
13 0.3815104166666667 0.5421296296296296 0.049479166666666664 0.08055555555555556
1 0.4088541666666667 0.5671296296296297 0.035416666666666666 0.075
1 0.5486979166666667 0.5625 0.0203125 0.075
1 0.5765625 0.5777777777777777 0.04791666666666667 0.10185185185185185
14 0.5638020833333334 0.5236111111111111 0.019270833333333334 0.008333333333333333
1 0.6002604166666666 0.5421296296296296 0.016145833333333335 0.03611111111111111
4 0.615625 0.5523148148148148 0.034375 0.049074074074074076
4 0.6421875 0.5347222222222222 0.026041666666666668 0.03796296296296296
6 0.6145833333333334 0.562037037037037 0.017708333333333333 0.03888888888888889
8 0.6169270833333333 0.5365740740740741 0.0046875 0.01574074074074074
8 0.6145833333333334 0.5527777777777778 0.016666666666666666 0.04814814814814815
1 0.6486979166666667 0.5592592592592592 0.034895833333333334 0.07037037037037037
14 0.6809895833333334 0.5476851851851852 0.024479166666666666 0.062037037037037036
1 0.7096354166666666 0.5717592592592593 0.05364583333333333 0.10833333333333334
6 0.6729166666666667 0.5898148148148148 0.030208333333333334 0.05555555555555555
8 0.6703125 0.5657407407407408 0.030208333333333334 0.07962962962962963
6 0.5739583333333333 0.6791666666666667 0.05625 0.1527777777777778
8 0.5703125 0.6180555555555556 0.05520833333333333 0.1675925925925926
8 0.5684895833333333 0.6314814814814815 0.05572916666666667 0.18703703703703703
1 0.5161458333333333 0.6037037037037037 0.06770833333333333 0.15185185185185185
6 0.3177083333333333 0.5657407407407408 0.027083333333333334 0.03888888888888889
6 0.3028645833333333 0.5675925925925925 0.0390625 0.044444444444444446
6 0.37916666666666665 0.5958333333333333 0.021875 0.06018518518518518
6 0.3609375 0.575925925925926 0.017708333333333333 0.04259259259259259
6 0.31979166666666664 0.6129629629629629 0.025 0.07037037037037037
6 0.3338541666666667 0.5898148148148148 0.016666666666666666 0.044444444444444446
6 0.24869791666666666 0.6087962962962963 0.04739583333333333 0.08055555555555556
6 0.290625 0.6425925925925926 0.06041666666666667 0.10740740740740741
6 0.35078125 0.6796296296296296 0.0359375 0.08518518518518518
8 0.3567708333333333 0.6351851851851852 0.06666666666666667 0.17407407407407408
6 0.20286458333333332 0.5981481481481481 0.0453125 0.06666666666666667
6 0.22578125 0.5782407407407407 0.0140625 0.04722222222222222
6 0.253125 0.663425925925926 0.06041666666666667 0.14722222222222223
6 0.22135416666666666 0.6754629629629629 0.07291666666666667 0.16574074074074074
6 0.025520833333333333 0.6388888888888888 0.021875 0.07962962962962963
6 0.0109375 0.6560185185185186 0.020833333333333332 0.09722222222222222
7 0.009635416666666667 0.5685185185185185 0.018229166666666668 0.10185185185185185
7 0.04453125 0.5305555555555556 0.0171875 0.03148148148148148
7 0.0203125 0.5708333333333333 0.023958333333333335 0.10462962962962963
8 0.04010416666666667 0.5407407407407407 0.020833333333333332 0.053703703703703705
1 0.10703125 0.6828703703703703 0.1609375 0.30833333333333335
13 0.8635416666666667 0.5541666666666667 0.26875 0.5138888888888888
10 0.6010416666666667 0.5657407407407408 0.005208333333333333 0.007407407407407408
10 0.61015625 0.5726851851851852 0.005729166666666666 0.008333333333333333
10 0.6252604166666667 0.5828703703703704 0.005729166666666666 0.008333333333333333
10 0.6520833333333333 0.5958333333333333 0.007291666666666667 0.012037037037037037
10 0.690625 0.6199074074074075 0.008333333333333333 0.013888888888888888
10 0.7635416666666667 0.6615740740740741 0.010416666666666666 0.023148148148148147
10 0.984375 0.7819444444444444 0.025 0.041666666666666664
8 0.48020833333333335 0.5893518518518519 0.010416666666666666 0.06574074074074074