14 0.8513020833333333 0.5453703703703704 0.018229166666666668 0.018518518518518517
14 0.8669270833333333 0.5476851851851852 0.0140625 0.025
14 0.8848958333333333 0.549537037037037 0.021875 0.03425925925925926
14 0.796875 0.538425925925926 0.0125 0.006481481481481481
1 0.7671875 0.5717592592592593 0.036458333333333336 0.06944444444444445
14 0.7388020833333333 0.5518518518518518 0.027604166666666666 0.018518518518518517
4 0.7359375 0.5847222222222223 0.027083333333333334 0.06388888888888888
1 0.82890625 0.6796296296296296 0.12760416666666666 0.2759259259259259
8 0.7393229166666667 0.5851851851851851 0.0140625 0.053703703703703705
8 0.7455729166666667 0.5745370370370371 0.013020833333333334 0.041666666666666664
8 0.8643229166666667 0.5537037037037037 0.008854166666666666 0.014814814814814815
8 0.7458333333333333 0.6013888888888889 0.021875 0.08425925925925926
7 0.87109375 0.5537037037037037 0.0078125 0.016666666666666666
7 0.8776041666666666 0.5541666666666667 0.007291666666666667 0.026851851851851852
8 0.75546875 0.6263888888888889 0.033854166666666664 0.13796296296296295
6 0.7348958333333333 0.6421296296296296 0.0125 0.08611111111111111
6 0.7533854166666667 0.6638888888888889 0.030729166666666665 0.11481481481481481
8 0.8833333333333333 0.5527777777777778 0.008333333333333333 0.022222222222222223
7 0.9109375 0.6208333333333333 0.025 0.13425925925925927
6 0.8822916666666667 0.5634259259259259 0.008333333333333333 0.017592592592592594
7 0.8895833333333333 0.6194444444444445 0.01875 0.14629629629629629
7 0.95078125 0.6199074074074075 0.016145833333333335 0.06388888888888888
2 0.9377604166666667 0.6476851851851851 0.04635416666666667 0.09722222222222222
4 0.6221354166666667 0.5643518518518519 0.016145833333333335 0.026851851851851852
6 0.62265625 0.6125 0.008854166666666666 0.032407407407407406
8 0.6231770833333333 0.5861111111111111 0.0109375 0.03518518518518519
1 0.6796875 0.6759259259259259 0.11770833333333333 0.27037037037037037
1 0.5768229166666666 0.6398148148148148 0.09427083333333333 0.20185185185185187
8 0.5010416666666667 0.5833333333333334 0.013541666666666667 0.02962962962962963
8 0.4674479166666667 0.5773148148148148 0.022395833333333334 0.04537037037037037
8 0.409375 0.5935185185185186 0.029166666666666667 0.06666666666666667
8 0.4552083333333333 0.6055555555555555 0.041666666666666664 0.10740740740740741
6 0.43255208333333334 0.5972222222222222 0.027604166666666666 0.03518518518518519
6 0.41640625 0.638425925925926 0.03177083333333333 0.08425925925925926
6 0.45078125 0.6606481481481481 0.04635416666666667 0.08981481481481482
8 0.49192708333333335 0.6652777777777777 0.0578125 0.22870370370370371
8 0.47239583333333335 0.6689814814814815 0.07708333333333334 0.23055555555555557
6 0.4890625 0.7375 0.06354166666666666 0.17685185185185184
1 0.34869791666666666 0.6236111111111111 0.11614583333333334 0.1638888888888889
6 0.25390625 0.6356481481481482 0.05677083333333333 0.12129629629629629
6 0.22057291666666667 0.6402777777777777 0.050520833333333334 0.12129629629629629
7 0.22552083333333334 0.587037037037037 0.020833333333333332 0.09259259259259259
7 0.2703125 0.6319444444444444 0.026041666666666668 0.14907407407407408
6 0.1921875 0.649074074074074 0.059375 0.12407407407407407
7 0.18463541666666666 0.5800925925925926 0.024479166666666666 0.075
7 0.17109375 0.5787037037037037 0.025520833333333333 0.07222222222222222
7 0.1375 0.6083333333333333 0.029166666666666667 0.14444444444444443
7 0.13098958333333333 0.6351851851851852 0.033854166666666664 0.18518518518518517
7 0.11536458333333334 0.6333333333333333 0.0421875 0.1962962962962963
7 0.15520833333333334 0.6388888888888888 0.020833333333333332 0.19074074074074074
7 0.06848958333333334 0.5986111111111111 0.022395833333333334 0.15462962962962962
6 0.027083333333333334 0.6550925925925926 0.046875 0.09166666666666666
7 0.005989583333333334 0.6319444444444444 0.011979166666666667 0.11203703703703703
10 0.2953125 0.46574074074074073 0.020833333333333332 0.05
10 0.2955729166666667 0.5125 0.021354166666666667 0.017592592592592594