14 0.05130208333333333 0.45925925925925926 0.0265625 0.018518518518518517
7 0.009635416666666667 0.6365740740740741 0.018229166666666668 0.21944444444444444
7 0.1171875 0.6324074074074074 0.040625 0.21481481481481482
6 0.41119791666666666 0.5916666666666667 0.0265625 0.06851851851851852
8 0.4171875 0.575 0.013541666666666667 0.09444444444444444
8 0.40598958333333335 0.575462962962963 0.0265625 0.09907407407407408
14 0.5375 0.5398148148148149 0.026041666666666668 0.046296296296296294
7 0.5268229166666667 0.5421296296296296 0.008854166666666666 0.04537037037037037
6 0.5471354166666667 0.5611111111111111 0.015104166666666667 0.040740740740740744
8 0.5510416666666667 0.5449074074074074 0.008333333333333333 0.041666666666666664
8 0.5473958333333333 0.5449074074074074 0.016666666666666666 0.049074074074074076
6 0.5690104166666666 0.5699074074074074 0.019270833333333334 0.04722222222222222
8 0.5682291666666667 0.5509259259259259 0.017708333333333333 0.06296296296296296
6 0.5809895833333333 0.5518518518518518 0.008854166666666666 0.02962962962962963
8 0.58046875 0.5407407407407407 0.008854166666666666 0.03333333333333333
6 0.5947916666666667 0.5513888888888889 0.010416666666666666 0.03981481481481482
8 0.5950520833333334 0.5430555555555555 0.011979166666666667 0.041666666666666664
13 0.6252604166666667 0.549537037037037 0.0484375 0.09907407407407408
13 0.6677083333333333 0.5324074074074074 0.01875 0.040740740740740744
4 0.6557291666666667 0.537962962962963 0.00625 0.024074074074074074
3 0.7080729166666667 0.5300925925925926 0.013020833333333334 0.025
13 0.9533854166666667 0.575925925925926 0.09114583333333333 0.17962962962962964
6 0.6510416666666666 0.5421296296296296 0.004166666666666667 0.010185185185185186
8 0.6520833333333333 0.5356481481481481 0.004166666666666667 0.013888888888888888
13 0.453125 0.5393518518518519 0.06145833333333333 0.10833333333333334