13 0.95859375 0.38425925925925924 0.08177083333333333 0.3037037037037037
13 0.8067708333333333 0.28703703703703703 0.21145833333333333 0.31851851851851853
7 0.6455729166666667 0.36712962962962964 0.025520833333333333 0.1361111111111111
7 0.50703125 0.362962962962963 0.0390625 0.16666666666666666
7 0.4080729166666667 0.3638888888888889 0.03802083333333333 0.1962962962962963
7 0.07395833333333333 0.39675925925925926 0.06770833333333333 0.287962962962963
6 0.21354166666666666 0.5925925925925926 0.16666666666666666 0.26481481481481484
6 0.1203125 0.8245370370370371 0.240625 0.3490740740740741
8 0.07291666666666667 0.6990740740740741 0.14375 0.6
7 0.42916666666666664 0.6435185185185185 0.12291666666666666 0.7111111111111111
6 0.6140625 0.5800925925925926 0.11770833333333333 0.2824074074074074
8 0.621875 0.5194444444444445 0.12083333333333333 0.3388888888888889
4 0.81171875 0.5712962962962963 0.27447916666666666 0.562962962962963
7 0.4705729166666667 0.3148148148148148 0.0171875 0.037037037037037035