1 0.9916666666666667 0.6583333333333333 0.0125 0.2740740740740741
7 0.9794270833333333 0.5819444444444445 0.015104166666666667 0.062037037037037036
7 0.9083333333333333 0.575462962962963 0.010416666666666666 0.05092592592592592
7 0.9002604166666667 0.5736111111111111 0.011979166666666667 0.05092592592592592
7 0.8161458333333333 0.6129629629629629 0.026041666666666668 0.1574074074074074
6 0.7682291666666666 0.6388888888888888 0.029166666666666667 0.1
4 0.7260416666666667 0.6601851851851852 0.096875 0.18703703703703703
8 0.7645833333333333 0.6143518518518518 0.034375 0.13796296296296295
7 0.71171875 0.5592592592592592 0.0078125 0.016666666666666666
7 0.7052083333333333 0.5583333333333333 0.015625 0.025925925925925925
7 0.6223958333333334 0.5569444444444445 0.00625 0.03981481481481482
4 0.6328125 0.5555555555555556 0.01875 0.040740740740740744
6 0.6184895833333334 0.5791666666666667 0.0078125 0.028703703703703703
8 0.6177083333333333 0.5689814814814815 0.008333333333333333 0.041666666666666664
7 0.6174479166666667 0.5518518518518518 0.005729166666666666 0.020370370370370372
6 0.6455729166666667 0.7481481481481481 0.09427083333333333 0.26481481481481484
6 0.5723958333333333 0.712037037037037 0.058333333333333334 0.17777777777777778
6 0.48203125 0.7759259259259259 0.0859375 0.22407407407407406
8 0.6447916666666667 0.7027777777777777 0.10625 0.3074074074074074
8 0.65390625 0.6648148148148149 0.06614583333333333 0.2759259259259259
8 0.5846354166666666 0.6708333333333333 0.04635416666666667 0.23796296296296296
8 0.5565104166666667 0.6606481481481481 0.06302083333333333 0.21203703703703702
3 0.5190104166666667 0.5138888888888888 0.19635416666666666 0.37407407407407406
7 0.42239583333333336 0.5787037037037037 0.00625 0.08518518518518518
7 0.41015625 0.5444444444444444 0.0046875 0.011111111111111112
7 0.41354166666666664 0.5972222222222222 0.014583333333333334 0.1037037037037037
7 0.40338541666666666 0.5939814814814814 0.011979166666666667 0.10092592592592593
7 0.3919270833333333 0.5680555555555555 0.008854166666666666 0.04351851851851852
7 0.39557291666666666 0.5486111111111112 0.0067708333333333336 0.019444444444444445
7 0.3875 0.6074074074074074 0.0125 0.12962962962962962
7 0.3684895833333333 0.5509259259259259 0.005729166666666666 0.014814814814814815
7 0.37786458333333334 0.6175925925925926 0.0203125 0.13148148148148148
7 0.36223958333333334 0.5703703703703704 0.0234375 0.06666666666666667
4 0.27760416666666665 0.674537037037037 0.21041666666666667 0.27685185185185185
7 0.044270833333333336 0.7074074074074074 0.0625 0.1814814814814815
2 0.053125 0.774074074074074 0.10625 0.24814814814814815
8 0.017447916666666667 0.7157407407407408 0.034895833333333334 0.3351851851851852
8 0.4825520833333333 0.6412037037037037 0.07760416666666667 0.15092592592592594
8 0.47994791666666664 0.7078703703703704 0.09114583333333333 0.33055555555555555
7 0.08645833333333333 0.6148148148148148 0.025 0.05555555555555555