4 0.5544270833333333 0.5430555555555555 0.025520833333333333 0.04351851851851852
13 0.5919270833333333 0.5425925925925926 0.050520833333333334 0.08518518518518518
8 0.6966145833333334 0.5851851851851851 0.0203125 0.09444444444444444
6 0.6966145833333334 0.6092592592592593 0.03177083333333333 0.08518518518518518
2 0.8166666666666667 0.6050925925925926 0.046875 0.05648148148148148
8 0.8177083333333334 0.5907407407407408 0.025 0.08703703703703704
6 0.8361979166666667 0.612037037037037 0.0421875 0.07777777777777778
6 0.8580729166666666 0.6032407407407407 0.0203125 0.05092592592592592
6 0.8828125 0.6138888888888889 0.04479166666666667 0.05
8 0.8893229166666666 0.600925925925926 0.0203125 0.07962962962962963
7 0.9421875 0.575925925925926 0.019791666666666666 0.05185185185185185
7 0.9591145833333333 0.5796296296296296 0.011979166666666667 0.053703703703703705
7 0.9731770833333333 0.5768518518518518 0.0140625 0.053703703703703705
7 0.9880208333333333 0.5805555555555556 0.013541666666666667 0.05925925925925926
7 0.94296875 0.5902777777777778 0.0265625 0.05092592592592592
7 0.978125 0.5907407407407408 0.017708333333333333 0.040740740740740744
7 0.3809895833333333 0.538425925925926 0.009895833333333333 0.041666666666666664
7 0.3223958333333333 0.6041666666666666 0.025 0.14537037037037037
7 0.33697916666666666 0.6060185185185185 0.03229166666666667 0.18796296296296297
7 0.016666666666666666 0.6310185185185185 0.029166666666666667 0.11388888888888889