13 0.5533854166666666 0.4041666666666667 0.07760416666666667 0.20092592592592592
3 0.45729166666666665 0.3851851851851852 0.030208333333333334 0.03518518518518519
13 0.34869791666666666 0.43842592592592594 0.1828125 0.39351851851851855
1 0.4830729166666667 0.3902777777777778 0.0171875 0.019444444444444445
4 0.4552083333333333 0.4648148148148148 0.06458333333333334 0.12962962962962962
8 0.4903645833333333 0.3976851851851852 0.0203125 0.030555555555555555
4 0.5080729166666667 0.5310185185185186 0.1703125 0.2953703703703704
14 0.5848958333333333 0.37175925925925923 0.010416666666666666 0.05092592592592592
1 0.60625 0.42824074074074076 0.026041666666666668 0.10833333333333334
4 0.5947916666666667 0.41064814814814815 0.026041666666666668 0.05648148148148148
14 0.5919270833333333 0.3638888888888889 0.0109375 0.03333333333333333
13 0.6458333333333334 0.36203703703703705 0.030208333333333334 0.024074074074074074
13 0.68515625 0.38472222222222224 0.0421875 0.0712962962962963
6 0.68828125 0.40185185185185185 0.021354166666666667 0.04259259259259259
6 0.71875 0.399537037037037 0.015625 0.03796296296296296
1 0.6466145833333333 0.45046296296296295 0.07135416666666666 0.15648148148148147
6 0.7416666666666667 0.7310185185185185 0.134375 0.44907407407407407
8 0.7473958333333334 0.6023148148148149 0.125 0.4101851851851852
6 0.23072916666666668 0.41944444444444445 0.0375 0.018518518518518517
8 0.2296875 0.41064814814814815 0.017708333333333333 0.03425925925925926
1 0.021614583333333333 0.4666666666666667 0.043229166666666666 0.1111111111111111
4 0.16197916666666667 0.6796296296296296 0.32395833333333335 0.5833333333333334
13 0.8692708333333333 0.5967592592592592 0.2604166666666667 0.8046296296296296
8 0.4552083333333333 0.39537037037037037 0.009375 0.012962962962962963
14 0.50703125 0.3736111111111111 0.0067708333333333336 0.006481481481481481
8 0.5010416666666667 0.3861111111111111 0.005208333333333333 0.012962962962962963
14 0.5104166666666666 0.37962962962962965 0.007291666666666667 0.012962962962962963
8 0.50625 0.38564814814814813 0.007291666666666667 0.010185185185185186
14 0.5122395833333333 0.38333333333333336 0.0078125 0.018518518518518517
7 0.5130208333333334 0.38796296296296295 0.00625 0.022222222222222223
7 0.6033854166666667 0.36666666666666664 0.0046875 0.009259259259259259
14 0.6026041666666667 0.3773148148148148 0.014583333333333334 0.01574074074074074
8 0.45989583333333334 0.39490740740740743 0.005208333333333333 0.008333333333333333