3 0.5036458333333333 0.5574074074074075 0.016666666666666666 0.03148148148148148
1 0.5276041666666667 0.5662037037037037 0.007291666666666667 0.017592592592592594
4 0.5567708333333333 0.5634259259259259 0.030208333333333334 0.049074074074074076
4 0.5177083333333333 0.5560185185185185 0.007291666666666667 0.008333333333333333
6 0.5231770833333333 0.5791666666666667 0.0078125 0.026851851851851852
8 0.5231770833333333 0.5657407407407408 0.013020833333333334 0.03888888888888889
6 0.50390625 0.5722222222222222 0.0078125 0.024074074074074074
8 0.5049479166666667 0.5643518518518519 0.009895833333333333 0.030555555555555555
6 0.5130208333333334 0.5949074074074074 0.021875 0.05462962962962963
8 0.5138020833333333 0.5787037037037037 0.019270833333333334 0.06666666666666667
8 0.6747395833333333 0.5652777777777778 0.0067708333333333336 0.01574074074074074
6 0.6760416666666667 0.5782407407407407 0.004166666666666667 0.019444444444444445
1 0.8036458333333333 0.5819444444444445 0.026041666666666668 0.04537037037037037
6 0.8234375 0.6064814814814815 0.025 0.05185185185185185
8 0.8138020833333334 0.5902777777777778 0.0140625 0.06574074074074074
8 0.82421875 0.5884259259259259 0.019270833333333334 0.06944444444444445
6 0.7473958333333334 0.5888888888888889 0.015625 0.03888888888888889
8 0.7473958333333334 0.5782407407407407 0.011458333333333333 0.04537037037037037
4 0.6614583333333334 0.5708333333333333 0.030208333333333334 0.03796296296296296
7 0.4640625 0.5643518518518519 0.005208333333333333 0.023148148148148147
7 0.45598958333333334 0.5652777777777778 0.0046875 0.019444444444444445
6 0.4591145833333333 0.5685185185185185 0.005729166666666666 0.020370370370370372
8 0.4588541666666667 0.5601851851851852 0.00625 0.012962962962962963
13 0.4421875 0.562037037037037 0.01875 0.03148148148148148
7 0.44765625 0.5652777777777778 0.0046875 0.023148148148148147
4 0.42682291666666666 0.5615740740740741 0.013020833333333334 0.028703703703703703
6 0.43072916666666666 0.5699074074074074 0.00625 0.017592592592592594
7 0.43671875 0.562962962962963 0.0078125 0.03333333333333333
13 0.3984375 0.5680555555555555 0.01875 0.04351851851851852
4 0.4109375 0.5680555555555555 0.03125 0.04351851851851852
1 0.33151041666666664 0.5467592592592593 0.030729166666666665 0.023148148148148147
4 0.3372395833333333 0.5685185185185185 0.050520833333333334 0.037037037037037035
4 0.2872395833333333 0.5689814814814815 0.06197916666666667 0.049074074074074076
4 0.22916666666666666 0.5435185185185185 0.020833333333333332 0.024074074074074074
4 0.26223958333333336 0.5722222222222222 0.0765625 0.05740740740740741
6 0.15755208333333334 0.5787037037037037 0.019270833333333334 0.04259259259259259
1 0.19270833333333334 0.5736111111111111 0.06666666666666667 0.08055555555555556
4 0.25703125 0.5898148148148148 0.0671875 0.08888888888888889
4 0.10260416666666666 0.5527777777777778 0.09375 0.05925925925925926
4 0.044270833333333336 0.5699074074074074 0.08854166666666667 0.07314814814814814
4 0.09166666666666666 0.6569444444444444 0.18333333333333332 0.2101851851851852
6 0.3416666666666667 0.6208333333333333 0.03125 0.08055555555555556
8 0.34375 0.5976851851851852 0.025 0.08981481481481482
1 0.4856770833333333 0.5712962962962963 0.027604166666666666 0.05185185185185185