10 0.12473958333333333 0.41805555555555557 0.1109375 0.13240740740740742
10 0.26328125 0.45185185185185184 0.0390625 0.06481481481481481
13 0.42109375 0.5361111111111111 0.09635416666666667 0.09074074074074075
4 0.51171875 0.5361111111111111 0.009895833333333333 0.012962962962962963
6 0.4984375 0.549537037037037 0.004166666666666667 0.010185185185185186
8 0.4981770833333333 0.5416666666666666 0.0036458333333333334 0.009259259259259259
4 0.5184895833333333 0.5458333333333333 0.0171875 0.028703703703703703
10 0.57890625 0.5333333333333333 0.0067708333333333336 0.005555555555555556
13 0.5994791666666667 0.5444444444444444 0.01875 0.03888888888888889
6 0.7755208333333333 0.5662037037037037 0.013541666666666667 0.017592592592592594
8 0.7731770833333333 0.5564814814814815 0.0109375 0.03148148148148148
13 0.91640625 0.5634259259259259 0.16614583333333333 0.24537037037037038
4 0.5401041666666667 0.5402777777777777 0.014583333333333334 0.006481481481481481
4 0.5854166666666667 0.562962962962963 0.036458333333333336 0.05555555555555555
4 0.5458333333333333 0.5782407407407407 0.05520833333333333 0.06944444444444445
6 0.49322916666666666 0.6175925925925926 0.028125 0.08703703703703704
8 0.49270833333333336 0.5898148148148148 0.027083333333333334 0.10185185185185185
8 0.49296875 0.5828703703703704 0.024479166666666666 0.10833333333333334
6 0.4484375 0.5958333333333333 0.023958333333333335 0.07314814814814814
8 0.44635416666666666 0.5791666666666667 0.01875 0.07314814814814814
8 0.4421875 0.5791666666666667 0.026041666666666668 0.0712962962962963
6 0.61640625 0.5509259259259259 0.0046875 0.009259259259259259
8 0.6169270833333333 0.5462962962962963 0.0046875 0.012962962962962963
8 0.6377604166666667 0.5449074074074074 0.0067708333333333336 0.01574074074074074
9 0.62890625 0.4125 0.005729166666666666 0.008333333333333333
9 0.5729166666666666 0.4638888888888889 0.003125 0.003703703703703704