4 0.2989583333333333 0.549074074074074 0.034375 0.03888888888888889
3 0.4421875 0.5231481481481481 0.015625 0.024074074074074074
10 0.4786458333333333 0.5115740740740741 0.00625 0.013888888888888888
8 0.4921875 0.5356481481481481 0.007291666666666667 0.017592592592592594
6 0.49140625 0.538425925925926 0.009895833333333333 0.012037037037037037
8 0.5046875 0.5351851851851852 0.004166666666666667 0.014814814814814815
6 0.5049479166666667 0.5412037037037037 0.005729166666666666 0.01574074074074074
13 0.6174479166666667 0.5199074074074074 0.0296875 0.019444444444444445
13 0.7380208333333333 0.5472222222222223 0.0375 0.04814814814814815
6 0.9872395833333333 0.5736111111111111 0.0203125 0.032407407407407406
8 0.9841145833333333 0.5638888888888889 0.0109375 0.03148148148148148
7 0.4578125 0.5287037037037037 0.003125 0.011111111111111112