10 0.46953125 0.4740740740740741 0.009895833333333333 0.018518518518518517
4 0.4708333333333333 0.5268518518518519 0.0375 0.046296296296296294
13 0.48515625 0.5055555555555555 0.019270833333333334 0.05925925925925926
7 0.503125 0.5212962962962963 0.008333333333333333 0.046296296296296294
10 0.5408854166666667 0.4810185185185185 0.0078125 0.017592592592592594
4 0.5505208333333333 0.5115740740740741 0.020833333333333332 0.030555555555555555
4 0.5348958333333333 0.5282407407407408 0.03229166666666667 0.04722222222222222
6 0.559375 0.5217592592592593 0.008333333333333333 0.021296296296296296
8 0.559375 0.5152777777777777 0.007291666666666667 0.030555555555555555
4 0.5776041666666667 0.5203703703703704 0.022916666666666665 0.03518518518518519
1 0.5971354166666667 0.512962962962963 0.0140625 0.03148148148148148
6 0.59140625 0.5347222222222222 0.0109375 0.032407407407407406
8 0.5919270833333333 0.5175925925925926 0.009895833333333333 0.03333333333333333
6 0.6080729166666666 0.5138888888888888 0.0078125 0.018518518518518517
8 0.6078125 0.5050925925925925 0.007291666666666667 0.019444444444444445
3 0.6145833333333334 0.5013888888888889 0.022916666666666665 0.030555555555555555
4 0.6291666666666667 0.5074074074074074 0.016666666666666666 0.025925925925925925
4 0.6432291666666666 0.5101851851851852 0.014583333333333334 0.024074074074074074
8 0.60703125 0.5055555555555555 0.0067708333333333336 0.018518518518518517
6 0.6190104166666667 0.5375 0.011979166666666667 0.03425925925925926
8 0.6182291666666667 0.5236111111111111 0.014583333333333334 0.03611111111111111
6 0.6434895833333333 0.5231481481481481 0.005729166666666666 0.024074074074074074
8 0.6434895833333333 0.5125 0.008854166666666666 0.025
7 0.65078125 0.5078703703703704 0.0046875 0.019444444444444445
3 0.6776041666666667 0.49444444444444446 0.03125 0.037037037037037035
3 0.6651041666666667 0.49907407407407406 0.026041666666666668 0.03518518518518519
4 0.6903645833333333 0.5083333333333333 0.0109375 0.024074074074074074
7 0.6861979166666666 0.5148148148148148 0.0078125 0.03888888888888889
4 0.6598958333333333 0.5259259259259259 0.026041666666666668 0.046296296296296294
4 0.6674479166666667 0.5365740740740741 0.03177083333333333 0.05092592592592592
6 0.6934895833333333 0.5375 0.0078125 0.023148148148148147
6 0.70546875 0.5398148148148149 0.022395833333333334 0.02962962962962963
6 0.709375 0.5439814814814815 0.0125 0.04537037037037037
6 0.7276041666666667 0.5458333333333333 0.015625 0.04722222222222222
6 0.76953125 0.5634259259259259 0.025520833333333333 0.058333333333333334
7 0.7903645833333334 0.6064814814814815 0.024479166666666666 0.14629629629629629
7 0.4627604166666667 0.4962962962962963 0.009895833333333333 0.018518518518518517
13 0.6817708333333333 0.5055555555555555 0.015625 0.044444444444444446