4 0.05078125 0.45787037037037037 0.1015625 0.2101851851851852
1 0.09557291666666666 0.45416666666666666 0.0578125 0.12129629629629629
6 0.13072916666666667 0.45925925925925926 0.027083333333333334 0.05925925925925926
7 0.18359375 0.4935185185185185 0.028645833333333332 0.08518518518518518
1 0.34036458333333336 0.562037037037037 0.15260416666666668 0.25
6 0.43385416666666665 0.5453703703703704 0.030208333333333334 0.06666666666666667
7 0.3572916666666667 0.4388888888888889 0.0125 0.016666666666666666
6 0.4434895833333333 0.5527777777777778 0.0390625 0.044444444444444446
6 0.43385416666666665 0.6143518518518518 0.04479166666666667 0.08981481481481482
7 0.46197916666666666 0.4925925925925926 0.016666666666666666 0.07037037037037037
1 0.5630208333333333 0.6152777777777778 0.234375 0.2935185185185185
6 0.66796875 0.8268518518518518 0.2838541666666667 0.34074074074074073
8 0.6557291666666667 0.7453703703703703 0.13333333333333333 0.43148148148148147
14 0.7875 0.6805555555555556 0.1 0.15185185185185185
14 0.871875 0.6944444444444444 0.08333333333333333 0.13333333333333333
14 0.9520833333333333 0.7074074074074074 0.09270833333333334 0.1425925925925926
7 0.51171875 0.624537037037037 0.06614583333333333 0.30648148148148147