14 0.49947916666666664 0.5555555555555556 0.010416666666666666 0.024074074074074074
1 0.48880208333333336 0.549074074074074 0.018229166666666668 0.037037037037037035
7 0.47291666666666665 0.5569444444444445 0.007291666666666667 0.026851851851851852
7 0.475 0.5541666666666667 0.009375 0.03425925925925926
1 0.5169270833333334 0.5462962962962963 0.0203125 0.04259259259259259
6 0.5145833333333333 0.5518518518518518 0.0125 0.03518518518518519
8 0.51484375 0.5458333333333333 0.013020833333333334 0.03796296296296296
14 0.5325520833333334 0.5509259259259259 0.0109375 0.025925925925925925
7 0.5778645833333333 0.5680555555555555 0.016145833333333335 0.06018518518518518
7 0.5916666666666667 0.5527777777777778 0.020833333333333332 0.08888888888888889
7 0.6052083333333333 0.5685185185185185 0.017708333333333333 0.06111111111111111
13 0.63515625 0.5337962962962963 0.05572916666666667 0.08981481481481482
7 0.6231770833333333 0.5546296296296296 0.019270833333333334 0.08148148148148149
6 0.6875 0.5560185185185185 0.035416666666666666 0.075
6 0.73828125 0.600462962962963 0.03802083333333333 0.08796296296296297
1 0.80703125 0.6143518518518518 0.1359375 0.24351851851851852
4 0.42994791666666665 0.5837962962962963 0.028645833333333332 0.08055555555555556
14 0.3578125 0.538425925925926 0.014583333333333334 0.025
1 0.39114583333333336 0.600925925925926 0.06458333333333334 0.1574074074074074
4 0.28984375 0.6064814814814815 0.1359375 0.2111111111111111
6 0.23541666666666666 0.8027777777777778 0.09895833333333333 0.34074074074074073
6 0.396875 0.8162037037037037 0.10729166666666666 0.2953703703703704
8 0.40911458333333334 0.6990740740740741 0.07447916666666667 0.3055555555555556
8 0.38359375 0.7134259259259259 0.0921875 0.33611111111111114