3 0.5143229166666666 0.5175925925925926 0.0140625 0.03518518518518519
4 0.5140625 0.5365740740740741 0.013541666666666667 0.026851851851851852
13 0.5369791666666667 0.5305555555555556 0.0375 0.07222222222222222
10 0.5645833333333333 0.49722222222222223 0.008333333333333333 0.018518518518518517
10 0.58203125 0.49074074074074076 0.009895833333333333 0.022222222222222223
10 0.6114583333333333 0.4837962962962963 0.011458333333333333 0.025
10 0.6486979166666667 0.46944444444444444 0.015104166666666667 0.03333333333333333
10 0.7307291666666667 0.44675925925925924 0.021875 0.049074074074074076
13 0.5005208333333333 0.5185185185185185 0.013541666666666667 0.027777777777777776
6 0.49583333333333335 0.5268518518518519 0.005208333333333333 0.011111111111111112
8 0.49609375 0.5236111111111111 0.0046875 0.013888888888888888
4 0.48359375 0.5217592592592593 0.008854166666666666 0.013888888888888888
8 0.4875 0.5222222222222223 0.005208333333333333 0.011111111111111112
4 0.47161458333333334 0.5342592592592592 0.013020833333333334 0.025925925925925925
4 0.48411458333333335 0.5425925925925926 0.0203125 0.03518518518518519
1 0.4583333333333333 0.5509259259259259 0.027083333333333334 0.06111111111111111
10 0.43723958333333335 0.5106481481481482 0.0078125 0.012037037037037037
4 0.3763020833333333 0.5476851851851852 0.019270833333333334 0.025
4 0.34088541666666666 0.5504629629629629 0.03177083333333333 0.025
6 0.3104166666666667 0.5671296296296297 0.022916666666666665 0.03981481481481482
8 0.3145833333333333 0.5550925925925926 0.011458333333333333 0.049074074074074076
8 0.3078125 0.5555555555555556 0.015625 0.05
3 0.2520833333333333 0.5319444444444444 0.13125 0.11574074074074074
10 0.43020833333333336 0.42083333333333334 0.052083333333333336 0.03796296296296296
4 0.6622395833333333 0.5402777777777777 0.025520833333333333 0.030555555555555555
4 0.7479166666666667 0.5615740740740741 0.04479166666666667 0.058333333333333334
4 0.8359375 0.5592592592592592 0.041666666666666664 0.03333333333333333
10 0.9265625 0.37083333333333335 0.03854166666666667 0.08796296296296297
10 0.14557291666666666 0.4935185185185185 0.0171875 0.027777777777777776