14 0.5013020833333334 0.5111111111111111 0.0046875 0.009259259259259259
14 0.5059895833333333 0.5097222222222222 0.005729166666666666 0.010185185185185186
14 0.5143229166666666 0.5069444444444444 0.0067708333333333336 0.010185185185185186
14 0.5203125 0.5092592592592593 0.007291666666666667 0.009259259259259259
14 0.5380208333333333 0.5203703703703704 0.007291666666666667 0.011111111111111112
14 0.5434895833333333 0.524074074074074 0.008854166666666666 0.012962962962962963
14 0.5263020833333333 0.5194444444444445 0.005729166666666666 0.011111111111111112
14 0.52890625 0.5222222222222223 0.0067708333333333336 0.007407407407407408
14 0.50859375 0.5171296296296296 0.0046875 0.010185185185185186
14 0.5125 0.5194444444444445 0.005208333333333333 0.012962962962962963
14 0.5067708333333333 0.5226851851851851 0.004166666666666667 0.008333333333333333
14 0.4979166666666667 0.5101851851851852 0.003125 0.014814814814814815
4 0.5104166666666666 0.5300925925925926 0.00625 0.012037037037037037
1 0.5057291666666667 0.5324074074074074 0.00625 0.012962962962962963
13 0.5278645833333333 0.5398148148148149 0.028645833333333332 0.05185185185185185
4 0.5390625 0.5902777777777778 0.06458333333333334 0.10277777777777777
6 0.5052083333333334 0.5430555555555555 0.004166666666666667 0.006481481481481481
8 0.5052083333333334 0.537962962962963 0.005208333333333333 0.012962962962962963
6 0.5083333333333333 0.5472222222222223 0.004166666666666667 0.012962962962962963
8 0.5083333333333333 0.5425925925925926 0.004166666666666667 0.016666666666666666
6 0.5013020833333334 0.5476851851851852 0.0026041666666666665 0.008333333333333333
8 0.50078125 0.5425925925925926 0.0036458333333333334 0.012962962962962963
6 0.49895833333333334 0.5504629629629629 0.003125 0.008333333333333333
8 0.4981770833333333 0.5449074074074074 0.0046875 0.013888888888888888
3 0.48854166666666665 0.5324074074074074 0.013541666666666667 0.025925925925925925
6 0.48671875 0.5601851851851852 0.008854166666666666 0.024074074074074074
8 0.48671875 0.5518518518518518 0.008854166666666666 0.02962962962962963
6 0.4666666666666667 0.562037037037037 0.011458333333333333 0.03333333333333333
8 0.46588541666666666 0.5537037037037037 0.0109375 0.037037037037037035
7 0.44947916666666665 0.5430555555555555 0.00625 0.013888888888888888
14 0.45026041666666666 0.5527777777777778 0.013020833333333334 0.018518518518518517
14 0.38828125 0.5555555555555556 0.030729166666666665 0.05740740740740741
7 0.38177083333333334 0.5537037037037037 0.010416666666666666 0.027777777777777776
4 0.41354166666666664 0.5842592592592593 0.06979166666666667 0.10185185185185185
14 0.3572916666666667 0.5615740740740741 0.03333333333333333 0.06759259259259259
7 0.3546875 0.5694444444444444 0.013541666666666667 0.05555555555555555
10 0.5671875 0.5083333333333333 0.005208333333333333 0.011111111111111112
10 0.5791666666666667 0.5074074074074074 0.008333333333333333 0.016666666666666666
10 0.6015625 0.48842592592592593 0.011458333333333333 0.023148148148148147
6 0.6190104166666667 0.5675925925925925 0.015104166666666667 0.04259259259259259
8 0.615625 0.5537037037037037 0.009375 0.05
8 0.6190104166666667 0.5537037037037037 0.0140625 0.05185185185185185
6 0.68046875 0.5833333333333334 0.05572916666666667 0.06296296296296296
8 0.6783854166666666 0.5634259259259259 0.028645833333333332 0.08055555555555556
7 0.9903645833333333 0.5569444444444445 0.0067708333333333336 0.03425925925925926
7 0.9825520833333333 0.5597222222222222 0.008854166666666666 0.04351851851851852
7 0.9963541666666667 0.5518518518518518 0.00625 0.020370370370370372
6 0.9466145833333334 0.5601851851851852 0.0265625 0.037037037037037035
10 0.5536458333333333 0.5199074074074074 0.003125 0.006481481481481481
10 0.7135416666666666 0.6550925925925926 0.0125 0.0824074074074074
10 0.7385416666666667 0.6569444444444444 0.013541666666666667 0.08611111111111111
10 0.7669270833333334 0.6578703703703703 0.0140625 0.08796296296296297
10 0.8036458333333333 0.6587962962962963 0.013541666666666667 0.08981481481481482
10 0.8309895833333333 0.6569444444444444 0.013020833333333334 0.08981481481481482
10 0.93046875 0.5986111111111111 0.008854166666666666 0.013888888888888888
10 0.7513020833333334 0.6037037037037037 0.008854166666666666 0.012962962962962963