1 0.3268229166666667 0.45046296296296295 0.009895833333333333 0.021296296296296296
4 0.34010416666666665 0.4527777777777778 0.017708333333333333 0.025925925925925925
14 0.36796875 0.449537037037037 0.0046875 0.017592592592592594
14 0.3494791666666667 0.45185185185185184 0.007291666666666667 0.022222222222222223
7 0.3692708333333333 0.45231481481481484 0.005208333333333333 0.028703703703703703
1 0.35859375 0.45231481481481484 0.0171875 0.028703703703703703
4 0.3841145833333333 0.4537037037037037 0.016145833333333335 0.02962962962962963
7 0.37604166666666666 0.45416666666666666 0.007291666666666667 0.030555555555555555
4 0.3953125 0.4583333333333333 0.014583333333333334 0.03148148148148148
7 0.38776041666666666 0.45416666666666666 0.005729166666666666 0.030555555555555555
14 0.43359375 0.44675925925925924 0.009895833333333333 0.01574074074074074
4 0.415625 0.4597222222222222 0.035416666666666666 0.05648148148148148
7 0.46848958333333335 0.45 0.0067708333333333336 0.022222222222222223
6 0.44088541666666664 0.4625 0.019270833333333334 0.030555555555555555
6 0.45208333333333334 0.4666666666666667 0.017708333333333333 0.03148148148148148
6 0.46041666666666664 0.47314814814814815 0.019791666666666666 0.03148148148148148
6 0.46979166666666666 0.4773148148148148 0.021875 0.032407407407407406
7 0.7606770833333333 0.4625 0.021354166666666667 0.075
7 0.8494791666666667 0.5138888888888888 0.023958333333333335 0.11481481481481481
6 0.7736979166666667 0.513425925925926 0.05677083333333333 0.06759259259259259
14 0.8010416666666667 0.5638888888888889 0.09479166666666666 0.15925925925925927
10 0.83984375 0.5041666666666667 0.016145833333333335 0.07685185185185185
6 0.9484375 0.7777777777777778 0.10208333333333333 0.24074074074074073
8 0.9776041666666667 0.6231481481481481 0.041666666666666664 0.2611111111111111
14 0.28880208333333335 0.4375 0.0140625 0.01574074074074074
1 0.2984375 0.45416666666666666 0.019791666666666666 0.030555555555555555
14 0.30234375 0.4356481481481482 0.0109375 0.002777777777777778
4 0.3703125 0.5453703703703704 0.08958333333333333 0.1574074074074074
14 0.278125 0.44907407407407407 0.009375 0.018518518518518517
7 0.2953125 0.46620370370370373 0.014583333333333334 0.04722222222222222
4 0.26875 0.47453703703703703 0.029166666666666667 0.06574074074074074
7 0.28802083333333334 0.44907407407407407 0.004166666666666667 0.012962962962962963
6 0.31276041666666665 0.6069444444444444 0.0671875 0.1712962962962963
7 0.28463541666666664 0.47314814814814815 0.013020833333333334 0.044444444444444446
7 0.28489583333333335 0.46944444444444444 0.014583333333333334 0.05925925925925926
8 0.31692708333333336 0.5398148148148149 0.06510416666666667 0.2111111111111111
1 0.19166666666666668 0.46620370370370373 0.014583333333333334 0.032407407407407406
1 0.23671875 0.5087962962962963 0.0578125 0.11944444444444445
7 0.2546875 0.525 0.036458333333333336 0.1388888888888889
7 0.1625 0.4638888888888889 0.009375 0.02962962962962963
6 0.15703125 0.5092592592592593 0.04114583333333333 0.07777777777777778
7 0.18203125 0.512962962962963 0.022395833333333334 0.11666666666666667
7 0.20859375 0.5180555555555556 0.0140625 0.12314814814814815
7 0.12552083333333333 0.4685185185185185 0.010416666666666666 0.03333333333333333
7 0.12760416666666666 0.45555555555555555 0.010416666666666666 0.03148148148148148
6 0.14557291666666666 0.5175925925925926 0.04114583333333333 0.09074074074074075
6 0.13567708333333334 0.524074074074074 0.04635416666666667 0.09444444444444444
6 0.11875 0.5342592592592592 0.022916666666666665 0.07962962962962963
7 0.22526041666666666 0.5300925925925926 0.0296875 0.14907407407407408
7 0.2015625 0.5277777777777778 0.034375 0.16111111111111112
1 0.0609375 0.5564814814814815 0.121875 0.21296296296296297
7 0.009375 0.5930555555555556 0.01875 0.26944444444444443
14 0.005208333333333333 0.8527777777777777 0.010416666666666666 0.24444444444444444
10 0.49895833333333334 0.4115740740740741 0.005208333333333333 0.028703703703703703