4 0.5994791666666667 0.5541666666666667 0.04791666666666667 0.08425925925925926
1 0.6286458333333333 0.5430555555555555 0.026041666666666668 0.06018518518518518
13 0.6776041666666667 0.5486111111111112 0.058333333333333334 0.13425925925925927
13 0.73203125 0.5518518518518518 0.05572916666666667 0.12962962962962962
4 0.8049479166666667 0.5745370370370371 0.12239583333333333 0.16018518518518518
6 0.9895833333333334 0.6175925925925926 0.017708333333333333 0.1037037037037037
6 0.6450520833333333 0.6560185185185186 0.06510416666666667 0.15092592592592594
6 0.5825520833333333 0.7402777777777778 0.0890625 0.2064814814814815
8 0.6296875 0.5652777777777778 0.028125 0.0824074074074074
8 0.6453125 0.6134259259259259 0.053125 0.1787037037037037
8 0.5864583333333333 0.6759259259259259 0.07916666666666666 0.29259259259259257
8 0.5598958333333334 0.649537037037037 0.04375 0.24537037037037038
3 0.48854166666666665 0.5171296296296296 0.18125 0.38796296296296295
8 0.46640625 0.825462962962963 0.12552083333333333 0.3398148148148148
8 0.47994791666666664 0.7467592592592592 0.09114583333333333 0.3675925925925926
8 0.45703125 0.7314814814814815 0.11614583333333334 0.43703703703703706
1 0.38229166666666664 0.6842592592592592 0.165625 0.34814814814814815
7 0.2864583333333333 0.5930555555555556 0.020833333333333332 0.06759259259259259
7 0.259375 0.5837962962962963 0.027083333333333334 0.07685185185185185
6 0.26848958333333334 0.6611111111111111 0.0671875 0.15185185185185185
6 0.21875 0.6523148148148148 0.042708333333333334 0.13796296296296295
6 0.146875 0.6694444444444444 0.11145833333333334 0.17037037037037037
6 0.12369791666666667 0.7134259259259259 0.06822916666666666 0.14907407407407408
1 0.07526041666666666 0.7416666666666667 0.14947916666666666 0.5111111111111111
6 0.46822916666666664 0.825462962962963 0.140625 0.3435185185185185
7 0.28046875 0.5587962962962963 0.013020833333333334 0.05648148148148148
7 0.23411458333333332 0.5796296296296296 0.0203125 0.05555555555555555
7 0.22552083333333334 0.5782407407407407 0.026041666666666668 0.04722222222222222