6 0.33307291666666666 0.5444444444444444 0.024479166666666666 0.02962962962962963
13 0.35546875 0.5287037037037037 0.03697916666666667 0.05555555555555555
3 0.41380208333333335 0.5296296296296297 0.08802083333333334 0.14814814814814814
6 0.4591145833333333 0.5453703703703704 0.0078125 0.022222222222222223
8 0.4588541666666667 0.538425925925926 0.007291666666666667 0.026851851851851852
8 0.459375 0.5388888888888889 0.007291666666666667 0.02962962962962963
1 0.46380208333333334 0.5236111111111111 0.0078125 0.017592592592592594
3 0.4744791666666667 0.5111111111111111 0.010416666666666666 0.014814814814814815
3 0.48723958333333334 0.5097222222222222 0.0109375 0.012037037037037037
13 0.5096354166666667 0.5458333333333333 0.04010416666666667 0.08611111111111111
4 0.5479166666666667 0.5222222222222223 0.007291666666666667 0.012962962962962963
4 0.5354166666666667 0.5347222222222222 0.016666666666666666 0.021296296296296296
14 0.5864583333333333 0.5273148148148148 0.017708333333333333 0.03611111111111111
13 0.7419270833333333 0.6018518518518519 0.1109375 0.17777777777777778
6 0.859375 0.6023148148148149 0.041666666666666664 0.05277777777777778
7 0.9205729166666666 0.6189814814814815 0.016145833333333335 0.08611111111111111
7 0.90546875 0.6152777777777778 0.022395833333333334 0.09166666666666666
14 0.9885416666666667 0.6106481481481482 0.019791666666666666 0.125
4 0.48828125 0.5203703703703704 0.0078125 0.014814814814814815
4 0.48072916666666665 0.5185185185185185 0.008333333333333333 0.007407407407407408
4 0.4708333333333333 0.5282407407407408 0.010416666666666666 0.023148148148148147
4 0.47734375 0.5370370370370371 0.0203125 0.03333333333333333
4 0.484375 0.5476851851851852 0.014583333333333334 0.041666666666666664
6 0.43333333333333335 0.6458333333333334 0.04583333333333333 0.12685185185185185
8 0.4354166666666667 0.6106481481481482 0.04583333333333333 0.14907407407407408
8 0.4296875 0.5995370370370371 0.041666666666666664 0.13796296296296295
8 0.6393229166666666 0.5523148148148148 0.0078125 0.032407407407407406
6 0.15442708333333333 0.5287037037037037 0.015104166666666667 0.037037037037037035
4 0.2390625 0.5305555555555556 0.051041666666666666 0.05925925925925926
6 0.2955729166666667 0.5518518518518518 0.03697916666666667 0.02962962962962963
6 0.30052083333333335 0.6083333333333333 0.03854166666666667 0.10925925925925926
8 0.2994791666666667 0.5842592592592593 0.0375 0.1111111111111111
14 0.05026041666666667 0.6263888888888889 0.10052083333333334 0.2824074074074074