4 0.9861979166666667 0.36944444444444446 0.0265625 0.053703703703703705
7 0.9658854166666667 0.3439814814814815 0.0078125 0.025
13 0.9528645833333333 0.3560185185185185 0.021354166666666667 0.09351851851851851
7 0.98125 0.3726851851851852 0.009375 0.058333333333333334
6 0.9684895833333333 0.38981481481481484 0.0234375 0.046296296296296294
8 0.9713541666666666 0.3736111111111111 0.019791666666666666 0.06944444444444445
13 0.9088541666666666 0.3365740740740741 0.07604166666666666 0.06944444444444445
4 0.8565104166666667 0.37777777777777777 0.04010416666666667 0.07037037037037037
7 0.82109375 0.3472222222222222 0.016145833333333335 0.04814814814814815
7 0.8088541666666667 0.35324074074074074 0.015625 0.075
7 0.796875 0.3560185185185185 0.016666666666666666 0.07685185185185185
7 0.78828125 0.362962962962963 0.009895833333333333 0.08333333333333333
6 0.8294270833333334 0.3837962962962963 0.0578125 0.058333333333333334
14 0.6268229166666667 0.38333333333333336 0.018229166666666668 0.09814814814814815
13 0.6994791666666667 0.3675925925925926 0.14479166666666668 0.24814814814814815
7 0.8338541666666667 0.3851851851851852 0.023958333333333335 0.1111111111111111
7 0.77890625 0.4125 0.03177083333333333 0.16018518518518518
1 0.9119791666666667 0.43425925925925923 0.09479166666666666 0.2
1 0.1828125 0.5898148148148148 0.3177083333333333 0.4888888888888889
1 0.44166666666666665 0.524074074074074 0.3729166666666667 0.8240740740740741
7 0.77890625 0.3388888888888889 0.0109375 0.03518518518518519