4 0.5091145833333334 0.5069444444444444 0.0067708333333333336 0.012037037037037037
4 0.5177083333333333 0.5106481481481482 0.009375 0.013888888888888888
4 0.5846354166666666 0.5319444444444444 0.0234375 0.04537037037037037
4 0.5546875 0.525 0.0375 0.040740740740740744
7 0.5932291666666667 0.5347222222222222 0.00625 0.04537037037037037
4 0.62578125 0.5486111111111112 0.05260416666666667 0.062037037037037036
7 0.6484375 0.5282407407407408 0.007291666666666667 0.030555555555555555
7 0.6622395833333333 0.5370370370370371 0.008854166666666666 0.02962962962962963
14 0.7197916666666667 0.5856481481481481 0.035416666666666666 0.049074074074074076
14 0.7494791666666667 0.5879629629629629 0.042708333333333334 0.05555555555555555
7 0.7763020833333333 0.5671296296296297 0.016145833333333335 0.0712962962962963
1 0.8229166666666666 0.5689814814814815 0.08958333333333333 0.11203703703703703
7 0.8809895833333333 0.5439814814814815 0.0171875 0.04351851851851852
4 0.49557291666666664 0.5055555555555555 0.0036458333333333334 0.009259259259259259
4 0.5010416666666667 0.5083333333333333 0.009375 0.014814814814814815
7 0.51953125 0.5111111111111111 0.0026041666666666665 0.011111111111111112
4 0.45989583333333334 0.5078703703703704 0.0125 0.010185185185185186
4 0.45729166666666665 0.5180555555555556 0.0125 0.021296296296296296
1 0.46796875 0.5231481481481481 0.0109375 0.03333333333333333
13 0.48125 0.5226851851851851 0.026041666666666668 0.06574074074074074
4 0.44453125 0.5291666666666667 0.015104166666666667 0.041666666666666664
4 0.43359375 0.5212962962962963 0.016145833333333335 0.02962962962962963
4 0.41510416666666666 0.5402777777777777 0.03854166666666667 0.06574074074074074
6 0.43697916666666664 0.6171296296296296 0.03958333333333333 0.13796296296296295
8 0.43333333333333335 0.5875 0.040625 0.13796296296296295
6 0.359375 0.5921296296296297 0.08125 0.08981481481481482
8 0.35989583333333336 0.5611111111111111 0.028125 0.10555555555555556
6 0.26458333333333334 0.6083333333333333 0.08958333333333333 0.10925925925925926
8 0.2609375 0.587037037037037 0.029166666666666667 0.14814814814814814
6 0.058854166666666666 0.5800925925925926 0.07604166666666666 0.08055555555555556
8 0.05520833333333333 0.55 0.0375 0.10740740740740741
10 0.09401041666666667 0.3907407407407407 0.0203125 0.04259259259259259
10 0.09244791666666667 0.42453703703703705 0.0203125 0.013888888888888888
4 0.5549479166666667 0.5833333333333334 0.17239583333333333 0.14074074074074075
6 0.5106770833333333 0.6337962962962963 0.0421875 0.125
8 0.5104166666666666 0.5842592592592593 0.03958333333333333 0.14444444444444443
7 0.9078125 0.5523148148148148 0.014583333333333334 0.023148148148148147
1 0.9658854166666667 0.5481481481481482 0.0671875 0.04814814814814815
7 0.9921875 0.5462962962962963 0.014583333333333334 0.04814814814814815
7 0.9776041666666667 0.5435185185185185 0.017708333333333333 0.053703703703703705
4 0.8765625 0.7791666666666667 0.24583333333333332 0.4361111111111111
10 0.7997395833333333 0.4638888888888889 0.021354166666666667 0.04259259259259259
10 0.86640625 0.45694444444444443 0.013020833333333334 0.05277777777777778