14 0.5395833333333333 0.5189814814814815 0.005208333333333333 0.010185185185185186
14 0.54375 0.5194444444444445 0.00625 0.011111111111111112
14 0.6122395833333333 0.5171296296296296 0.0078125 0.012037037037037037
14 0.5471354166666667 0.5208333333333334 0.0036458333333333334 0.010185185185185186
6 0.5440104166666667 0.5254629629629629 0.0026041666666666665 0.008333333333333333
8 0.5440104166666667 0.5212962962962963 0.0036458333333333334 0.012962962962962963
6 0.5380208333333333 0.5314814814814814 0.003125 0.005555555555555556
8 0.53828125 0.5259259259259259 0.0046875 0.014814814814814815
14 0.5322916666666667 0.5277777777777778 0.007291666666666667 0.014814814814814815
6 0.5401041666666667 0.5398148148148149 0.004166666666666667 0.014814814814814815
8 0.5395833333333333 0.5333333333333333 0.005208333333333333 0.020370370370370372
6 0.5325520833333334 0.5513888888888889 0.0078125 0.023148148148148147
8 0.5325520833333334 0.5439814814814815 0.0078125 0.028703703703703703
6 0.52421875 0.5597222222222222 0.013020833333333334 0.03425925925925926
8 0.5223958333333333 0.55 0.007291666666666667 0.03333333333333333
8 0.525 0.5518518518518518 0.011458333333333333 0.03518518518518519
13 0.49322916666666666 0.5208333333333334 0.014583333333333334 0.03425925925925926
4 0.49375 0.5319444444444444 0.010416666666666666 0.019444444444444445
1 0.48541666666666666 0.5356481481481481 0.005208333333333333 0.025
1 0.49166666666666664 0.5356481481481481 0.011458333333333333 0.026851851851851852
13 0.5083333333333333 0.5226851851851851 0.020833333333333332 0.041666666666666664
13 0.46432291666666664 0.5314814814814814 0.043229166666666666 0.06296296296296296
4 0.44817708333333334 0.5574074074074075 0.024479166666666666 0.037037037037037035
4 0.3963541666666667 0.5685185185185185 0.028125 0.04259259259259259
6 0.36484375 0.5856481481481481 0.0171875 0.030555555555555555
1 0.33932291666666664 0.5777777777777777 0.0390625 0.07592592592592592
7 0.30234375 0.5810185185185185 0.011979166666666667 0.062037037037037036
7 0.2513020833333333 0.5722222222222222 0.0109375 0.03888888888888889
7 0.26171875 0.5912037037037037 0.018229166666666668 0.08981481481481482
6 0.28203125 0.6060185185185185 0.021354166666666667 0.05092592592592592
8 0.2791666666666667 0.5879629629629629 0.027083333333333334 0.08518518518518518
8 0.27890625 0.5861111111111111 0.024479166666666666 0.07222222222222222
7 0.19817708333333334 0.562962962962963 0.0067708333333333336 0.009259259259259259
7 0.027604166666666666 0.5893518518518519 0.015625 0.028703703703703703
7 0.04479166666666667 0.6351851851851852 0.035416666666666666 0.1425925925925926
6 0.07265625 0.6657407407407407 0.058854166666666666 0.11666666666666667
14 0.017447916666666667 0.6194444444444445 0.034895833333333334 0.21481481481481482
6 0.45338541666666665 0.5888888888888889 0.0203125 0.04814814814814815
8 0.45416666666666666 0.5708333333333333 0.017708333333333333 0.058333333333333334
6 0.4197916666666667 0.6296296296296297 0.03125 0.07962962962962963
8 0.42421875 0.5958333333333333 0.0171875 0.10092592592592593
8 0.41640625 0.5962962962962963 0.0296875 0.10925925925925926
6 0.5796875 0.5574074074074075 0.008333333333333333 0.020370370370370372
8 0.57734375 0.5458333333333333 0.0046875 0.032407407407407406
8 0.5807291666666666 0.5458333333333333 0.010416666666666666 0.032407407407407406
8 0.5651041666666666 0.5435185185185185 0.007291666666666667 0.024074074074074074
7 0.5653645833333333 0.5773148148148148 0.009895833333333333 0.06388888888888888
7 0.5721354166666667 0.5763888888888888 0.0171875 0.06759259259259259
7 0.5596354166666667 0.5763888888888888 0.0140625 0.075
13 0.7221354166666667 0.5106481481481482 0.0234375 0.04351851851851852
13 0.7536458333333333 0.5171296296296296 0.04791666666666667 0.05092592592592592
4 0.7171875 0.5314814814814814 0.015625 0.020370370370370372
1 0.8091145833333333 0.5222222222222223 0.0203125 0.009259259259259259
4 0.8135416666666667 0.5333333333333333 0.034375 0.020370370370370372
13 0.8481770833333333 0.5180555555555556 0.058854166666666666 0.05648148148148148
4 0.8674479166666667 0.5333333333333333 0.044270833333333336 0.022222222222222223
4 0.88671875 0.649537037037037 0.2234375 0.2564814814814815
13 0.675 0.5643518518518519 0.08645833333333333 0.1935185185185185
10 0.7052083333333333 0.46944444444444444 0.015625 0.03333333333333333