1 0.28125 0.5726851851851852 0.023958333333333335 0.05462962962962963
4 0.35234375 0.5740740740740741 0.033854166666666664 0.06481481481481481
14 0.33098958333333334 0.5486111111111112 0.025520833333333333 0.023148148148148147
8 0.321875 0.5467592592592593 0.00625 0.012037037037037037
4 0.31276041666666665 0.5564814814814815 0.0171875 0.016666666666666666
8 0.2994791666666667 0.5555555555555556 0.008333333333333333 0.02962962962962963
8 0.290625 0.5569444444444445 0.005208333333333333 0.021296296296296296
6 0.28802083333333334 0.5796296296296296 0.014583333333333334 0.03518518518518519
8 0.28854166666666664 0.5666666666666667 0.013541666666666667 0.04259259259259259
4 0.32786458333333335 0.6 0.0609375 0.09814814814814815
4 0.26119791666666664 0.5949074074074074 0.0546875 0.0787037037037037
6 0.3078125 0.6523148148148148 0.04583333333333333 0.11574074074074074
8 0.3059895833333333 0.6171296296296296 0.0390625 0.14537037037037037
4 0.4578125 0.6319444444444444 0.19895833333333332 0.18981481481481483
8 0.5317708333333333 0.5717592592592593 0.022916666666666665 0.08425925925925926
14 0.5830729166666667 0.6185185185185185 0.10052083333333334 0.12407407407407407
6 0.21953125 0.6949074074074074 0.09114583333333333 0.15092592592592594
8 0.21302083333333333 0.6393518518518518 0.057291666666666664 0.1787037037037037
8 0.23229166666666667 0.6481481481481481 0.07083333333333333 0.20555555555555555
6 0.3828125 0.687962962962963 0.11458333333333333 0.15
8 0.37994791666666666 0.638425925925926 0.0703125 0.1935185185185185
6 0.8916666666666667 0.5916666666666667 0.109375 0.1388888888888889
8 0.8864583333333333 0.5458333333333333 0.06145833333333333 0.14907407407407408
8 0.30703125 0.6212962962962963 0.030729166666666665 0.08518518518518518