7 0.18932291666666667 0.5462962962962963 0.027604166666666666 0.14629629629629629
7 0.27708333333333335 0.5546296296296296 0.022916666666666665 0.14814814814814814
10 0.1609375 0.31712962962962965 0.0625 0.08981481481481482
14 0.37213541666666666 0.5578703703703703 0.028645833333333332 0.05092592592592592
7 0.34921875 0.5518518518518518 0.0203125 0.05740740740740741
14 0.41822916666666665 0.5212962962962963 0.0125 0.018518518518518517
8 0.46380208333333334 0.5143518518518518 0.0067708333333333336 0.026851851851851852
8 0.4734375 0.5143518518518518 0.0125 0.030555555555555555
14 0.4986979166666667 0.5444444444444444 0.028645833333333332 0.06481481481481481
1 0.5268229166666667 0.5287037037037037 0.0359375 0.06851851851851852
6 0.5020833333333333 0.5662037037037037 0.01875 0.058333333333333334
8 0.5020833333333333 0.5407407407407407 0.021875 0.06481481481481481
1 0.44166666666666665 0.5106481481481482 0.04583333333333333 0.028703703703703703
8 0.5893229166666667 0.5467592592592593 0.027604166666666666 0.09351851851851851
6 0.5890625 0.5657407407407408 0.025 0.08888888888888889
4 0.4434895833333333 0.6125 0.11302083333333333 0.1824074074074074