13 0.5127604166666667 0.5412037037037037 0.009895833333333333 0.019444444444444445
13 0.6463541666666667 0.5175925925925926 0.042708333333333334 0.05
4 0.5190104166666667 0.5449074074074074 0.0109375 0.01574074074074074
13 0.5325520833333334 0.5449074074074074 0.024479166666666666 0.049074074074074076
6 0.67890625 0.5476851851851852 0.011979166666666667 0.019444444444444445
13 0.7361979166666667 0.5162037037037037 0.08072916666666667 0.08796296296296297
8 0.67890625 0.5421296296296296 0.011979166666666667 0.017592592592592594
6 0.5080729166666667 0.6074074074074074 0.03697916666666667 0.10555555555555556
8 0.5067708333333333 0.5810185185185185 0.035416666666666666 0.10648148148148148
8 0.5075520833333333 0.5800925925925926 0.033854166666666664 0.10648148148148148
7 0.35390625 0.6157407407407407 0.04114583333333333 0.17777777777777778
6 0.8770833333333333 0.8449074074074074 0.20520833333333333 0.30092592592592593
8 0.84609375 0.7416666666666667 0.13177083333333334 0.45
8 0.9080729166666667 0.7620370370370371 0.15364583333333334 0.4722222222222222
14 0.49713541666666666 0.5421296296296296 0.0109375 0.025