4 0.34036458333333336 0.562037037037037 0.0296875 0.02962962962962963
4 0.4 0.5425925925925926 0.01875 0.018518518518518517
6 0.4427083333333333 0.5671296296296297 0.014583333333333334 0.03796296296296296
8 0.44244791666666666 0.5532407407407407 0.0140625 0.04537037037037037
1 0.47630208333333335 0.5398148148148149 0.021354166666666667 0.040740740740740744
4 0.5020833333333333 0.5212962962962963 0.007291666666666667 0.012962962962962963
4 0.50859375 0.5203703703703704 0.0067708333333333336 0.009259259259259259
1 0.5231770833333333 0.5185185185185185 0.0109375 0.018518518518518517
4 0.5197916666666667 0.5435185185185185 0.028125 0.04259259259259259
13 0.5434895833333333 0.5347222222222222 0.021354166666666667 0.04351851851851852
1 0.55703125 0.5148148148148148 0.0067708333333333336 0.014814814814814815
6 0.53203125 0.5310185185185186 0.0036458333333333334 0.012037037037037037
8 0.53203125 0.5231481481481481 0.0036458333333333334 0.014814814814814815
4 0.28984375 0.5726851851851852 0.03697916666666667 0.04351851851851852
6 0.30520833333333336 0.5805555555555556 0.017708333333333333 0.053703703703703705
4 0.6705729166666666 0.5412037037037037 0.0359375 0.04722222222222222
13 0.71640625 0.5439814814814815 0.044270833333333336 0.075
6 0.7713541666666667 0.5564814814814815 0.019791666666666666 0.044444444444444446
8 0.7713541666666667 0.5439814814814815 0.015625 0.05277777777777778
13 0.8489583333333334 0.5421296296296296 0.11666666666666667 0.1361111111111111
13 0.9442708333333333 0.4925925925925926 0.11041666666666666 0.31666666666666665
7 0.15494791666666666 0.6041666666666666 0.011979166666666667 0.05092592592592592
7 0.24895833333333334 0.5888888888888889 0.0125 0.040740740740740744
7 0.3177083333333333 0.5662037037037037 0.008333333333333333 0.03611111111111111
7 0.3109375 0.5666666666666667 0.009375 0.03518518518518519
4 0.37942708333333336 0.5425925925925926 0.011979166666666667 0.016666666666666666
6 0.4119791666666667 0.5430555555555555 0.00625 0.012037037037037037
4 0.44375 0.5412037037037037 0.021875 0.021296296296296296
4 0.42239583333333336 0.5430555555555555 0.008333333333333333 0.017592592592592594
7 0.46119791666666665 0.5375 0.005729166666666666 0.021296296296296296
4 0.57421875 0.5069444444444444 0.0036458333333333334 0.006481481481481481