7 0.4153645833333333 0.5444444444444444 0.0171875 0.1037037037037037
7 0.6390625 0.5583333333333333 0.015625 0.1
7 0.7234375 0.5162037037037037 0.013541666666666667 0.049074074074074076
7 0.7411458333333333 0.5203703703703704 0.011458333333333333 0.037037037037037035
7 0.7880208333333333 0.549537037037037 0.015625 0.0712962962962963
7 0.7716145833333333 0.5518518518518518 0.015104166666666667 0.08148148148148149
7 0.753125 0.5222222222222223 0.009375 0.03518518518518519
7 0.7627604166666667 0.5226851851851851 0.008854166666666666 0.03425925925925926
7 0.7466145833333333 0.5166666666666667 0.0109375 0.046296296296296294
7 0.7544270833333333 0.5074074074074074 0.0078125 0.022222222222222223
7 0.7752604166666667 0.5018518518518519 0.009895833333333333 0.020370370370370372
7 0.7903645833333334 0.5092592592592593 0.005729166666666666 0.03148148148148148
7 0.7963541666666667 0.5268518518518519 0.0125 0.05740740740740741
7 0.7817708333333333 0.5106481481481482 0.009375 0.030555555555555555
7 0.8067708333333333 0.5412037037037037 0.010416666666666666 0.06388888888888888
7 0.8151041666666666 0.5083333333333333 0.010416666666666666 0.012962962962962963
7 0.8940104166666667 0.5476851851851852 0.009895833333333333 0.062037037037037036
7 0.9052083333333333 0.5361111111111111 0.014583333333333334 0.08703703703703704
7 0.9229166666666667 0.5467592592592593 0.011458333333333333 0.06944444444444445
7 0.9752604166666666 0.4736111111111111 0.013020833333333334 0.05462962962962963
7 0.9489583333333333 0.5425925925925926 0.010416666666666666 0.07222222222222222
7 0.9606770833333333 0.549537037037037 0.011979166666666667 0.062037037037037036
7 0.9736979166666667 0.5453703703703704 0.0140625 0.07037037037037037
7 0.87578125 0.5087962962962963 0.005729166666666666 0.010185185185185186
7 0.86875 0.5402777777777777 0.011458333333333333 0.06018518518518518