4 0.03177083333333333 0.49907407407407406 0.030208333333333334 0.014814814814814815
4 0.050520833333333334 0.5277777777777778 0.058333333333333334 0.046296296296296294
4 0.03307291666666667 0.5402777777777777 0.06614583333333333 0.06759259259259259
7 0.06484375 0.5078703703703704 0.009895833333333333 0.026851851851851852
1 0.5067708333333333 0.5342592592592592 0.00625 0.012962962962962963
4 0.5190104166666667 0.5342592592592592 0.009895833333333333 0.016666666666666666
4 0.5265625 0.5337962962962963 0.011458333333333333 0.019444444444444445
4 0.5375 0.5370370370370371 0.016666666666666666 0.027777777777777776
4 0.5546875 0.5504629629629629 0.034375 0.049074074074074076
6 0.5140625 0.5388888888888889 0.0020833333333333333 0.005555555555555556
8 0.5138020833333333 0.5328703703703703 0.0026041666666666665 0.008333333333333333
6 0.4986979166666667 0.5472222222222223 0.0067708333333333336 0.020370370370370372
8 0.4986979166666667 0.5356481481481481 0.0078125 0.025
4 0.47239583333333335 0.5388888888888889 0.016666666666666666 0.03148148148148148
4 0.45234375 0.537962962962963 0.0203125 0.040740740740740744
7 0.46328125 0.5402777777777777 0.0046875 0.03425925925925926
4 0.8705729166666667 0.5587962962962963 0.0234375 0.028703703703703703
7 0.8638020833333333 0.5745370370370371 0.008854166666666666 0.03796296296296296