6 0.40390625 0.5768518518518518 0.0140625 0.04259259259259259
6 0.4171875 0.5736111111111111 0.019791666666666666 0.062037037037037036
6 0.4361979166666667 0.6064814814814815 0.04010416666666667 0.10925925925925926
1 0.5953125 0.5509259259259259 0.028125 0.05
7 0.5177083333333333 0.5615740740740741 0.005208333333333333 0.01574074074074074
7 0.5161458333333333 0.5685185185185185 0.007291666666666667 0.027777777777777776
7 0.5106770833333333 0.5611111111111111 0.0036458333333333334 0.012962962962962963
7 0.49921875 0.5615740740740741 0.0046875 0.010185185185185186
6 0.48828125 0.5717592592592593 0.0140625 0.030555555555555555
7 0.48125 0.5638888888888889 0.011458333333333333 0.044444444444444446
7 0.5239583333333333 0.5611111111111111 0.009375 0.044444444444444446
6 0.50625 0.5731481481481482 0.013541666666666667 0.027777777777777776
8 0.5046875 0.5634259259259259 0.0125 0.03611111111111111
6 0.6856770833333333 0.5944444444444444 0.0328125 0.06481481481481481
7 0.7260416666666667 0.5972222222222222 0.020833333333333332 0.1037037037037037
7 0.6994791666666667 0.6263888888888889 0.03125 0.058333333333333334
7 0.7447916666666666 0.6407407407407407 0.020833333333333332 0.044444444444444446
7 0.7713541666666667 0.649537037037037 0.030208333333333334 0.05092592592592592
7 0.8302083333333333 0.5583333333333333 0.015625 0.03148148148148148
7 0.8296875 0.5662037037037037 0.009375 0.013888888888888888