4 0.42864583333333334 0.39351851851851855 0.014583333333333334 0.018518518518518517
4 0.4674479166666667 0.3976851851851852 0.05572916666666667 0.028703703703703703
8 0.44453125 0.3875 0.0067708333333333336 0.012037037037037037
1 0.5130208333333334 0.4125 0.041666666666666664 0.04537037037037037
1 0.5143229166666666 0.38842592592592595 0.033854166666666664 0.010185185185185186
4 0.5635416666666667 0.4046296296296296 0.057291666666666664 0.03888888888888889
4 0.5994791666666667 0.40324074074074073 0.021875 0.03425925925925926
3 0.65234375 0.38425925925925924 0.05677083333333333 0.044444444444444446
3 0.753125 0.36527777777777776 0.14895833333333333 0.18981481481481483
3 0.8481770833333333 0.36064814814814816 0.049479166666666664 0.11944444444444445
13 0.92109375 0.4837962962962963 0.1546875 0.675
4 0.8294270833333334 0.5097222222222222 0.0671875 0.18611111111111112
4 0.6713541666666667 0.5199074074074074 0.10833333333333334 0.262037037037037
4 0.7484375 0.6430555555555556 0.2625 0.4361111111111111
1 0.6692708333333334 0.40185185185185185 0.020833333333333332 0.02962962962962963
1 0.6408854166666667 0.4097222222222222 0.03697916666666667 0.03796296296296296
8 0.6143229166666667 0.42268518518518516 0.0203125 0.04351851851851852
6 0.6140625 0.45740740740740743 0.019791666666666666 0.06481481481481481
6 0.59921875 0.4564814814814815 0.0109375 0.06111111111111111
8 0.60703125 0.41898148148148145 0.0171875 0.041666666666666664
8 0.5984375 0.4064814814814815 0.010416666666666666 0.02962962962962963
8 0.5708333333333333 0.4041666666666667 0.010416666666666666 0.021296296296296296
8 0.5677083333333334 0.40925925925925927 0.011458333333333333 0.020370370370370372
8 0.5838541666666667 0.4638888888888889 0.022916666666666665 0.1111111111111111
6 0.5861979166666667 0.48842592592592593 0.022395833333333334 0.06944444444444445
8 0.52578125 0.40879629629629627 0.015104166666666667 0.023148148148148147
1 0.5372395833333333 0.5268518518518519 0.10364583333333334 0.22777777777777777
8 0.4822916666666667 0.46064814814814814 0.029166666666666667 0.09722222222222222
6 0.47421875 0.5254629629629629 0.030729166666666665 0.10277777777777777
9 0.6432291666666666 0.3013888888888889 0.016666666666666666 0.05277777777777778
8 0.6471354166666666 0.4078703703703704 0.011979166666666667 0.023148148148148147
7 0.4791666666666667 0.40185185185185185 0.008333333333333333 0.025925925925925925
7 0.471875 0.41944444444444445 0.009375 0.046296296296296294