7 0.8848958333333333 0.34074074074074073 0.014583333333333334 0.05185185185185185
13 0.96875 0.3421296296296296 0.06145833333333333 0.11944444444444445
4 0.9578125 0.4074074074074074 0.04479166666666667 0.10740740740740741
1 0.98671875 0.37777777777777777 0.025520833333333333 0.05925925925925926
8 0.9799479166666667 0.4310185185185185 0.0390625 0.13240740740740742
6 0.9752604166666666 0.5333333333333333 0.0484375 0.1425925925925926
6 0.8817708333333333 0.38472222222222224 0.015625 0.04351851851851852
13 0.8552083333333333 0.3421296296296296 0.052083333333333336 0.1638888888888889
13 0.6765625 0.33101851851851855 0.08645833333333333 0.12685185185185185
13 0.7190104166666667 0.3388888888888889 0.05260416666666667 0.12407407407407407
13 0.7861979166666667 0.33935185185185185 0.0984375 0.18796296296296297
6 0.8302083333333333 0.4162037037037037 0.036458333333333336 0.06574074074074074
7 0.80703125 0.3902777777777778 0.03697916666666667 0.14722222222222223
7 0.8330729166666667 0.39537037037037037 0.03177083333333333 0.14444444444444443
6 0.896875 0.4074074074074074 0.03125 0.1
7 0.5549479166666667 0.30277777777777776 0.016145833333333335 0.040740740740740744
7 0.5192708333333333 0.30416666666666664 0.013541666666666667 0.025
7 0.45338541666666665 0.29305555555555557 0.009895833333333333 0.017592592592592594
4 0.484375 0.3074074074074074 0.057291666666666664 0.03333333333333333
4 0.39453125 0.2833333333333333 0.07552083333333333 0.02962962962962963
6 0.23671875 0.30092592592592593 0.030729166666666665 0.037037037037037035
6 0.26640625 0.3050925925925926 0.0234375 0.028703703703703703
8 0.3143229166666667 0.2828703703703704 0.019270833333333334 0.06018518518518518
6 0.4203125 0.3574074074074074 0.029166666666666667 0.09444444444444444
6 0.4375 0.36898148148148147 0.06145833333333333 0.10277777777777777
6 0.46640625 0.3763888888888889 0.0484375 0.10277777777777777
6 0.5088541666666667 0.34953703703703703 0.028125 0.058333333333333334
8 0.4328125 0.2847222222222222 0.014583333333333334 0.025
14 0.020833333333333332 0.34675925925925927 0.041666666666666664 0.3138888888888889
14 0.0875 0.36203703703703705 0.159375 0.2722222222222222
14 0.1546875 0.5087962962962963 0.15 0.17685185185185184
14 0.2630208333333333 0.5476851851851852 0.16666666666666666 0.21388888888888888
7 0.6223958333333334 0.5180555555555556 0.11770833333333333 0.2861111111111111
7 0.51953125 0.5097222222222222 0.07447916666666667 0.3416666666666667
7 0.49322916666666666 0.5009259259259259 0.07083333333333333 0.3888888888888889