13 0.1296875 0.41805555555555557 0.053125 0.11203703703703703
13 0.24010416666666667 0.42268518518518516 0.071875 0.15092592592592594
13 0.2953125 0.4199074074074074 0.04479166666666667 0.125
7 0.32760416666666664 0.42685185185185187 0.010416666666666666 0.05
6 0.33151041666666664 0.475 0.028645833333333332 0.07962962962962963
1 0.4276041666666667 0.43148148148148147 0.023958333333333335 0.04814814814814815
13 0.384375 0.40046296296296297 0.03854166666666667 0.06574074074074074
14 0.4354166666666667 0.412962962962963 0.03958333333333333 0.053703703703703705
13 0.465625 0.41203703703703703 0.020833333333333332 0.03148148148148148
1 0.45989583333333334 0.4203703703703704 0.011458333333333333 0.018518518518518517
4 0.48046875 0.4212962962962963 0.009895833333333333 0.011111111111111112
13 0.51328125 0.4166666666666667 0.024479166666666666 0.05740740740740741
14 0.4947916666666667 0.42685185185185187 0.025 0.027777777777777776
1 0.4921875 0.44074074074074077 0.034375 0.024074074074074074
4 0.5239583333333333 0.45231481481481484 0.0125 0.023148148148148147
13 0.6807291666666667 0.46574074074074073 0.33645833333333336 0.8518518518518519
4 0.48932291666666666 0.5074074074074074 0.08385416666666666 0.14814814814814814
8 0.4513020833333333 0.4361111111111111 0.008854166666666666 0.024074074074074074
8 0.4588541666666667 0.4532407407407407 0.014583333333333334 0.05277777777777778
8 0.44427083333333334 0.46620370370370373 0.022916666666666665 0.07685185185185185
6 0.44453125 0.48657407407407405 0.024479166666666666 0.0824074074074074
1 0.39791666666666664 0.4898148148148148 0.07291666666666667 0.1425925925925926
8 0.35911458333333335 0.5180555555555556 0.0484375 0.1638888888888889
6 0.35598958333333336 0.5648148148148148 0.0640625 0.1574074074074074
7 0.27005208333333336 0.4615740740740741 0.021354166666666667 0.11574074074074074
7 0.28958333333333336 0.4685185185185185 0.020833333333333332 0.10925925925925926
7 0.14427083333333332 0.5638888888888889 0.07916666666666666 0.20555555555555555
7 0.08671875 0.5504629629629629 0.0390625 0.23981481481481481
7 0.07213541666666666 0.549074074074074 0.050520833333333334 0.28888888888888886
7 0.015625 0.4078703703703704 0.014583333333333334 0.06944444444444445
6 0.033854166666666664 0.47314814814814815 0.057291666666666664 0.1259259259259259
6 0.004166666666666667 0.4486111111111111 0.008333333333333333 0.10648148148148148
4 0.46796875 0.43657407407407406 0.024479166666666666 0.023148148148148147
7 0.8606770833333334 0.4722222222222222 0.0046875 0.06111111111111111
7 0.8674479166666667 0.4615740740740741 0.0078125 0.04537037037037037
7 0.8966145833333333 0.46574074074074073 0.0109375 0.046296296296296294
7 0.88828125 0.4671296296296296 0.008854166666666666 0.05462962962962963
7 0.9395833333333333 0.46574074074074073 0.009375 0.040740740740740744
7 0.9497395833333333 0.46574074074074073 0.016145833333333335 0.04259259259259259
8 0.9309895833333334 0.4759259259259259 0.011979166666666667 0.020370370370370372
4 0.9307291666666667 0.5643518518518519 0.13645833333333332 0.16574074074074074
13 0.49583333333333335 0.4083333333333333 0.027083333333333334 0.053703703703703705
7 0.8770833333333333 0.47129629629629627 0.009375 0.06296296296296296
6 0.31953125 0.4546296296296296 0.013020833333333334 0.044444444444444446
13 0.17708333333333334 0.42407407407407405 0.05520833333333333 0.13148148148148148