13 0.8822916666666667 0.3699074074074074 0.22708333333333333 0.5064814814814815
13 0.9895833333333334 0.4337962962962963 0.019791666666666666 0.5398148148148149
4 0.7921875 0.6189814814814815 0.3697916666666667 0.6416666666666667
7 0.34609375 0.3958333333333333 0.0421875 0.23055555555555557
7 0.23645833333333333 0.3125 0.0375 0.06388888888888888
7 0.32708333333333334 0.3236111111111111 0.015625 0.03425925925925926
6 0.45703125 0.6333333333333333 0.19947916666666668 0.35555555555555557
8 0.43854166666666666 0.5564814814814815 0.12083333333333333 0.3685185185185185
1 0.19166666666666668 0.6675925925925926 0.38333333333333336 0.662962962962963
8 0.86484375 0.27175925925925926 0.044270833333333336 0.11944444444444445
8 0.9588541666666667 0.2652777777777778 0.05625 0.13055555555555556