6 0.09583333333333334 0.8273148148148148 0.190625 0.3435185185185185
6 0.24921875 0.7314814814814815 0.15677083333333333 0.362962962962963
7 0.39401041666666664 0.5606481481481481 0.03802083333333333 0.16203703703703703
6 0.4231770833333333 0.5976851851851852 0.034895833333333334 0.1287037037037037
6 0.50234375 0.5527777777777778 0.013020833333333334 0.040740740740740744
7 0.5114583333333333 0.5537037037037037 0.0125 0.07777777777777778
7 0.51953125 0.5518518518518518 0.009895833333333333 0.05740740740740741
7 0.5283854166666667 0.5518518518518518 0.015104166666666667 0.08148148148148149
7 0.534375 0.5347222222222222 0.005208333333333333 0.032407407407407406
6 0.5481770833333334 0.5398148148148149 0.008854166666666666 0.025925925925925925
8 0.5481770833333334 0.5324074074074074 0.009895833333333333 0.03148148148148148
1 0.5723958333333333 0.549074074074074 0.0125 0.07407407407407407
6 0.6567708333333333 0.5583333333333333 0.023958333333333335 0.05925925925925926
6 0.6799479166666667 0.5787037037037037 0.04010416666666667 0.05555555555555555
6 0.70546875 0.6032407407407407 0.050520833333333334 0.0787037037037037
8 0.7036458333333333 0.5824074074074074 0.0375 0.1111111111111111
1 0.6140625 0.5912037037037037 0.08229166666666667 0.175
6 0.6013020833333333 0.674537037037037 0.06927083333333334 0.18055555555555555
8 0.5768229166666666 0.6185185185185185 0.0234375 0.17777777777777778
8 0.5997395833333333 0.6212962962962963 0.05677083333333333 0.19444444444444445
4 0.825 0.7240740740740741 0.3458333333333333 0.5462962962962963
7 0.6583333333333333 0.35138888888888886 0.009375 0.025
7 0.7919270833333333 0.5171296296296296 0.028645833333333332 0.07685185185185185
7 0.68984375 0.29444444444444445 0.008854166666666666 0.016666666666666666
7 0.6864583333333333 0.3106481481481482 0.009375 0.04351851851851852