14 0.05 0.5967592592592592 0.1 0.30462962962962964
7 0.09947916666666666 0.6527777777777778 0.051041666666666666 0.25
7 0.01875 0.7282407407407407 0.034375 0.325
7 0.05677083333333333 0.7828703703703703 0.09166666666666666 0.4287037037037037
6 0.20494791666666667 0.8421296296296297 0.1921875 0.3138888888888889
8 0.23828125 0.7805555555555556 0.09010416666666667 0.42777777777777776
8 0.17916666666666667 0.7606481481481482 0.14270833333333333 0.4564814814814815
1 0.253125 0.5953703703703703 0.07604166666666666 0.1685185185185185
1 0.35494791666666664 0.6893518518518519 0.1734375 0.3712962962962963
3 0.49296875 0.5069444444444444 0.16197916666666667 0.33796296296296297
6 0.525 0.8046296296296296 0.10208333333333333 0.2814814814814815
6 0.6015625 0.6916666666666667 0.0625 0.21666666666666667
8 0.5216145833333333 0.6643518518518519 0.10364583333333334 0.2638888888888889
8 0.5182291666666666 0.7407407407407407 0.11145833333333334 0.40370370370370373
8 0.6125 0.6587962962962963 0.07395833333333333 0.24166666666666667
8 0.5942708333333333 0.6583333333333333 0.058333333333333334 0.2222222222222222
6 0.57421875 0.6013888888888889 0.008854166666666666 0.06388888888888888
8 0.5736979166666667 0.5509259259259259 0.0109375 0.04814814814814815
4 0.62578125 0.5824074074074074 0.0703125 0.10740740740740741
4 0.6541666666666667 0.5550925925925926 0.057291666666666664 0.07685185185185185
7 0.6455729166666667 0.5462962962962963 0.0109375 0.03333333333333333
7 0.69375 0.5402777777777777 0.0125 0.030555555555555555
6 0.7104166666666667 0.5787037037037037 0.028125 0.07592592592592592
6 0.7291666666666666 0.5949074074074074 0.019791666666666666 0.05462962962962963
13 0.8252604166666667 0.5837962962962963 0.17447916666666666 0.225
7 0.9140625 0.6013888888888889 0.013541666666666667 0.12129629629629629
7 0.9291666666666667 0.5513888888888889 0.013541666666666667 0.026851851851851852
7 0.984375 0.5898148148148148 0.008333333333333333 0.06851851851851852
8 0.9466145833333334 0.6625 0.06302083333333333 0.2638888888888889
6 0.9424479166666667 0.7092592592592593 0.09635416666666667 0.21851851851851853
7 0.9890625 0.5958333333333333 0.015625 0.09722222222222222