10 0.38515625 0.28194444444444444 0.022395833333333334 0.05092592592592592
6 0.3143229166666667 0.4708333333333333 0.0265625 0.06018518518518518
1 0.05390625 0.43148148148148147 0.027604166666666666 0.11481481481481481
1 0.029166666666666667 0.4546296296296296 0.058333333333333334 0.17037037037037037
8 0.15130208333333334 0.3958333333333333 0.0171875 0.028703703703703703
4 0.13385416666666666 0.47453703703703703 0.109375 0.1527777777777778
6 0.19036458333333334 0.5375 0.0828125 0.1527777777777778
8 0.196875 0.4935185185185185 0.05625 0.18888888888888888
1 0.359375 0.5152777777777777 0.0875 0.20462962962962963
7 0.06875 0.48518518518518516 0.03958333333333333 0.24259259259259258
13 0.6536458333333334 0.5532407407407407 0.528125 0.7694444444444445
0 0.63203125 0.9495370370370371 0.2046875 0.09537037037037037
7 0.04401041666666667 0.3486111111111111 0.011979166666666667 0.03611111111111111