4 0.5096354166666667 0.5694444444444444 0.0067708333333333336 0.009259259259259259
14 0.5138020833333333 0.5689814814814815 0.005729166666666666 0.006481481481481481
14 0.5190104166666667 0.5717592592592593 0.005729166666666666 0.012037037037037037
4 0.5346354166666667 0.5740740740740741 0.005729166666666666 0.016666666666666666
6 0.5059895833333333 0.5787037037037037 0.005729166666666666 0.014814814814814815
6 0.5002604166666667 0.5824074074074074 0.009895833333333333 0.020370370370370372
6 0.53046875 0.5805555555555556 0.0067708333333333336 0.016666666666666666
6 0.525 0.5814814814814815 0.008333333333333333 0.018518518518518517
8 0.5065104166666666 0.5712962962962963 0.005729166666666666 0.014814814814814815
8 0.5002604166666667 0.5703703703703704 0.0078125 0.018518518518518517
8 0.53046875 0.5694444444444444 0.0067708333333333336 0.016666666666666666
8 0.5244791666666667 0.5731481481481482 0.008333333333333333 0.027777777777777776
10 0.4783854166666667 0.5564814814814815 0.008854166666666666 0.014814814814814815
10 0.46536458333333336 0.5527777777777778 0.013020833333333334 0.011111111111111112
13 0.390625 0.5162037037037037 0.09270833333333334 0.2101851851851852
13 0.18697916666666667 0.5083333333333333 0.35520833333333335 0.5314814814814814
6 0.6432291666666666 0.586574074074074 0.011458333333333333 0.030555555555555555
8 0.64296875 0.5796296296296296 0.011979166666666667 0.03148148148148148
13 0.6859375 0.5643518518518519 0.051041666666666666 0.06759259259259259
6 0.67265625 0.5893518518518519 0.0109375 0.03425925925925926
8 0.6716145833333333 0.5800925925925926 0.013020833333333334 0.032407407407407406
13 0.8513020833333333 0.5842592592592593 0.1046875 0.11666666666666667
13 0.8020833333333334 0.5949074074074074 0.078125 0.10277777777777777
6 0.9419270833333333 0.6328703703703704 0.04010416666666667 0.06388888888888888
8 0.9356770833333333 0.611574074074074 0.022395833333333334 0.08981481481481482
6 0.959375 0.8416666666666667 0.08020833333333334 0.31296296296296294
8 0.9752604166666666 0.8185185185185185 0.0484375 0.18888888888888888
8 0.9833333333333333 0.9486111111111111 0.030208333333333334 0.09722222222222222
14 0.4544270833333333 0.5685185185185185 0.013020833333333334 0.037037037037037035