6 0.02265625 0.4101851851851852 0.011979166666666667 0.014814814814814815
8 0.02265625 0.4 0.0109375 0.024074074074074074
6 0.07864583333333333 0.41712962962962963 0.011458333333333333 0.012037037037037037
8 0.07630208333333334 0.4023148148148148 0.0078125 0.019444444444444445
6 0.09713541666666667 0.42592592592592593 0.011979166666666667 0.02962962962962963
7 0.11979166666666667 0.4305555555555556 0.009375 0.046296296296296294
7 0.12708333333333333 0.4287037037037037 0.011458333333333333 0.05555555555555555
6 0.16171875 0.4513888888888889 0.027604166666666666 0.04537037037037037
8 0.15729166666666666 0.43796296296296294 0.016666666666666666 0.05555555555555555
8 0.24140625 0.43425925925925923 0.024479166666666666 0.03333333333333333
6 0.21380208333333334 0.4666666666666667 0.0421875 0.04814814814814815
8 0.21354166666666666 0.45092592592592595 0.027083333333333334 0.06851851851851852
7 0.3802083333333333 0.4513888888888889 0.011458333333333333 0.062037037037037036
7 0.36953125 0.4236111111111111 0.008854166666666666 0.025
7 0.359375 0.44212962962962965 0.0125 0.049074074074074076
7 0.36770833333333336 0.4564814814814815 0.01875 0.08333333333333333
1 0.8703125 0.5106481481481482 0.023958333333333335 0.023148148148148147
1 0.8169270833333333 0.5143518518518518 0.04635416666666667 0.05648148148148148
8 0.76015625 0.49907407407407406 0.011979166666666667 0.016666666666666666
6 0.7486979166666666 0.5101851851851852 0.008854166666666666 0.018518518518518517
6 0.7403645833333333 0.5185185185185185 0.011979166666666667 0.040740740740740744
6 0.728125 0.5259259259259259 0.023958333333333335 0.05
6 0.7190104166666667 0.5203703703703704 0.025520833333333333 0.05740740740740741
6 0.7106770833333333 0.5236111111111111 0.022395833333333334 0.04722222222222222
6 0.6966145833333334 0.524537037037037 0.0234375 0.04722222222222222
6 0.6776041666666667 0.5208333333333334 0.04375 0.058333333333333334
7 0.68515625 0.4699074074074074 0.011979166666666667 0.04722222222222222
7 0.6765625 0.4703703703703704 0.009375 0.05185185185185185
4 0.8846354166666667 0.537962962962963 0.04739583333333333 0.06851851851851852
4 0.78359375 0.5537037037037037 0.0921875 0.11296296296296296
6 0.8369791666666667 0.5699074074074074 0.09375 0.12314814814814815
6 0.9533854166666667 0.5773148148148148 0.0671875 0.08981481481481482
8 0.9606770833333333 0.5555555555555556 0.027604166666666666 0.15555555555555556
13 0.9911458333333333 0.5356481481481481 0.016666666666666666 0.2657407407407407
7 0.6122395833333333 0.4837962962962963 0.011979166666666667 0.04537037037037037
6 0.6010416666666667 0.5194444444444445 0.03333333333333333 0.06111111111111111
6 0.58203125 0.5087962962962963 0.033854166666666664 0.06018518518518518
6 0.5651041666666666 0.5208333333333334 0.03333333333333333 0.062037037037037036
6 0.5536458333333333 0.5305555555555556 0.03854166666666667 0.05740740740740741
4 0.05234375 0.4060185185185185 0.04635416666666667 0.032407407407407406
4 0.06744791666666666 0.5092592592592593 0.13489583333333333 0.18888888888888888
4 0.41692708333333334 0.7226851851851852 0.8182291666666667 0.5527777777777778
7 0.90078125 0.5291666666666667 0.0109375 0.026851851851851852
14 0.009635416666666667 0.399537037037037 0.0171875 0.030555555555555555