4 0.15833333333333333 0.5365740740740741 0.14270833333333333 0.0787037037037037
7 0.06354166666666666 0.5291666666666667 0.017708333333333333 0.030555555555555555
4 0.08411458333333334 0.6962962962962963 0.1671875 0.3037037037037037
6 0.19713541666666667 0.7814814814814814 0.14739583333333334 0.31666666666666665
7 0.246875 0.6083333333333333 0.030208333333333334 0.12222222222222222
8 0.19192708333333333 0.6851851851851852 0.09010416666666667 0.31666666666666665
8 0.23125 0.7333333333333333 0.065625 0.362962962962963
1 0.3671875 0.6675925925925926 0.15104166666666666 0.3388888888888889
3 0.49270833333333336 0.5023148148148148 0.175 0.3527777777777778
3 0.6697916666666667 0.5217592592592593 0.18020833333333333 0.2361111111111111
6 0.5291666666666667 0.6685185185185185 0.04791666666666667 0.18333333333333332
6 0.6239583333333333 0.6893518518518519 0.034375 0.1175925925925926
6 0.5901041666666667 0.7597222222222222 0.07916666666666666 0.24351851851851852
8 0.6205729166666667 0.6435185185185185 0.0515625 0.24074074074074073
8 0.5971354166666667 0.6805555555555556 0.0953125 0.31851851851851853
6 0.7729166666666667 0.5685185185185185 0.03229166666666667 0.04259259259259259
6 0.7828125 0.5708333333333333 0.03125 0.05277777777777778
6 0.8098958333333334 0.5791666666666667 0.042708333333333334 0.062037037037037036
6 0.82421875 0.5851851851851851 0.04010416666666667 0.06851851851851852
6 0.8481770833333333 0.5703703703703704 0.04739583333333333 0.04814814814814815
7 0.7778645833333333 0.5328703703703703 0.0078125 0.026851851851851852
7 0.78828125 0.5300925925925926 0.009895833333333333 0.030555555555555555
7 0.7981770833333334 0.5421296296296296 0.009895833333333333 0.04351851851851852
7 0.8372395833333334 0.5328703703703703 0.0109375 0.04351851851851852
7 0.8578125 0.5356481481481481 0.009375 0.030555555555555555
7 0.8328125 0.5393518518518519 0.009375 0.03796296296296296
6 0.9229166666666667 0.6240740740740741 0.029166666666666667 0.07222222222222222
8 0.9338541666666667 0.5634259259259259 0.014583333333333334 0.06018518518518518
7 0.9401041666666666 0.600462962962963 0.015625 0.12685185185185185
8 0.53046875 0.6092592592592593 0.058854166666666666 0.16296296296296298
8 0.528125 0.6328703703703704 0.06041666666666667 0.19166666666666668