3 0.19348958333333333 0.5393518518518519 0.38697916666666665 0.6601851851851852
4 0.43255208333333334 0.5361111111111111 0.009895833333333333 0.022222222222222223
3 0.4578125 0.5259259259259259 0.04479166666666667 0.10740740740740741
4 0.45546875 0.5634259259259259 0.028645833333333332 0.08425925925925926
1 0.5161458333333333 0.6162037037037037 0.12395833333333334 0.24166666666666667
3 0.4127604166666667 0.5263888888888889 0.033854166666666664 0.0712962962962963
4 0.40130208333333334 0.5402777777777777 0.028645833333333332 0.041666666666666664
4 0.3984375 0.5981481481481481 0.04479166666666667 0.10185185185185185
1 0.3966145833333333 0.5518518518518518 0.03802083333333333 0.046296296296296294
4 0.6109375 0.5694444444444444 0.034375 0.05925925925925926
4 0.6026041666666667 0.5777777777777777 0.04791666666666667 0.06851851851851852
8 0.6247395833333333 0.5518518518518518 0.011979166666666667 0.018518518518518517
6 0.6354166666666666 0.5833333333333334 0.025 0.053703703703703705
8 0.6294270833333333 0.5671296296296297 0.013020833333333334 0.05462962962962963
8 0.6377604166666667 0.5564814814814815 0.011979166666666667 0.03333333333333333
13 0.68203125 0.5574074074074075 0.04635416666666667 0.06481481481481481
6 0.6958333333333333 0.5837962962962963 0.025 0.058333333333333334
8 0.6919270833333333 0.5703703703703704 0.0171875 0.06111111111111111
1 0.72578125 0.5638888888888889 0.03177083333333333 0.05185185185185185
4 0.7651041666666667 0.5796296296296296 0.06770833333333333 0.06851851851851852
6 0.77890625 0.6314814814814815 0.0484375 0.09444444444444444
8 0.7755208333333333 0.5930555555555556 0.03229166666666667 0.11944444444444445
6 0.84296875 0.5796296296296296 0.025520833333333333 0.040740740740740744
8 0.8424479166666666 0.5662037037037037 0.013020833333333334 0.05462962962962963
7 0.95 0.5657407407407408 0.014583333333333334 0.06851851851851852
8 0.8356770833333333 0.5643518518518519 0.008854166666666666 0.04722222222222222
6 0.8997395833333334 0.5699074074074074 0.025520833333333333 0.021296296296296296
4 0.43203125 0.5236111111111111 0.008854166666666666 0.002777777777777778
4 0.5822916666666667 0.5458333333333333 0.008333333333333333 0.006481481481481481
14 0.6026041666666667 0.5398148148148149 0.013541666666666667 0.011111111111111112
14 0.58671875 0.5402777777777777 0.013020833333333334 0.008333333333333333