14 0.6221354166666667 0.5180555555555556 0.005729166666666666 0.010185185185185186
14 0.6260416666666667 0.5268518518518519 0.005208333333333333 0.007407407407407408
6 0.6229166666666667 0.5296296296296297 0.003125 0.005555555555555556
8 0.62265625 0.5259259259259259 0.0036458333333333334 0.009259259259259259
6 0.64140625 0.5453703703703704 0.0067708333333333336 0.020370370370370372
4 0.65703125 0.5518518518518518 0.030729166666666665 0.03888888888888889
10 0.80625 0.5055555555555555 0.0125 0.025925925925925925
6 0.9635416666666666 0.6023148148148149 0.046875 0.08055555555555556
8 0.9497395833333333 0.5782407407407407 0.016145833333333335 0.08611111111111111
8 0.9640625 0.5740740740740741 0.03125 0.09074074074074075
4 0.8747395833333333 0.5907407407407408 0.12760416666666666 0.11666666666666667
6 0.9611979166666667 0.8319444444444445 0.0765625 0.3101851851851852
8 0.9671875 0.8287037037037037 0.06354166666666666 0.32592592592592595
6 0.5484375 0.5393518518518519 0.005208333333333333 0.006481481481481481
8 0.5489583333333333 0.5328703703703703 0.005208333333333333 0.012037037037037037
4 0.5580729166666667 0.5472222222222223 0.0234375 0.03518518518518519
6 0.52734375 0.5527777777777778 0.0046875 0.018518518518518517
8 0.5291666666666667 0.537962962962963 0.007291666666666667 0.016666666666666666
6 0.5328125 0.5601851851851852 0.013541666666666667 0.040740740740740744
8 0.5330729166666667 0.5518518518518518 0.0140625 0.03888888888888889
6 0.509375 0.5606481481481481 0.011458333333333333 0.032407407407407406
8 0.5098958333333333 0.5513888888888889 0.011458333333333333 0.03981481481481482
6 0.2921875 0.5944444444444444 0.030208333333333334 0.07037037037037037
6 0.18307291666666667 0.5875 0.03802083333333333 0.09907407407407408
6 0.12864583333333332 0.575925925925926 0.019791666666666666 0.02962962962962963
6 0.10755208333333334 0.5962962962962963 0.05677083333333333 0.10555555555555556
6 0.7432291666666667 0.8115740740740741 0.15104166666666666 0.375
10 0.6169270833333333 0.5 0.018229166666666668 0.025925925925925925
8 0.6411458333333333 0.5388888888888889 0.005208333333333333 0.018518518518518517
8 0.73671875 0.7092592592592593 0.12552083333333333 0.38333333333333336