7 0.44583333333333336 0.4597222222222222 0.017708333333333333 0.10462962962962963
6 0.35182291666666665 0.4527777777777778 0.0234375 0.08518518518518518
7 0.34010416666666665 0.45185185185185184 0.016666666666666666 0.11666666666666667
7 0.33177083333333335 0.46574074074074073 0.020833333333333332 0.11296296296296296
6 0.26458333333333334 0.44907407407407407 0.0125 0.08148148148148149
7 0.25052083333333336 0.47453703703703703 0.023958333333333335 0.06018518518518518
1 0.06510416666666667 0.4115740740740741 0.05 0.08425925925925926
6 0.07317708333333334 0.44212962962962965 0.018229166666666668 0.0787037037037037
8 0.07760416666666667 0.4115740740740741 0.013541666666666667 0.06944444444444445
1 0.12994791666666666 0.4699074074074074 0.1171875 0.19537037037037036
1 0.19322916666666667 0.41898148148148145 0.0875 0.17314814814814813
7 0.29244791666666664 0.5273148148148148 0.06302083333333333 0.3787037037037037
7 0.42578125 0.5097222222222222 0.04010416666666667 0.1935185185185185
7 0.39557291666666666 0.44722222222222224 0.04114583333333333 0.09259259259259259
6 0.3807291666666667 0.5638888888888889 0.09791666666666667 0.18518518518518517
8 0.36953125 0.5148148148148148 0.033854166666666664 0.17592592592592593
13 0.6247395833333333 0.49537037037037035 0.25885416666666666 0.3333333333333333
7 0.6861979166666666 0.5805555555555556 0.05364583333333333 0.2222222222222222
6 0.6484375 0.6361111111111111 0.115625 0.2111111111111111
8 0.6119791666666666 0.5439814814814815 0.04791666666666667 0.18425925925925926
6 0.9921875 0.5467592592592593 0.013541666666666667 0.049074074074074076
7 0.9872395833333333 0.5314814814814814 0.013020833333333334 0.05925925925925926
6 0.9395833333333333 0.5625 0.017708333333333333 0.06018518518518518
7 0.8979166666666667 0.5861111111111111 0.03854166666666667 0.16296296296296298
7 0.9184895833333333 0.6078703703703704 0.03802083333333333 0.19166666666666668
6 0.9596354166666666 0.8314814814814815 0.07760416666666667 0.2351851851851852
8 0.96640625 0.6259259259259259 0.06510416666666667 0.2574074074074074
6 0.56640625 0.6930555555555555 0.20885416666666667 0.3101851851851852
8 0.5416666666666666 0.5847222222222223 0.084375 0.33611111111111114
1 0.019270833333333334 0.42777777777777776 0.03854166666666667 0.13333333333333333