13 0.14114583333333333 0.49953703703703706 0.28229166666666666 0.9990740740740741
4 0.296875 0.475 0.03958333333333333 0.053703703703703705
7 0.3411458333333333 0.44166666666666665 0.013541666666666667 0.02962962962962963
7 0.35260416666666666 0.4361111111111111 0.008333333333333333 0.022222222222222223
8 0.33984375 0.44814814814814813 0.011979166666666667 0.014814814814814815
7 0.37890625 0.4300925925925926 0.0078125 0.021296296296296296
7 0.38671875 0.42962962962962964 0.009895833333333333 0.020370370370370372
13 0.41041666666666665 0.42083333333333334 0.034375 0.03796296296296296
13 0.47213541666666664 0.43425925925925923 0.1234375 0.23148148148148148
3 0.5416666666666666 0.4185185185185185 0.025 0.02962962962962963
4 0.37161458333333336 0.5597222222222222 0.20260416666666667 0.24537037037037038
1 0.5661458333333333 0.4236111111111111 0.008333333333333333 0.023148148148148147
4 0.5408854166666667 0.5736111111111111 0.17760416666666667 0.30833333333333335
13 0.6236979166666666 0.43472222222222223 0.07552083333333333 0.19537037037037036
1 0.6916666666666667 0.49398148148148147 0.07708333333333334 0.175
13 0.8666666666666667 0.5203703703703704 0.2625 0.4074074074074074
13 0.7541666666666667 0.41203703703703703 0.0375 0.05
6 0.7341145833333333 0.45416666666666666 0.015104166666666667 0.03611111111111111
8 0.7322916666666667 0.4356481481481482 0.011458333333333333 0.025
13 0.6692708333333334 0.4013888888888889 0.0125 0.017592592592592594
14 0.66484375 0.40324074074074073 0.0078125 0.010185185185185186