4 0.007552083333333333 0.5504629629629629 0.0140625 0.10462962962962963
6 0.07135416666666666 0.8314814814814815 0.14270833333333333 0.3351851851851852
8 0.0859375 0.7754629629629629 0.09583333333333334 0.44537037037037036
8 0.049479166666666664 0.7398148148148148 0.09895833333333333 0.42592592592592593
4 0.19244791666666666 0.6425925925925926 0.2046875 0.3111111111111111
1 0.29270833333333335 0.7453703703703703 0.2520833333333333 0.5
3 0.49765625 0.49212962962962964 0.22864583333333333 0.43796296296296294
13 0.6606770833333333 0.5046296296296297 0.1078125 0.22037037037037038
14 0.725 0.5513888888888889 0.020833333333333332 0.1175925925925926
7 0.7416666666666667 0.5680555555555555 0.014583333333333334 0.08796296296296297
7 0.75546875 0.5717592592592593 0.013020833333333334 0.08611111111111111
1 0.796875 0.5662037037037037 0.07291666666666667 0.13425925925925927
6 0.87265625 0.5856481481481481 0.0421875 0.07314814814814814
6 0.5369791666666667 0.737037037037037 0.07395833333333333 0.25
6 0.6247395833333333 0.6935185185185185 0.06302083333333333 0.21296296296296297
6 0.6776041666666667 0.8282407407407407 0.12395833333333334 0.33425925925925926
6 0.46901041666666665 0.8393518518518519 0.13385416666666666 0.3138888888888889
7 0.8729166666666667 0.5430555555555555 0.010416666666666666 0.05092592592592592
6 0.83359375 0.6351851851851852 0.058854166666666666 0.1537037037037037
6 0.9291666666666667 0.6032407407407407 0.04375 0.08611111111111111
6 0.9583333333333334 0.6078703703703704 0.046875 0.09351851851851851
6 0.98671875 0.6185185185185185 0.024479166666666666 0.08148148148148149
7 0.91015625 0.5351851851851852 0.019270833333333334 0.05
7 0.940625 0.5370370370370371 0.0125 0.05
7 0.9510416666666667 0.5472222222222223 0.016666666666666666 0.06111111111111111
7 0.9692708333333333 0.5462962962962963 0.017708333333333333 0.06481481481481481
7 0.9841145833333333 0.5430555555555555 0.011979166666666667 0.06759259259259259
8 0.6309895833333333 0.5912037037037037 0.059895833333333336 0.13796296296296295
8 0.67890625 0.7601851851851852 0.13802083333333334 0.4722222222222222
8 0.5403645833333334 0.7018518518518518 0.0796875 0.32592592592592595
8 0.53046875 0.6361111111111111 0.05677083333333333 0.17777777777777778
8 0.4791666666666667 0.7625 0.140625 0.46944444444444444
8 0.4546875 0.7726851851851851 0.16458333333333333 0.45092592592592595
8 0.8348958333333333 0.5976851851851852 0.05520833333333333 0.16018518518518518