7 0.5859375 0.37175925925925923 0.040625 0.04537037037037037
10 0.8138020833333334 0.25092592592592594 0.018229166666666668 0.044444444444444446
7 0.8927083333333333 0.3662037037037037 0.009375 0.021296296296296296
13 0.9890625 0.36944444444444446 0.020833333333333332 0.09259259259259259
8 0.9901041666666667 0.4009259259259259 0.01875 0.05185185185185185
4 0.9888020833333333 0.47685185185185186 0.021354166666666667 0.14814814814814814
6 0.8744791666666667 0.5 0.04895833333333333 0.11666666666666667
8 0.8786458333333333 0.44351851851851853 0.03958333333333333 0.14814814814814814
6 0.78828125 0.5277777777777778 0.043229166666666666 0.09074074074074075
8 0.7796875 0.4513888888888889 0.057291666666666664 0.12314814814814815
6 0.7442708333333333 0.7300925925925926 0.18958333333333333 0.44351851851851853
8 0.759375 0.6018518518518519 0.14375 0.45555555555555555
6 0.6080729166666666 0.6111111111111112 0.1265625 0.26481481481481484
8 0.61953125 0.5175925925925926 0.0859375 0.26666666666666666
7 0.5299479166666666 0.5449074074074074 0.06197916666666667 0.3416666666666667