4 0.025 0.39166666666666666 0.04479166666666667 0.046296296296296294
4 0.021614583333333333 0.40185185185185185 0.03802083333333333 0.040740740740740744
7 0.007291666666666667 0.3819444444444444 0.009375 0.019444444444444445
4 0.06640625 0.41435185185185186 0.0734375 0.06388888888888888
4 0.07734375 0.45231481481481484 0.0453125 0.10277777777777777
1 0.13177083333333334 0.46111111111111114 0.09166666666666666 0.1537037037037037
4 0.26119791666666664 0.48657407407407405 0.1765625 0.2212962962962963
4 0.44609375 0.5435185185185185 0.26197916666666665 0.2462962962962963
6 0.49973958333333335 0.625 0.14739583333333334 0.1648148148148148
6 0.6044270833333333 0.6504629629629629 0.10885416666666667 0.18055555555555555
6 0.6330729166666667 0.6638888888888889 0.09322916666666667 0.2
6 0.7057291666666666 0.6912037037037037 0.09895833333333333 0.24166666666666667
6 0.76796875 0.7199074074074074 0.07135416666666666 0.24722222222222223
6 0.834375 0.736574074074074 0.11458333333333333 0.29907407407407405
6 0.9104166666666667 0.7638888888888888 0.1 0.32222222222222224
6 0.9791666666666666 0.8240740740740741 0.0375 0.31296296296296294
7 0.07239583333333334 0.44814814814814813 0.027083333333333334 0.14444444444444443
6 0.2015625 0.6064814814814815 0.11145833333333334 0.25555555555555554
8 0.20651041666666667 0.5462962962962963 0.07135416666666666 0.2351851851851852
4 0.040625 0.5060185185185185 0.08125 0.2101851851851852
7 0.5106770833333333 0.38055555555555554 0.022395833333333334 0.10740740740740741
7 0.5583333333333333 0.33194444444444443 0.017708333333333333 0.05462962962962963
7 0.46041666666666664 0.44305555555555554 0.015625 0.025