6 0.16770833333333332 0.7046296296296296 0.09375 0.2388888888888889
7 0.021614583333333333 0.7796296296296297 0.043229166666666666 0.4351851851851852
6 0.303125 0.6407407407407407 0.035416666666666666 0.07222222222222222
1 0.24427083333333333 0.6305555555555555 0.09270833333333334 0.2111111111111111
6 0.37161458333333336 0.5675925925925925 0.0109375 0.022222222222222223
6 0.37552083333333336 0.5546296296296296 0.008333333333333333 0.014814814814814815
6 0.36640625 0.5842592592592593 0.0171875 0.027777777777777776
6 0.3567708333333333 0.5773148148148148 0.030208333333333334 0.03796296296296296
7 0.34713541666666664 0.5513888888888889 0.008854166666666666 0.028703703703703703
7 0.3372395833333333 0.5509259259259259 0.008854166666666666 0.03148148148148148
6 0.35494791666666664 0.600462962962963 0.0203125 0.05277777777777778
13 0.40390625 0.5393518518518519 0.019270833333333334 0.03981481481481482
6 0.39453125 0.5611111111111111 0.008854166666666666 0.022222222222222223
6 0.39114583333333336 0.5726851851851852 0.013541666666666667 0.04537037037037037
13 0.43671875 0.5222222222222223 0.024479166666666666 0.025925925925925925
8 0.4276041666666667 0.5222222222222223 0.004166666666666667 0.016666666666666666
8 0.43203125 0.5222222222222223 0.005729166666666666 0.022222222222222223
8 0.44036458333333334 0.5226851851851851 0.0046875 0.019444444444444445
8 0.446875 0.5231481481481481 0.005208333333333333 0.022222222222222223
8 0.4361979166666667 0.5212962962962963 0.0078125 0.018518518518518517
8 0.44244791666666666 0.5212962962962963 0.0036458333333333334 0.020370370370370372
1 0.41796875 0.5990740740740741 0.050520833333333334 0.13703703703703704
1 0.47760416666666666 0.6282407407407408 0.09375 0.21203703703703702
13 0.5359375 0.5648148148148148 0.04791666666666667 0.10555555555555556
1 0.61640625 0.5935185185185186 0.08489583333333334 0.15
7 0.5705729166666667 0.600925925925926 0.0171875 0.11481481481481481
8 0.5927083333333333 0.6041666666666666 0.030208333333333334 0.125
7 0.6895833333333333 0.5314814814814814 0.013541666666666667 0.044444444444444446
7 0.6796875 0.5583333333333333 0.019791666666666666 0.06666666666666667
6 0.7315104166666667 0.6125 0.07135416666666666 0.08796296296296297
6 0.8059895833333334 0.6046296296296296 0.04010416666666667 0.08148148148148149
6 0.8888020833333333 0.6449074074074074 0.059895833333333336 0.08425925925925926
6 0.8268229166666666 0.6898148148148148 0.07552083333333333 0.15555555555555556
6 0.7614583333333333 0.7310185185185185 0.09166666666666666 0.21944444444444444
6 0.884375 0.7166666666666667 0.153125 0.2111111111111111
6 0.9484375 0.7893518518518519 0.10208333333333333 0.18611111111111112
6 0.47682291666666665 0.7662037037037037 0.08697916666666666 0.2212962962962963
8 0.46197916666666666 0.6759259259259259 0.059375 0.26296296296296295
8 0.4796875 0.6782407407407407 0.07604166666666666 0.27685185185185185