7 0.453125 0.5388888888888889 0.0020833333333333333 0.03333333333333333
3 0.48072916666666665 0.5277777777777778 0.057291666666666664 0.1
4 0.5184895833333333 0.5152777777777777 0.03177083333333333 0.013888888888888888
14 0.5361979166666667 0.5277777777777778 0.019270833333333334 0.022222222222222223
4 0.5385416666666667 0.5439814814814815 0.026041666666666668 0.05092592592592592
7 0.5783854166666667 0.5287037037037037 0.005729166666666666 0.027777777777777776
4 0.5893229166666667 0.5388888888888889 0.027604166666666666 0.04814814814814815
4 0.6036458333333333 0.5439814814814815 0.035416666666666666 0.058333333333333334
4 0.61796875 0.5592592592592592 0.05260416666666667 0.07407407407407407
4 0.5614583333333333 0.5472222222222223 0.04479166666666667 0.07777777777777778
1 0.515625 0.5421296296296296 0.03333333333333333 0.05462962962962963
6 0.5466145833333333 0.5796296296296296 0.019270833333333334 0.053703703703703705
8 0.5447916666666667 0.5592592592592592 0.015625 0.06851851851851852
13 0.43645833333333334 0.5199074074074074 0.019791666666666666 0.041666666666666664
7 0.44427083333333334 0.5476851851851852 0.010416666666666666 0.06574074074074074
4 0.49921875 0.5916666666666667 0.06822916666666666 0.10555555555555556
6 0.67890625 0.5634259259259259 0.027604166666666666 0.06574074074074074
8 0.6802083333333333 0.5481481481481482 0.01875 0.06666666666666667
4 0.6942708333333333 0.5569444444444445 0.04895833333333333 0.06944444444444445
8 0.7859375 0.5310185185185186 0.015625 0.023148148148148147
4 0.7528645833333333 0.6351851851851852 0.17552083333333332 0.20925925925925926
4 0.9268229166666667 0.5745370370370371 0.1453125 0.21574074074074073
8 0.98828125 0.6060185185185185 0.0203125 0.20277777777777778
6 0.9065104166666667 0.8810185185185185 0.1546875 0.23425925925925925
8 0.9190104166666667 0.8037037037037037 0.1609375 0.3907407407407407
7 0.4010416666666667 0.5467592592592593 0.011458333333333333 0.06018518518518518
1 0.41901041666666666 0.5504629629629629 0.03697916666666667 0.062037037037037036
7 0.39401041666666664 0.5342592592592592 0.0109375 0.044444444444444446
4 0.38229166666666664 0.5518518518518518 0.034375 0.06481481481481481
1 0.3580729166666667 0.562037037037037 0.0453125 0.08703703703703704
1 0.33307291666666666 0.5925925925925926 0.0765625 0.12777777777777777
7 0.30442708333333335 0.5430555555555555 0.0171875 0.058333333333333334
6 0.29192708333333334 0.5550925925925926 0.016145833333333335 0.04351851851851852
6 0.28151041666666665 0.5611111111111111 0.025520833333333333 0.046296296296296294
6 0.25885416666666666 0.5527777777777778 0.03229166666666667 0.05740740740740741
6 0.23723958333333334 0.5537037037037037 0.044270833333333336 0.06111111111111111
7 0.28098958333333335 0.5425925925925926 0.011979166666666667 0.05185185185185185
7 0.23125 0.5597222222222222 0.025 0.10462962962962963
6 0.19322916666666667 0.5740740740740741 0.071875 0.1
8 0.18619791666666666 0.5717592592592593 0.021354166666666667 0.10092592592592593
6 0.03307291666666667 0.6699074074074074 0.0640625 0.1527777777777778
6 0.032552083333333336 0.8078703703703703 0.0640625 0.25833333333333336
8 0.03619791666666667 0.6467592592592593 0.04739583333333333 0.19907407407407407
8 0.015104166666666667 0.7157407407407408 0.028125 0.02962962962962963
4 0.43645833333333334 0.5314814814814814 0.013541666666666667 0.03518518518518519
10 0.42552083333333335 0.4393518518518518 0.04479166666666667 0.017592592592592594