3 0.015364583333333333 0.3648148148148148 0.0296875 0.06851851851851852
3 0.05026041666666667 0.3685185185185185 0.049479166666666664 0.07037037037037037
4 0.033854166666666664 0.39444444444444443 0.051041666666666666 0.07037037037037037
4 0.13489583333333333 0.41064814814814815 0.03958333333333333 0.0787037037037037
4 0.09401041666666667 0.425462962962963 0.09635416666666667 0.1175925925925926
4 0.23255208333333333 0.425462962962963 0.06302083333333333 0.06388888888888888
4 0.2942708333333333 0.4041666666666667 0.05520833333333333 0.05092592592592592
4 0.33645833333333336 0.4791666666666667 0.08854166666666667 0.15092592592592594
4 0.44635416666666666 0.562962962962963 0.28958333333333336 0.3074074074074074
4 0.61484375 0.45925925925925926 0.0296875 0.044444444444444446
4 0.5888020833333333 0.4652777777777778 0.0546875 0.06018518518518518
1 0.64609375 0.46574074074074073 0.0171875 0.05555555555555555
1 0.6708333333333333 0.4726851851851852 0.046875 0.05462962962962963
4 0.8177083333333334 0.5138888888888888 0.051041666666666666 0.06481481481481481
4 0.8596354166666667 0.5152777777777777 0.05572916666666667 0.062037037037037036
4 0.90234375 0.6365740740740741 0.19010416666666666 0.27685185185185185