4 0.8161458333333333 0.39444444444444443 0.05520833333333333 0.07407407407407407
4 0.8541666666666666 0.4027777777777778 0.05 0.09814814814814815
13 0.6986979166666667 0.38101851851851853 0.0859375 0.2638888888888889
13 0.93671875 0.4078703703703704 0.12552083333333333 0.45092592592592595
13 0.4674479166666667 0.35694444444444445 0.4744791666666667 0.7138888888888889
7 0.07916666666666666 0.687962962962963 0.10729166666666666 0.37962962962962965
14 0.017708333333333333 0.26342592592592595 0.035416666666666666 0.028703703703703703
3 0.13255208333333332 0.24212962962962964 0.2109375 0.08796296296296297
7 0.271875 0.6037037037037037 0.08333333333333333 0.39814814814814814
7 0.4513020833333333 0.6111111111111112 0.0703125 0.42407407407407405
7 0.5875 0.5425925925925926 0.0875 0.4074074074074074
8 0.38255208333333335 0.3472222222222222 0.0734375 0.2833333333333333