6 0.5302083333333333 0.3912037037037037 0.003125 0.008333333333333333
8 0.5296875 0.38657407407407407 0.0020833333333333333 0.006481481481481481
6 0.52734375 0.3912037037037037 0.0026041666666666665 0.008333333333333333
8 0.52734375 0.3861111111111111 0.0026041666666666665 0.005555555555555556
14 0.525 0.38796296296296295 0.003125 0.011111111111111112
1 0.5364583333333334 0.39351851851851855 0.011458333333333333 0.025925925925925925
13 0.5356770833333333 0.37916666666666665 0.0078125 0.004629629629629629
4 0.5416666666666666 0.3875 0.003125 0.008333333333333333
4 0.5458333333333333 0.3912037037037037 0.008333333333333333 0.017592592592592594
4 0.55 0.39305555555555555 0.013541666666666667 0.019444444444444445
8 0.5630208333333333 0.3925925925925926 0.005208333333333333 0.025925925925925925
2 0.565625 0.40046296296296297 0.007291666666666667 0.025
6 0.5822916666666667 0.3800925925925926 0.00625 0.017592592592592594
7 0.5864583333333333 0.38287037037037036 0.005208333333333333 0.030555555555555555
7 0.5953125 0.3925925925925926 0.009375 0.03888888888888889
6 0.6080729166666666 0.44166666666666665 0.024479166666666666 0.05555555555555555
8 0.6080729166666666 0.4185185185185185 0.0203125 0.06666666666666667
7 0.6197916666666666 0.40694444444444444 0.014583333333333334 0.06574074074074074
6 0.8088541666666667 0.5763888888888888 0.11145833333333334 0.2490740740740741
8 0.7986979166666667 0.525 0.050520833333333334 0.2462962962962963
10 0.5372395833333333 0.36018518518518516 0.008854166666666666 0.009259259259259259