6 0.500390625 0.5208333333333334 0.02265625 0.05555555555555555
8 0.49921875 0.5 0.01875 0.07222222222222222
13 0.58984375 0.47708333333333336 0.1125 0.2569444444444444
4 0.772265625 0.5756944444444444 0.13984375 0.19305555555555556
4 0.9078125 0.6159722222222223 0.18125 0.26805555555555555
2 0.934765625 0.7979166666666667 0.12890625 0.32083333333333336
8 0.954296875 0.66875 0.08828125 0.36527777777777776
6 0.46171875 0.5006944444444444 0.0484375 0.034722222222222224
6 0.460546875 0.5111111111111111 0.05078125 0.05555555555555555
6 0.44453125 0.5201388888888889 0.046875 0.06527777777777778
6 0.43203125 0.5256944444444445 0.0578125 0.0763888888888889
6 0.4234375 0.5479166666666667 0.075 0.08194444444444444
6 0.40703125 0.5673611111111111 0.0921875 0.11527777777777778
6 0.39765625 0.5798611111111112 0.0984375 0.12916666666666668
7 0.31640625 0.49166666666666664 0.025 0.11666666666666667
6 0.3578125 0.5958333333333333 0.0984375 0.1527777777777778
6 0.3359375 0.6104166666666667 0.1078125 0.19305555555555556
6 0.252734375 0.5708333333333333 0.03515625 0.09166666666666666
6 0.291796875 0.6659722222222222 0.17109375 0.22361111111111112
6 0.244921875 0.6868055555555556 0.15390625 0.3013888888888889
6 0.165234375 0.7555555555555555 0.23828125 0.375
8 0.16171875 0.7506944444444444 0.0890625 0.48194444444444445
6 0.040234375 0.9180555555555555 0.08046875 0.15833333333333333
7 0.291796875 0.4756944444444444 0.01015625 0.0763888888888889
7 0.521875 0.47708333333333336 0.009375 0.04583333333333333
6 0.5140625 0.4861111111111111 0.0078125 0.025