6 0.21901041666666668 0.3509259259259259 0.034895833333333334 0.05925925925925926
6 0.14661458333333333 0.32546296296296295 0.021354166666666667 0.05092592592592592
7 0.18333333333333332 0.3337962962962963 0.021875 0.08981481481481482
7 0.15677083333333333 0.33425925925925926 0.021875 0.037037037037037035
14 0.3015625 0.36203703703703705 0.06666666666666667 0.1
6 0.12473958333333333 0.3236111111111111 0.022395833333333334 0.049074074074074076
1 0.01328125 0.287962962962963 0.016145833333333335 0.03333333333333333
7 0.022916666666666665 0.27870370370370373 0.005208333333333333 0.014814814814814815
7 0.002864583333333333 0.2800925925925926 0.005729166666666666 0.019444444444444445
1 0.08619791666666667 0.31574074074074077 0.05677083333333333 0.1388888888888889
6 0.0026041666666666665 0.3060185185185185 0.005208333333333333 0.030555555555555555