13 0.14505208333333333 0.287962962962963 0.29010416666666666 0.29814814814814816
13 0.12786458333333334 0.3509259259259259 0.2557291666666667 0.2462962962962963
13 0.4088541666666667 0.35 0.140625 0.12222222222222222
8 0.31171875 0.39537037037037037 0.016145833333333335 0.03148148148148148
8 0.296875 0.4009259259259259 0.015625 0.04259259259259259
13 0.5609375 0.35833333333333334 0.03229166666666667 0.06481481481481481
13 0.6684895833333333 0.35 0.025520833333333333 0.04814814814814815
4 0.5940104166666667 0.39166666666666666 0.021354166666666667 0.05
13 0.6385416666666667 0.39166666666666666 0.07604166666666666 0.09074074074074075
3 0.6309895833333333 0.3648148148148148 0.0796875 0.07037037037037037
4 0.5880208333333333 0.4027777777777778 0.016666666666666666 0.05555555555555555
1 0.5661458333333333 0.4064814814814815 0.03854166666666667 0.07962962962962963
13 0.5119791666666667 0.3958333333333333 0.075 0.18425925925925926
1 0.4361979166666667 0.4726851851851852 0.0984375 0.18055555555555555
4 0.35052083333333334 0.43333333333333335 0.10104166666666667 0.10555555555555556
4 0.3296875 0.5740740740740741 0.15520833333333334 0.3351851851851852
4 0.15729166666666666 0.6925925925925925 0.3125 0.6129629629629629