1 0.313671875 0.5560165975103735 0.04765625 0.06639004149377593
4 0.45390625 0.5477178423236515 0.0640625 0.06431535269709543
8 0.303125 0.549792531120332 0.0265625 0.05394190871369295
6 0.3125 0.5617219917012448 0.0171875 0.032157676348547715
6 0.259375 0.6156639004149378 0.028125 0.08402489626556017
8 0.26640625 0.575207468879668 0.0375 0.07780082987551867
4 0.38203125 0.5964730290456431 0.121875 0.12448132780082988
6 0.30234375 0.7256224066390041 0.090625 0.20643153526970953
8 0.30546875 0.6597510373443983 0.0828125 0.24066390041493776
8 0.1796875 0.5617219917012448 0.025 0.04253112033195021
6 0.178515625 0.6203319502074689 0.04296875 0.09336099585062241
8 0.18046875 0.591804979253112 0.040625 0.09647302904564316
4 0.580859375 0.5860995850622407 0.10859375 0.14937759336099585
14 0.755078125 0.5134854771784232 0.07265625 0.07468879668049792
8 0.8390625 0.5015560165975104 0.0140625 0.046680497925311204
8 0.85234375 0.5093360995850622 0.028125 0.06639004149377593
14 0.925390625 0.5269709543568465 0.05546875 0.06016597510373444
8 0.9609375 0.5238589211618258 0.0171875 0.04564315352697095
4 0.671875 0.6939834024896265 0.3078125 0.33402489626556015
4 0.04375 0.6929460580912863 0.0875 0.24688796680497926