4 0.01953125 0.7462962962962963 0.0390625 0.26481481481481484
3 0.18515625 0.41203703703703703 0.3463541666666667 0.43703703703703706
4 0.3734375 0.45694444444444443 0.04583333333333333 0.07314814814814814
13 0.40598958333333335 0.4185185185185185 0.013020833333333334 0.03888888888888889
3 0.44192708333333336 0.4027777777777778 0.06302083333333333 0.08148148148148149
3 0.8125 0.33611111111111114 0.37395833333333334 0.5
4 0.4979166666666667 0.5037037037037037 0.0375 0.13148148148148148
4 0.44895833333333335 0.5513888888888889 0.12083333333333333 0.2212962962962963
4 0.4231770833333333 0.4550925925925926 0.044270833333333336 0.05648148148148148
6 0.39557291666666666 0.475 0.0109375 0.03888888888888889
8 0.39479166666666665 0.4597222222222222 0.015625 0.062037037037037036
14 0.39296875 0.42685185185185187 0.011979166666666667 0.027777777777777776
14 0.5768229166666666 0.39444444444444443 0.0203125 0.020370370370370372