13 0.48515625 0.36157407407407405 0.0390625 0.0824074074074074
3 0.5515625 0.34074074074074073 0.06458333333333334 0.040740740740740744
1 0.5161458333333333 0.38796296296296295 0.023958333333333335 0.06666666666666667
13 0.5541666666666667 0.38333333333333336 0.06145833333333333 0.08703703703703704
4 0.484375 0.39305555555555555 0.035416666666666666 0.058333333333333334
1 0.47708333333333336 0.40324074074074073 0.023958333333333335 0.0787037037037037
13 0.43984375 0.3976851851851852 0.06927083333333334 0.19166666666666668
13 0.35494791666666664 0.37222222222222223 0.1140625 0.14444444444444443
1 0.36822916666666666 0.45 0.08125 0.13518518518518519
13 0.18046875 0.44537037037037036 0.1890625 0.3314814814814815
13 0.13515625 0.31851851851851853 0.2703125 0.23703703703703705
13 0.028125 0.34953703703703703 0.05625 0.16574074074074074
4 0.35494791666666664 0.5041666666666667 0.05572916666666667 0.21388888888888888
4 0.24244791666666668 0.5740740740740741 0.21927083333333333 0.3685185185185185
4 0.071875 0.5875 0.14375 0.30833333333333335
4 0.50546875 0.38333333333333336 0.009895833333333333 0.03333333333333333