4 0.48203125 0.4648148148148148 0.019270833333333334 0.03888888888888889
6 0.5127604166666667 0.4740740740740741 0.0046875 0.012962962962962963
4 0.534375 0.4652777777777778 0.030208333333333334 0.04537037037037037
8 0.51328125 0.4648148148148148 0.005729166666666666 0.016666666666666666
6 0.5078125 0.4740740740740741 0.005208333333333333 0.016666666666666666
8 0.5088541666666667 0.4685185185185185 0.009375 0.024074074074074074
6 0.5020833333333333 0.47638888888888886 0.010416666666666666 0.017592592592592594
8 0.5015625 0.4675925925925926 0.0125 0.03333333333333333
7 0.5708333333333333 0.4726851851851852 0.011458333333333333 0.03796296296296296
6 0.53984375 0.475462962962963 0.016145833333333335 0.041666666666666664
8 0.5372395833333333 0.4666666666666667 0.015104166666666667 0.05
8 0.53984375 0.4634259259259259 0.016145833333333335 0.041666666666666664
7 0.5770833333333333 0.4708333333333333 0.0125 0.05462962962962963
7 0.5606770833333333 0.46435185185185185 0.0067708333333333336 0.025
6 0.5541666666666667 0.5097222222222222 0.03229166666666667 0.08981481481481482
8 0.5552083333333333 0.4888888888888889 0.028125 0.09259259259259259
6 0.6859375 0.4935185185185185 0.04583333333333333 0.053703703703703705
1 0.6309895833333333 0.55 0.10572916666666667 0.22037037037037038
14 0.4484375 0.475462962962963 0.028125 0.049074074074074076
8 0.4518229166666667 0.45185185185185184 0.009895833333333333 0.020370370370370372
8 0.46510416666666665 0.45 0.008333333333333333 0.016666666666666666
8 0.46796875 0.4486111111111111 0.008854166666666666 0.017592592592592594
2 0.46796875 0.5064814814814815 0.009895833333333333 0.06111111111111111
8 0.4700520833333333 0.4828703703703704 0.019270833333333334 0.08055555555555556
6 0.41328125 0.5009259259259259 0.034895833333333334 0.08333333333333333
6 0.39427083333333335 0.5194444444444445 0.028125 0.08518518518518518
6 0.3734375 0.5203703703703704 0.027083333333333334 0.11851851851851852
6 0.29375 0.5064814814814815 0.03333333333333333 0.0962962962962963
6 0.3190104166666667 0.49907407407407406 0.033854166666666664 0.11666666666666667
7 0.97109375 0.5800925925925926 0.0546875 0.29907407407407405