14 0.442578125 0.4583333333333333 0.01796875 0.019444444444444445
13 0.468359375 0.47847222222222224 0.03359375 0.09027777777777778
4 0.49140625 0.475 0.0125 0.013888888888888888
14 0.508203125 0.47152777777777777 0.02109375 0.015277777777777777
3 0.5421875 0.47152777777777777 0.046875 0.0625
1 0.729296875 0.5263888888888889 0.08359375 0.07777777777777778
7 0.791796875 0.5236111111111111 0.00859375 0.03333333333333333
7 0.79921875 0.5215277777777778 0.00625 0.03194444444444444
7 0.83203125 0.5236111111111111 0.0125 0.041666666666666664
4 0.871484375 0.5361111111111111 0.07890625 0.06111111111111111
6 0.98515625 0.5645833333333333 0.0265625 0.05416666666666667
14 0.419140625 0.4583333333333333 0.01484375 0.022222222222222223
4 0.411328125 0.4791666666666667 0.01640625 0.025
1 0.440234375 0.5152777777777777 0.04296875 0.09722222222222222
4 0.528125 0.5201388888888889 0.0328125 0.08194444444444444
6 0.5515625 0.58125 0.0359375 0.10416666666666667
8 0.55390625 0.5451388888888888 0.034375 0.12638888888888888
6 0.6703125 0.6131944444444445 0.071875 0.1736111111111111
8 0.669140625 0.5583333333333333 0.05078125 0.15
6 0.602734375 0.7041666666666667 0.09140625 0.22777777777777777
8 0.583203125 0.5972222222222222 0.04765625 0.225
8 0.6 0.6118055555555556 0.096875 0.25972222222222224
6 0.50234375 0.6041666666666666 0.053125 0.16944444444444445
8 0.50390625 0.5555555555555556 0.05 0.17777777777777778
8 0.4046875 0.48125 0.009375 0.02361111111111111
6 0.404296875 0.49375 0.00859375 0.018055555555555554
6 0.397265625 0.4895833333333333 0.00703125 0.018055555555555554
8 0.39765625 0.4777777777777778 0.00625 0.016666666666666666
14 0.3125 0.46111111111111114 0.10625 0.23055555555555557
13 0.1921875 0.6368055555555555 0.3375 0.4236111111111111
14 0.010546875 0.6965277777777777 0.02109375 0.5402777777777777
7 0.3859375 0.47847222222222224 0.00625 0.034722222222222224
8 0.43046875 0.46111111111111114 0.0078125 0.008333333333333333