13 0.228125 0.31666666666666665 0.027083333333333334 0.03148148148148148
4 0.24947916666666667 0.33935185185185185 0.014583333333333334 0.012037037037037037
7 0.3333333333333333 0.33194444444444443 0.005208333333333333 0.021296296296296296
7 0.3377604166666667 0.33194444444444443 0.0046875 0.021296296296296296
4 0.34427083333333336 0.33101851851851855 0.013541666666666667 0.021296296296296296
4 0.384375 0.3314814814814815 0.03333333333333333 0.03333333333333333
13 0.471875 0.3106481481481482 0.06458333333333334 0.08425925925925926
6 0.48203125 0.3425925925925926 0.0140625 0.016666666666666666
8 0.4765625 0.3333333333333333 0.0125 0.03148148148148148
4 0.5354166666666667 0.33935185185185185 0.06145833333333333 0.04537037037037037
4 0.61171875 0.3398148148148148 0.08697916666666666 0.04814814814814815
4 0.6572916666666667 0.3375 0.05 0.03611111111111111
8 0.6424479166666667 0.31527777777777777 0.005729166666666666 0.010185185185185186
8 0.6486979166666667 0.3162037037037037 0.0046875 0.006481481481481481
13 0.6791666666666667 0.3023148148148148 0.058333333333333334 0.049074074074074076
1 0.6815104166666667 0.32731481481481484 0.050520833333333334 0.04351851851851852
8 0.6885416666666667 0.32546296296296295 0.016666666666666666 0.03611111111111111
4 0.7466145833333333 0.32685185185185184 0.06822916666666666 0.03333333333333333
8 0.7098958333333333 0.3314814814814815 0.015625 0.03888888888888889
4 0.7690104166666667 0.3453703703703704 0.09322916666666667 0.05555555555555555
1 0.8026041666666667 0.32222222222222224 0.026041666666666668 0.027777777777777776
8 0.7640625 0.3402777777777778 0.017708333333333333 0.04722222222222222
8 0.7513020833333334 0.33935185185185185 0.018229166666666668 0.06018518518518518
6 0.7723958333333333 0.3523148148148148 0.027083333333333334 0.021296296296296296
6 0.7171875 0.34629629629629627 0.019791666666666666 0.024074074074074074
10 0.5638020833333334 0.22870370370370371 0.0171875 0.02962962962962963
8 0.7265625 0.31203703703703706 0.00625 0.007407407407407408
4 0.9708333333333333 0.34444444444444444 0.057291666666666664 0.05
6 0.98125 0.3962962962962963 0.036458333333333336 0.09814814814814815
8 0.9770833333333333 0.3837962962962963 0.040625 0.14351851851851852
6 0.5080729166666667 0.4648148148148148 0.0359375 0.09259259259259259
8 0.5067708333333333 0.4111111111111111 0.04583333333333333 0.1425925925925926
13 0.20598958333333334 0.49953703703703706 0.4119791666666667 0.9990740740740741
9 0.21197916666666666 0.2324074074074074 0.03854166666666667 0.06851851851851852
14 0.359375 0.3347222222222222 0.015625 0.017592592592592594
7 0.3619791666666667 0.33287037037037037 0.007291666666666667 0.023148148148148147