14 0.433984375 0.4486111111111111 0.01796875 0.025
14 0.449609375 0.44930555555555557 0.01953125 0.02361111111111111
14 0.465625 0.45416666666666666 0.015625 0.016666666666666666
1 0.45234375 0.4583333333333333 0.0140625 0.019444444444444445
8 0.46015625 0.45694444444444443 0.0046875 0.008333333333333333
8 0.455078125 0.4597222222222222 0.00390625 0.013888888888888888
4 0.466796875 0.4597222222222222 0.01484375 0.011111111111111112
4 0.46796875 0.48055555555555557 0.0265625 0.041666666666666664
14 0.480859375 0.4618055555555556 0.01640625 0.0125
3 0.525390625 0.45416666666666666 0.04921875 0.06944444444444445
1 0.498046875 0.48541666666666666 0.02578125 0.059722222222222225
8 0.445703125 0.4666666666666667 0.00859375 0.025
6 0.44921875 0.5027777777777778 0.0125 0.03333333333333333
8 0.44921875 0.4840277777777778 0.0140625 0.043055555555555555
6 0.4359375 0.5111111111111111 0.0171875 0.03888888888888889
8 0.4359375 0.4826388888888889 0.01875 0.05138888888888889
4 0.48203125 0.5 0.0484375 0.075
7 0.429296875 0.4583333333333333 0.00703125 0.03888888888888889
7 0.419140625 0.4673611111111111 0.00703125 0.04861111111111111
7 0.4234375 0.46944444444444444 0.0109375 0.05
7 0.4125 0.4673611111111111 0.009375 0.05138888888888889
7 0.4046875 0.47152777777777777 0.0078125 0.05138888888888889
7 0.40625 0.4736111111111111 0.0125 0.06111111111111111
7 0.393359375 0.47430555555555554 0.01484375 0.059722222222222225
7 0.36015625 0.47430555555555554 0.0140625 0.059722222222222225
7 0.336328125 0.4701388888888889 0.00859375 0.06527777777777778
7 0.343359375 0.4722222222222222 0.01171875 0.06388888888888888
7 0.330078125 0.4736111111111111 0.01484375 0.08055555555555556
4 0.53671875 0.4791666666666667 0.0375 0.06388888888888888
4 0.6125 0.45625 0.0390625 0.020833333333333332
4 0.617578125 0.49166666666666664 0.05546875 0.07222222222222222
7 0.64609375 0.49166666666666664 0.0125 0.06944444444444445
4 0.583984375 0.5694444444444444 0.14453125 0.23055555555555557
7 0.84296875 0.48680555555555555 0.0078125 0.0375
7 0.86875 0.47291666666666665 0.0078125 0.029166666666666667
7 0.863671875 0.48680555555555555 0.01015625 0.03194444444444444
14 0.7609375 0.47430555555555554 0.0375 0.020833333333333332
4 0.740234375 0.5527777777777778 0.14140625 0.1638888888888889
13 0.931640625 0.49930555555555556 0.13359375 0.9986111111111111
14 0.565625 0.44722222222222224 0.0078125 0.016666666666666666
8 0.568359375 0.4513888888888889 0.00859375 0.013888888888888888
8 0.59609375 0.4527777777777778 0.0046875 0.011111111111111112
14 0.6578125 0.4666666666666667 0.0125 0.016666666666666666
8 0.598828125 0.45416666666666666 0.00390625 0.008333333333333333
14 0.6671875 0.4673611111111111 0.0125 0.015277777777777777
8 0.75 0.46805555555555556 0.00625 0.008333333333333333
14 0.69453125 0.46597222222222223 0.015625 0.018055555555555554
14 0.708203125 0.4597222222222222 0.01796875 0.025
7 0.85390625 0.47708333333333336 0.0078125 0.02361111111111111