13 0.4466145833333333 0.3337962962962963 0.1140625 0.09166666666666666
8 0.6104166666666667 0.3486111111111111 0.008333333333333333 0.013888888888888888
4 0.6388020833333333 0.37083333333333335 0.09322916666666667 0.05092592592592592
1 0.8244791666666667 0.3787037037037037 0.06041666666666667 0.06111111111111111
4 0.7598958333333333 0.37083333333333335 0.1 0.06388888888888888
4 0.9244791666666666 0.39537037037037037 0.09479166666666666 0.06851851851851852
6 0.9455729166666667 0.5388888888888889 0.025520833333333333 0.17592592592592593
8 0.9393229166666667 0.4310185185185185 0.03697916666666667 0.10092592592592593
8 0.9234375 0.43425925925925923 0.0375 0.09444444444444444
6 0.9713541666666666 0.5569444444444445 0.03854166666666667 0.1712962962962963
8 0.9713541666666666 0.4949074074074074 0.05625 0.23796296296296296
6 0.9807291666666667 0.6620370370370371 0.0375 0.2111111111111111
8 0.9799479166666667 0.5796296296296296 0.0390625 0.2851851851851852
6 0.90703125 0.6175925925925926 0.0984375 0.25
8 0.9104166666666667 0.5546296296296296 0.090625 0.3314814814814815
8 0.3138020833333333 0.3416666666666667 0.0109375 0.022222222222222223
6 0.3190104166666667 0.3472222222222222 0.0078125 0.011111111111111112
6 0.34088541666666666 0.3597222222222222 0.009895833333333333 0.019444444444444445
8 0.34322916666666664 0.35138888888888886 0.013541666666666667 0.03981481481481482
13 0.2265625 0.31157407407407406 0.028125 0.041666666666666664
1 0.22890625 0.34120370370370373 0.0328125 0.017592592592592594
4 0.32369791666666664 0.3800925925925926 0.0453125 0.06574074074074074
6 0.34713541666666664 0.41944444444444445 0.021354166666666667 0.022222222222222223
6 0.35 0.44027777777777777 0.020833333333333332 0.025
1 0.25703125 0.4388888888888889 0.1734375 0.18518518518518517
14 0.20364583333333333 0.5217592592592593 0.1 0.125
6 0.37265625 0.5291666666666667 0.0640625 0.1935185185185185
6 0.3125 0.5453703703703704 0.11875 0.20555555555555555
6 0.21197916666666666 0.5643518518518519 0.09166666666666666 0.2564814814814815
7 0.35234375 0.3824074074074074 0.019270833333333334 0.1
7 0.3734375 0.38981481481481484 0.020833333333333332 0.1
10 0.3619791666666667 0.3625 0.004166666666666667 0.023148148148148147
10 0.39765625 0.3662037037037037 0.0046875 0.025
10 0.43255208333333334 0.3675925925925926 0.0046875 0.025925925925925925
10 0.45286458333333335 0.3648148148148148 0.005729166666666666 0.025925925925925925
10 0.47890625 0.36527777777777776 0.005729166666666666 0.026851851851851852
10 0.48854166666666665 0.36435185185185187 0.005208333333333333 0.028703703703703703