13 0.678125 0.5041666666666667 0.203125 0.49722222222222223
6 0.79609375 0.49722222222222223 0.03697916666666667 0.08333333333333333
8 0.7924479166666667 0.48194444444444445 0.0265625 0.11018518518518519
4 0.9174479166666667 0.47314814814814815 0.0765625 0.10555555555555556
6 0.9645833333333333 0.4449074074074074 0.011458333333333333 0.025
6 0.97421875 0.44212962962962965 0.0140625 0.021296296296296296
13 0.9890625 0.40694444444444444 0.011458333333333333 0.032407407407407406
8 0.9731770833333333 0.4236111111111111 0.013020833333333334 0.026851851851851852
8 0.9635416666666666 0.43194444444444446 0.011458333333333333 0.03425925925925926
4 0.9958333333333333 0.4134259259259259 0.007291666666666667 0.019444444444444445
4 0.9901041666666667 0.42916666666666664 0.01875 0.028703703703703703
4 0.9846354166666667 0.5046296296296297 0.0296875 0.13703703703703704