4 0.3419270833333333 0.4009259259259259 0.0296875 0.044444444444444446
13 0.33255208333333336 0.3685185185185185 0.0171875 0.044444444444444446
7 0.39427083333333335 0.39351851851851855 0.010416666666666666 0.03888888888888889
6 0.3690104166666667 0.4263888888888889 0.021354166666666667 0.03611111111111111
8 0.36796875 0.4111111111111111 0.018229166666666668 0.053703703703703705
6 0.5627604166666667 0.4412037037037037 0.021354166666666667 0.07314814814814814
8 0.5638020833333334 0.4203703703703704 0.013020833333333334 0.06666666666666667
8 0.5565104166666667 0.41898148148148145 0.008854166666666666 0.07314814814814814
6 0.5854166666666667 0.46296296296296297 0.034375 0.10925925925925926
8 0.5796875 0.4356481481481482 0.03125 0.11574074074074074
8 0.6236979166666666 0.42685185185185187 0.022395833333333334 0.07777777777777778
6 0.6283854166666667 0.4398148148148148 0.0328125 0.07592592592592592
6 0.9088541666666666 0.6902777777777778 0.15833333333333333 0.2861111111111111
8 0.8572916666666667 0.5518518518518518 0.04479166666666667 0.3148148148148148
8 0.9028645833333333 0.586574074074074 0.10885416666666667 0.325