14 0.763671875 0.5036307053941909 0.03359375 0.0508298755186722
4 0.73125 0.5155601659751037 0.0390625 0.05186721991701245
1 0.644921875 0.5145228215767634 0.03515625 0.056016597510373446
1 0.5890625 0.5197095435684648 0.04375 0.06224066390041494
1 0.55078125 0.5212655601659751 0.0421875 0.06327800829875518
7 0.4859375 0.5181535269709544 0.0234375 0.06327800829875518
7 0.47265625 0.5150414937759336 0.01875 0.061203319502074686
1 0.38359375 0.5394190871369294 0.1078125 0.13070539419087138
6 0.305859375 0.5508298755186722 0.04140625 0.07261410788381743
8 0.309375 0.5373443983402489 0.034375 0.0912863070539419
7 0.282421875 0.5394190871369294 0.02734375 0.11410788381742738
4 0.690234375 0.5259336099585062 0.09453125 0.08921161825726141
4 0.921484375 0.5186721991701245 0.07578125 0.09336099585062241
8 0.972265625 0.49896265560165975 0.02578125 0.06016597510373444
6 0.97578125 0.5150414937759336 0.0296875 0.032157676348547715
14 0.9890625 0.49844398340248963 0.01875 0.06535269709543569