4 0.46432291666666664 0.5592592592592592 0.0328125 0.037037037037037035
7 0.48098958333333336 0.5550925925925926 0.0026041666666666665 0.021296296296296296
6 0.5041666666666667 0.5662037037037037 0.00625 0.01574074074074074
8 0.5044270833333333 0.562037037037037 0.0078125 0.022222222222222223
6 0.4864583333333333 0.5907407407407408 0.014583333333333334 0.05185185185185185
8 0.48515625 0.5796296296296296 0.015104166666666667 0.053703703703703705
6 0.6385416666666667 0.587037037037037 0.011458333333333333 0.02962962962962963
8 0.6393229166666666 0.5810185185185185 0.009895833333333333 0.03796296296296296
7 0.7885416666666667 0.5925925925925926 0.010416666666666666 0.05555555555555555
13 0.6130208333333333 0.5731481481481482 0.023958333333333335 0.06851851851851852
6 0.7598958333333333 0.6444444444444445 0.0375 0.07777777777777778
8 0.75234375 0.6189814814814815 0.009895833333333333 0.08796296296296297
8 0.7619791666666667 0.6222222222222222 0.029166666666666667 0.08703703703703704
13 0.56640625 0.5263888888888889 0.08072916666666667 0.23055555555555557