13 0.53203125 0.46680497925311204 0.0828125 0.06016597510373444
3 0.88828125 0.5342323651452282 0.0296875 0.05394190871369295
6 0.92421875 0.5586099585062241 0.0265625 0.023858921161825725
8 0.9203125 0.5368257261410788 0.0265625 0.0508298755186722
13 0.959375 0.5404564315352697 0.0546875 0.058091286307053944
4 0.96875 0.5471991701244814 0.0578125 0.0487551867219917
8 0.984765625 0.5399377593360996 0.02578125 0.052904564315352696
6 0.987890625 0.5596473029045643 0.02109375 0.017634854771784232
14 0.440234375 0.4994813278008299 0.02109375 0.025933609958506226
3 0.383984375 0.5046680497925311 0.01171875 0.01970954356846473
7 0.4015625 0.5259336099585062 0.0109375 0.03319502074688797
1 0.38671875 0.5326763485477178 0.0234375 0.0508298755186722
4 0.425 0.5414937759336099 0.05625 0.07468879668049792
13 0.33203125 0.5503112033195021 0.1046875 0.1441908713692946
4 0.20859375 0.5492738589211619 0.09375 0.11099585062240663
4 0.156640625 0.5814315352697096 0.13359375 0.13174273858921162
6 0.28671875 0.6530082987551867 0.0703125 0.16493775933609958
8 0.28828125 0.6016597510373444 0.0796875 0.1825726141078838
4 0.5515625 0.6680497925311203 0.3078125 0.3630705394190871
10 0.766015625 0.6556016597510373 0.05078125 0.10995850622406639
6 0.101953125 0.6182572614107884 0.03359375 0.08506224066390042
8 0.0984375 0.5627593360995851 0.034375 0.07987551867219916
7 0.08125 0.5176348547717843 0.025 0.03941908713692946
6 0.073828125 0.7048755186721992 0.11796875 0.22095435684647302
8 0.07421875 0.5907676348547718 0.1 0.1421161825726141
8 0.0609375 0.6374481327800829 0.0921875 0.20850622406639005
1 0.010546875 0.5949170124481328 0.02109375 0.1504149377593361