3 0.289453125 0.4673611111111111 0.33828125 0.2013888888888889
8 0.1515625 0.5256944444444445 0.025 0.09861111111111111
3 0.476171875 0.4625 0.05390625 0.11388888888888889
13 0.518359375 0.44722222222222224 0.07265625 0.09444444444444444
13 0.637109375 0.48055555555555557 0.10078125 0.2
13 0.74375 0.4409722222222222 0.1015625 0.12361111111111112
14 0.681640625 0.44583333333333336 0.03359375 0.09444444444444444
4 0.81484375 0.4736111111111111 0.0265625 0.019444444444444445
13 0.87734375 0.46111111111111114 0.065625 0.10277777777777777
4 0.934765625 0.49583333333333335 0.06328125 0.06111111111111111
1 0.96953125 0.46944444444444444 0.0203125 0.016666666666666666
4 0.96171875 0.5041666666666667 0.075 0.06388888888888888
4 0.923828125 0.6868055555555556 0.15078125 0.35694444444444445
4 0.777734375 0.5222222222222223 0.07890625 0.11388888888888889
4 0.529296875 0.47847222222222224 0.02890625 0.04861111111111111
8 0.49296875 0.4826388888888889 0.015625 0.05416666666666667
6 0.492578125 0.49930555555555556 0.02109375 0.0375
14 0.008203125 0.6284722222222222 0.01640625 0.2013888888888889
6 0.1625 0.5555555555555556 0.0828125 0.08888888888888889
13 0.562890625 0.4638888888888889 0.02265625 0.05555555555555555