1 0.429296875 0.49444444444444446 0.02265625 0.05555555555555555
4 0.463671875 0.4756944444444444 0.04765625 0.034722222222222224
6 0.423828125 0.5430555555555555 0.01484375 0.058333333333333334
8 0.425 0.4979166666666667 0.0109375 0.04583333333333333
1 0.4015625 0.4840277777777778 0.0171875 0.02638888888888889
4 0.440625 0.5590277777777778 0.03125 0.14583333333333334
1 0.516015625 0.6354166666666666 0.15234375 0.3347222222222222
8 0.419921875 0.5 0.01796875 0.058333333333333334
6 0.40703125 0.5631944444444444 0.0203125 0.07083333333333333
6 0.421484375 0.5569444444444445 0.01328125 0.075
8 0.409765625 0.5347222222222222 0.02578125 0.11388888888888889
1 0.388671875 0.56875 0.01796875 0.19305555555555556
7 0.22421875 0.4736111111111111 0.0203125 0.030555555555555555
1 0.291015625 0.6645833333333333 0.20546875 0.39305555555555555
7 0.16171875 0.6083333333333333 0.046875 0.24166666666666667
6 0.08984375 0.8479166666666667 0.1796875 0.3013888888888889
8 0.08671875 0.7569444444444444 0.171875 0.48333333333333334
6 0.66484375 0.5159722222222223 0.0296875 0.05138888888888889
6 0.678125 0.5208333333333334 0.0171875 0.03888888888888889
6 0.68125 0.5263888888888889 0.009375 0.027777777777777776
8 0.6640625 0.50625 0.009375 0.05694444444444444
6 0.698046875 0.5270833333333333 0.02578125 0.04027777777777778
7 0.6671875 0.5138888888888888 0.0140625 0.058333333333333334
8 0.682421875 0.49375 0.01015625 0.034722222222222224
8 0.6921875 0.49027777777777776 0.0125 0.03888888888888889
6 0.70546875 0.5263888888888889 0.0265625 0.044444444444444446
6 0.71484375 0.5388888888888889 0.0171875 0.03333333333333333
6 0.715234375 0.5076388888888889 0.01328125 0.029166666666666667
7 0.887890625 0.5055555555555555 0.01015625 0.027777777777777776
6 0.909765625 0.5784722222222223 0.02734375 0.10416666666666667
6 0.888671875 0.5451388888888888 0.02734375 0.04583333333333333
6 0.945703125 0.5743055555555555 0.05234375 0.1125
4 0.809765625 0.5729166666666666 0.18828125 0.18472222222222223
6 0.990234375 0.6215277777777778 0.01796875 0.06527777777777778
7 0.705859375 0.48333333333333334 0.01015625 0.03333333333333333
6 0.98828125 0.6027777777777777 0.021875 0.06666666666666667