4 0.43515625 0.4708333333333333 0.0078125 0.011111111111111112
4 0.42578125 0.48194444444444445 0.0078125 0.019444444444444445
4 0.438671875 0.47847222222222224 0.01015625 0.015277777777777777
4 0.4546875 0.48055555555555557 0.0140625 0.019444444444444445
4 0.469140625 0.49166666666666664 0.02265625 0.030555555555555555
4 0.501953125 0.5013888888888889 0.03515625 0.05277777777777778
6 0.55390625 0.5006944444444444 0.009375 0.020833333333333332
8 0.553515625 0.4930555555555556 0.00703125 0.025
6 0.58828125 0.5090277777777777 0.009375 0.020833333333333332
8 0.5875 0.49722222222222223 0.0078125 0.030555555555555555
4 0.5390625 0.4888888888888889 0.0125 0.019444444444444445
4 0.530859375 0.49583333333333335 0.01796875 0.027777777777777776
7 0.605078125 0.5 0.01015625 0.03333333333333333
7 0.416015625 0.47430555555555554 0.00390625 0.015277777777777777
6 0.432421875 0.4979166666666667 0.00703125 0.018055555555555554
8 0.431640625 0.48819444444444443 0.00546875 0.020833333333333332
6 0.453515625 0.5291666666666667 0.01484375 0.04722222222222222
8 0.45390625 0.5090277777777777 0.01875 0.06527777777777778
14 0.401953125 0.46875 0.01640625 0.02361111111111111
4 0.40234375 0.48819444444444443 0.0171875 0.029166666666666667
1 0.263671875 0.6645833333333333 0.20078125 0.38472222222222224
3 0.7421875 0.4875 0.2453125 0.22777777777777777
4 0.676953125 0.6597222222222222 0.23671875 0.3055555555555556
4 0.94375 0.5895833333333333 0.1109375 0.20694444444444443