4 0.112890625 0.5606846473029046 0.06484375 0.061203319502074686
4 0.158203125 0.5689834024896265 0.09453125 0.08195020746887967
4 0.24296875 0.5612033195020747 0.1 0.11618257261410789
7 0.473046875 0.5617219917012448 0.01328125 0.04253112033195021
8 0.54453125 0.5306016597510373 0.0171875 0.038381742738589214
1 0.5625 0.5523858921161826 0.084375 0.05705394190871369
7 0.622265625 0.5544605809128631 0.01796875 0.0508298755186722
6 0.6734375 0.5648340248962656 0.03125 0.038381742738589214
8 0.755859375 0.5964730290456431 0.03984375 0.11618257261410789
8 0.79296875 0.6436721991701245 0.0953125 0.20850622406639005
6 0.792578125 0.7059128630705395 0.10859375 0.17323651452282157
7 0.033984375 0.6976141078838174 0.06796875 0.1462655601659751
7 0.037890625 0.7396265560165975 0.07578125 0.2074688796680498