13 0.587109375 0.48055555555555557 0.02421875 0.06944444444444445
8 0.574609375 0.5 0.00859375 0.04722222222222222
4 0.622265625 0.4979166666666667 0.02265625 0.04861111111111111
4 0.60078125 0.50625 0.04375 0.059722222222222225
6 0.574609375 0.5097222222222222 0.00703125 0.041666666666666664
4 0.6453125 0.4930555555555556 0.0109375 0.022222222222222223
4 0.660546875 0.48819444444444443 0.02578125 0.029166666666666667
4 0.668359375 0.5208333333333334 0.04140625 0.09444444444444444
1 0.729296875 0.5034722222222222 0.08984375 0.059722222222222225
4 0.81328125 0.49444444444444446 0.04375 0.03333333333333333
4 0.80859375 0.5055555555555555 0.071875 0.05
1 0.871484375 0.5097222222222222 0.05703125 0.08888888888888889
4 0.945703125 0.5034722222222222 0.01484375 0.034722222222222224
4 0.92890625 0.5076388888888889 0.0296875 0.043055555555555555
3 0.98671875 0.49444444444444446 0.025 0.08888888888888889
6 0.952734375 0.6520833333333333 0.09296875 0.20416666666666666
8 0.962890625 0.5930555555555556 0.07265625 0.23055555555555557
4 0.790625 0.6875 0.3 0.39444444444444443
13 0.510546875 0.4847222222222222 0.02578125 0.08055555555555556
13 0.546484375 0.49583333333333335 0.04921875 0.12777777777777777
6 0.634375 0.5520833333333334 0.028125 0.0763888888888889
8 0.628515625 0.5229166666666667 0.01796875 0.08472222222222223
8 0.6375 0.5222222222222223 0.028125 0.08055555555555556
6 0.390625 0.6458333333333334 0.06875 0.2
8 0.390625 0.5854166666666667 0.05625 0.19027777777777777
14 0.5734375 0.47708333333333336 0.00625 0.015277777777777777
10 0.490234375 0.45 0.00703125 0.011111111111111112