1 0.01640625 0.4310185185185185 0.03177083333333333 0.10648148148148148
1 0.06692708333333333 0.44212962962962965 0.09322916666666667 0.11944444444444445
7 0.39817708333333335 0.3800925925925926 0.0109375 0.03796296296296296
7 0.6515625 0.38425925925925924 0.0125 0.046296296296296294
10 0.3645833333333333 0.06805555555555555 0.07708333333333334 0.10833333333333334
9 0.39479166666666665 0.031018518518518518 0.059375 0.05277777777777778
6 0.39036458333333335 0.3824074074074074 0.0171875 0.012962962962962963
8 0.3921875 0.37037037037037035 0.010416666666666666 0.022222222222222223
7 0.37473958333333335 0.37916666666666665 0.008854166666666666 0.03611111111111111
1 0.15338541666666666 0.44305555555555554 0.09322916666666667 0.13240740740740742
6 0.171875 0.7870370370370371 0.28958333333333336 0.42407407407407405
8 0.19505208333333332 0.6990740740740741 0.1859375 0.5203703703703704
8 0.1203125 0.7152777777777778 0.2375 0.5675925925925925
9 0.9893229166666667 0.3199074074074074 0.011979166666666667 0.058333333333333334
8 0.013802083333333333 0.3685185185185185 0.009895833333333333 0.016666666666666666