4 0.45 0.47638888888888886 0.0125 0.019444444444444445
7 0.434765625 0.4756944444444444 0.00390625 0.015277777777777777
8 0.44375 0.48055555555555557 0.0109375 0.03333333333333333
4 0.477734375 0.49375 0.03203125 0.04583333333333333
6 0.52578125 0.48333333333333334 0.0046875 0.011111111111111112
7 0.525 0.475 0.00625 0.013888888888888888
4 0.556640625 0.48055555555555557 0.01484375 0.019444444444444445
4 0.768359375 0.5361111111111111 0.08203125 0.07777777777777778
4 0.985546875 0.5993055555555555 0.02734375 0.12916666666666668
4 0.079296875 0.8368055555555556 0.15859375 0.31805555555555554
14 0.504296875 0.475 0.00859375 0.016666666666666666