7 0.430078125 0.4826388888888889 0.00390625 0.015277777777777777
4 0.56640625 0.4888888888888889 0.015625 0.022222222222222223
6 0.509375 0.4840277777777778 0.003125 0.009722222222222222
8 0.50859375 0.4777777777777778 0.0046875 0.011111111111111112
14 0.465625 0.4826388888888889 0.009375 0.020833333333333332
14 0.45625 0.4840277777777778 0.0109375 0.020833333333333332
7 0.434375 0.48333333333333334 0.003125 0.016666666666666666
4 0.445703125 0.48333333333333334 0.01171875 0.022222222222222223
4 0.481640625 0.49722222222222223 0.02890625 0.041666666666666664
8 0.445703125 0.48125 0.00390625 0.018055555555555554
6 0.44375 0.49930555555555556 0.0078125 0.020833333333333332
8 0.440234375 0.48125 0.00546875 0.0125
8 0.44296875 0.4909722222222222 0.009375 0.02361111111111111
4 0.127734375 0.76875 0.25546875 0.4597222222222222
7 0.456640625 0.48194444444444445 0.00234375 0.016666666666666666
7 0.541796875 0.4888888888888889 0.00390625 0.019444444444444445
4 0.935546875 0.5868055555555556 0.12734375 0.12638888888888888
7 0.54453125 0.49027777777777776 0.003125 0.019444444444444445