14 0.21640625 0.4673611111111111 0.0265625 0.018055555555555554
3 0.271484375 0.45694444444444443 0.07890625 0.08888888888888889
8 0.285546875 0.48194444444444445 0.00703125 0.013888888888888888
4 0.291796875 0.5 0.03046875 0.041666666666666664
8 0.26953125 0.48194444444444445 0.0078125 0.013888888888888888
8 0.2609375 0.4791666666666667 0.0125 0.016666666666666666
4 0.218359375 0.47638888888888886 0.05390625 0.03333333333333333
8 0.248046875 0.48055555555555557 0.01171875 0.013888888888888888
4 0.2578125 0.5472222222222223 0.075 0.125
7 0.157421875 0.46597222222222223 0.00546875 0.018055555555555554
7 0.08515625 0.48055555555555557 0.0109375 0.03333333333333333
7 0.068359375 0.4986111111111111 0.01328125 0.07222222222222222
7 0.05625 0.5 0.0140625 0.07777777777777778
7 0.032421875 0.5006944444444444 0.02265625 0.08194444444444444
4 0.154296875 0.5958333333333333 0.20078125 0.25555555555555554
6 0.1140625 0.8298611111111112 0.2265625 0.3375
8 0.1328125 0.7458333333333333 0.1859375 0.46111111111111114
8 0.083984375 0.7791666666666667 0.16796875 0.4388888888888889
4 0.483203125 0.5493055555555556 0.08828125 0.1375
8 0.535546875 0.50625 0.02421875 0.08472222222222223
6 0.440625 0.5833333333333334 0.078125 0.11666666666666667
8 0.4296875 0.5604166666666667 0.0421875 0.1875
6 0.387890625 0.6465277777777778 0.07578125 0.17916666666666667
8 0.405078125 0.5909722222222222 0.05546875 0.2375
8 0.37421875 0.5868055555555556 0.0578125 0.20972222222222223
4 0.921484375 0.5951388888888889 0.15546875 0.27361111111111114
6 0.898828125 0.7472222222222222 0.04296875 0.175
8 0.883984375 0.5819444444444445 0.05234375 0.19444444444444445
4 0.69765625 0.6944444444444444 0.371875 0.5305555555555556
10 0.7953125 0.2965277777777778 0.025 0.04861111111111111
10 0.12109375 0.37916666666666665 0.025 0.030555555555555555
7 0.00703125 0.49375 0.0140625 0.10416666666666667
7 0.092578125 0.4736111111111111 0.00703125 0.025
7 0.098828125 0.4701388888888889 0.00546875 0.018055555555555554
14 0.16171875 0.45902777777777776 0.040625 0.029166666666666667
14 0.988671875 0.9743055555555555 0.01953125 0.043055555555555555