14 0.5208333333333334 0.5083333333333333 0.008333333333333333 0.04814814814814815
4 0.5276041666666667 0.5388888888888889 0.01875 0.040740740740740744
4 0.5546875 0.5435185185185185 0.053125 0.07592592592592592
4 0.5747395833333333 0.5685185185185185 0.07552083333333333 0.10925925925925926
4 0.6875 0.624537037037037 0.16875 0.24166666666666667
3 0.4518229166666667 0.4625 0.0109375 0.025
3 0.4817708333333333 0.5425925925925926 0.08645833333333333 0.18888888888888888
6 0.43671875 0.5458333333333333 0.005729166666666666 0.017592592592592594
8 0.43255208333333334 0.5333333333333333 0.0046875 0.027777777777777776
6 0.440625 0.5712962962962963 0.01875 0.03148148148148148
8 0.41302083333333334 0.5365740740740741 0.015625 0.032407407407407406
6 0.42630208333333336 0.6486111111111111 0.059895833333333336 0.17314814814814813
8 0.42734375 0.6032407407407407 0.05364583333333333 0.1787037037037037
6 0.51328125 0.7 0.0703125 0.2222222222222222
8 0.5122395833333333 0.6416666666666667 0.06302083333333333 0.2222222222222222
6 0.32734375 0.7328703703703704 0.09427083333333333 0.18796296296296297
8 0.3424479166666667 0.6476851851851851 0.06302083333333333 0.25462962962962965
8 0.32109375 0.6407407407407407 0.06927083333333334 0.23333333333333334
4 0.8934895833333333 0.8291666666666667 0.21197916666666666 0.33425925925925926