7 0.448828125 0.4196058091286307 0.01171875 0.017634854771784232
0 0.515625 0.475103734439834 0.01875 0.02074688796680498
0 0.42421875 0.48132780082987553 0.0125 0.012448132780082987
0 0.61953125 0.4823651452282158 0.015625 0.024896265560165973
7 0.948828125 0.4284232365145228 0.06796875 0.056016597510373446
7 0.418359375 0.4242738589211618 0.01015625 0.043568464730290454
6 0.40390625 0.4336099585062241 0.0171875 0.022821576763485476
8 0.406640625 0.42064315352697096 0.01484375 0.03008298755186722
0 0.14765625 0.44398340248962653 0.009375 0.014522821576763486
0 0.115625 0.44242738589211617 0.0109375 0.015560165975103735
0 0.106640625 0.44190871369294604 0.00859375 0.01867219917012448
0 0.0421875 0.4434647302904564 0.015625 0.013485477178423237