7 0.708203125 0.5031120331950207 0.01328125 0.024896265560165973
0 0.846484375 0.5269709543568465 0.01171875 0.02074688796680498
0 0.833984375 0.5513485477178424 0.01953125 0.025933609958506226
0 0.86640625 0.5560165975103735 0.025 0.024896265560165973
0 0.9453125 0.5223029045643154 0.0171875 0.023858921161825725
0 0.95703125 0.5233402489626556 0.01875 0.01970954356846473
0 0.88203125 0.5311203319502075 0.0140625 0.02074688796680498
0 0.922265625 0.5425311203319502 0.01796875 0.022821576763485476
0 0.95078125 0.5383817427385892 0.0140625 0.016597510373443983
0 0.937109375 0.54201244813278 0.01640625 0.025933609958506226
0 0.965625 0.549792531120332 0.01875 0.029045643153526972
0 0.89453125 0.5985477178423236 0.0203125 0.03319502074688797
0 0.916015625 0.6047717842323651 0.02265625 0.043568464730290454