6 0.67421875 0.5352697095435685 0.015625 0.026970954356846474
8 0.67421875 0.5223029045643154 0.0140625 0.04045643153526971
10 0.49140625 0.47199170124481327 0.034375 0.05186721991701245
10 0.5515625 0.4460580912863071 0.0265625 0.04771784232365145
4 0.723046875 0.5217842323651453 0.04296875 0.05186721991701245
4 0.784765625 0.5140041493775933 0.05078125 0.05705394190871369
6 0.6296875 0.6327800829875518 0.05 0.11825726141078838
8 0.61875 0.5622406639004149 0.0234375 0.0954356846473029
8 0.633203125 0.5824688796680498 0.05703125 0.15871369294605808
6 0.571875 0.7598547717842323 0.109375 0.262448132780083
8 0.570703125 0.6659751037344398 0.10546875 0.2883817427385892