4 0.9942708333333333 0.36574074074074076 0.009375 0.02962962962962963
4 0.9768229166666667 0.37592592592592594 0.044270833333333336 0.06481481481481481
6 0.9515625 0.38333333333333336 0.0125 0.03333333333333333
8 0.9533854166666667 0.37546296296296294 0.0109375 0.041666666666666664
7 0.8794270833333333 0.3800925925925926 0.011979166666666667 0.05092592592592592
1 0.9080729166666667 0.4287037037037037 0.0546875 0.13148148148148148
6 0.8458333333333333 0.5578703703703703 0.07916666666666666 0.23425925925925925
6 0.9125 0.4666666666666667 0.053125 0.12222222222222222
8 0.9091145833333333 0.42962962962962964 0.04010416666666667 0.1388888888888889
8 0.8544270833333333 0.4888888888888889 0.04635416666666667 0.21666666666666667
8 0.8348958333333333 0.4949074074074074 0.07708333333333334 0.24722222222222223