4 0.36640625 0.5173611111111112 0.0640625 0.10694444444444444
4 0.35234375 0.5645833333333333 0.065625 0.1625
4 0.26015625 0.5875 0.1765625 0.23333333333333334
8 0.304296875 0.4708333333333333 0.00859375 0.011111111111111112
8 0.178125 0.5298611111111111 0.0328125 0.10694444444444444
6 0.13359375 0.5847222222222223 0.0359375 0.06388888888888888
6 0.167578125 0.5902777777777778 0.02421875 0.058333333333333334
4 0.396875 0.4965277777777778 0.0265625 0.05694444444444444
4 0.393359375 0.46319444444444446 0.01171875 0.018055555555555554
4 0.43515625 0.46597222222222223 0.01875 0.018055555555555554
4 0.45078125 0.46805555555555556 0.021875 0.019444444444444445
4 0.49140625 0.4722222222222222 0.021875 0.022222222222222223
4 0.52421875 0.4861111111111111 0.053125 0.05
4 0.553515625 0.47638888888888886 0.01640625 0.030555555555555555
4 0.56953125 0.4791666666666667 0.021875 0.027777777777777776
4 0.956640625 0.6013888888888889 0.08515625 0.21944444444444444
9 0.780859375 0.4263888888888889 0.00859375 0.03333333333333333
4 0.4640625 0.4861111111111111 0.0578125 0.016666666666666666
4 0.458984375 0.5347222222222222 0.08046875 0.09722222222222222
8 0.423828125 0.48194444444444445 0.01171875 0.030555555555555555
6 0.42421875 0.5291666666666667 0.0125 0.03888888888888889
8 0.426953125 0.49444444444444446 0.01640625 0.044444444444444446
8 0.523046875 0.4861111111111111 0.01796875 0.030555555555555555
8 0.528125 0.49166666666666664 0.025 0.03611111111111111
4 0.501953125 0.6840277777777778 0.23359375 0.3680555555555556
8 0.103125 0.5305555555555556 0.046875 0.12222222222222222
4 0.983203125 0.5534722222222223 0.03203125 0.0625
7 0.98515625 0.5583333333333333 0.0234375 0.09722222222222222
4 0.82109375 0.7555555555555555 0.35625 0.48333333333333334
4 0.153515625 0.7833333333333333 0.30703125 0.4305555555555556
8 0.47265625 0.47291666666666665 0.009375 0.018055555555555554
4 0.409765625 0.46111111111111114 0.01484375 0.013888888888888888
10 0.401953125 0.36736111111111114 0.02265625 0.02638888888888889
9 0.321875 0.3888888888888889 0.009375 0.03888888888888889
9 0.4203125 0.35555555555555557 0.015625 0.011111111111111112
7 0.979296875 0.5583333333333333 0.02109375 0.08611111111111111
4 0.472265625 0.46805555555555556 0.01796875 0.019444444444444445
14 0.421875 0.46319444444444446 0.009375 0.018055555555555554
4 0.640234375 0.5340277777777778 0.13359375 0.2013888888888889