4 0.391796875 0.4597222222222222 0.01484375 0.019444444444444445
4 0.40546875 0.4625 0.0125 0.013888888888888888
1 0.4171875 0.46041666666666664 0.0109375 0.015277777777777777
4 0.4515625 0.4666666666666667 0.01875 0.016666666666666666
4 0.434765625 0.4638888888888889 0.01328125 0.011111111111111112
14 0.422265625 0.4638888888888889 0.00703125 0.013888888888888888
4 0.47109375 0.46875 0.01875 0.018055555555555554
4 0.4921875 0.47152777777777777 0.0203125 0.020833333333333332
4 0.551953125 0.475 0.01953125 0.03333333333333333
4 0.5234375 0.4847222222222222 0.053125 0.04722222222222222
4 0.56796875 0.4791666666666667 0.0140625 0.027777777777777776
8 0.52109375 0.48819444444444443 0.0171875 0.034722222222222224
14 0.5796875 0.48194444444444445 0.0203125 0.041666666666666664
4 0.641015625 0.5319444444444444 0.13359375 0.20277777777777778
8 0.529296875 0.49027777777777776 0.02265625 0.030555555555555555
9 0.419921875 0.3548611111111111 0.02265625 0.009722222222222222
10 0.399609375 0.37222222222222223 0.02578125 0.025
9 0.326953125 0.44027777777777777 0.01015625 0.013888888888888888
9 0.31953125 0.3659722222222222 0.0125 0.08194444444444444
4 0.365625 0.5131944444444444 0.0609375 0.10138888888888889
8 0.422265625 0.48194444444444445 0.01484375 0.030555555555555555
6 0.42109375 0.5222222222222223 0.009375 0.027777777777777776
8 0.428125 0.49166666666666664 0.015625 0.03611111111111111
4 0.358984375 0.5458333333333333 0.05546875 0.13055555555555556
6 0.403515625 0.5180555555555556 0.01328125 0.041666666666666664
8 0.404296875 0.5034722222222222 0.01796875 0.07361111111111111
6 0.165234375 0.5805555555555556 0.01328125 0.05277777777777778
8 0.1859375 0.5048611111111111 0.0265625 0.08194444444444444
8 0.303515625 0.46944444444444444 0.00703125 0.013888888888888888
4 0.257421875 0.5833333333333334 0.18046875 0.225
6 0.136328125 0.5722222222222222 0.03828125 0.044444444444444446
8 0.099609375 0.525 0.05546875 0.11666666666666667
4 0.15546875 0.7805555555555556 0.3109375 0.4361111111111111
8 0.471875 0.47430555555555554 0.0109375 0.015277777777777777
4 0.453515625 0.48333333333333334 0.03828125 0.011111111111111112
4 0.459765625 0.5229166666666667 0.07890625 0.07361111111111111
4 0.501953125 0.6736111111111112 0.23359375 0.35
4 0.858984375 0.5131944444444444 0.05390625 0.029166666666666667
4 0.923046875 0.5375 0.04765625 0.05277777777777778
4 0.82109375 0.7486111111111111 0.35625 0.46111111111111114
9 0.78203125 0.42569444444444443 0.00625 0.03194444444444444
9 0.881640625 0.45555555555555555 0.01171875 0.022222222222222223