7 0.557421875 0.5160788381742739 0.01015625 0.03423236514522822
7 0.59765625 0.5145228215767634 0.0171875 0.03319502074688797
7 0.583984375 0.5202282157676349 0.01953125 0.044605809128630707
8 0.54296875 0.520746887966805 0.0203125 0.043568464730290454
6 0.773828125 0.508298755186722 0.02109375 0.035269709543568464
8 0.773828125 0.49636929460580914 0.01640625 0.044605809128630707
7 0.839453125 0.5108921161825726 0.01171875 0.046680497925311204
7 0.80546875 0.5280082987551867 0.0265625 0.0912863070539419
7 0.749609375 0.5518672199170125 0.02421875 0.05394190871369295
7 0.781640625 0.5529045643153527 0.01953125 0.05394190871369295
7 0.7984375 0.5560165975103735 0.0359375 0.04979253112033195
7 0.67421875 0.5596473029045643 0.046875 0.1566390041493776
6 0.448828125 0.5285269709543569 0.01953125 0.054979253112033194
7 0.36953125 0.5337136929460581 0.0203125 0.0508298755186722
7 0.31953125 0.5025933609958506 0.0125 0.025933609958506226
6 0.39453125 0.5554979253112033 0.0203125 0.06950207468879668
8 0.395703125 0.5368257261410788 0.02265625 0.11307053941908714
7 0.406640625 0.5554979253112033 0.02734375 0.12136929460580913
7 0.426953125 0.5850622406639004 0.05234375 0.2053941908713693
7 0.301953125 0.5108921161825726 0.01171875 0.054979253112033194
7 0.283984375 0.4974066390041494 0.01796875 0.07780082987551867
7 0.3109375 0.5269709543568465 0.021875 0.04771784232365145
7 0.265625 0.49377593360995853 0.0171875 0.07053941908713693
7 0.219921875 0.5337136929460581 0.01640625 0.08609958506224066
7 0.241796875 0.5425311203319502 0.02421875 0.06431535269709543
7 0.2734375 0.5440871369294605 0.03125 0.06742738589211618
7 0.350390625 0.5923236514522822 0.06328125 0.1887966804979253
6 0.973828125 0.5482365145228216 0.04921875 0.06535269709543569
14 0.9 0.5746887966804979 0.1234375 0.23029045643153526
6 0.933203125 0.7733402489626556 0.11796875 0.279045643153527
7 0.034765625 0.5554979253112033 0.05234375 0.18360995850622408
7 0.096484375 0.591804979253112 0.03828125 0.1462655601659751
6 0.1421875 0.70798755186722 0.253125 0.21887966804979253