10 0.399609375 0.36944444444444446 0.02421875 0.022222222222222223
10 0.423046875 0.35625 0.01640625 0.009722222222222222
4 0.548046875 0.47638888888888886 0.02890625 0.030555555555555555
4 0.569921875 0.4791666666666667 0.01953125 0.027777777777777776
4 0.43359375 0.46597222222222223 0.0171875 0.018055555555555554
4 0.451953125 0.46805555555555556 0.02265625 0.019444444444444445
4 0.472265625 0.4673611111111111 0.01953125 0.018055555555555554
4 0.49296875 0.47291666666666665 0.025 0.020833333333333332
4 0.512109375 0.4722222222222222 0.01796875 0.016666666666666666
8 0.487109375 0.475 0.00859375 0.016666666666666666
4 0.521484375 0.4840277777777778 0.03203125 0.04583333333333333
8 0.525 0.4798611111111111 0.0078125 0.018055555555555554
8 0.529296875 0.48819444444444443 0.01953125 0.0375
4 0.400390625 0.4965277777777778 0.04296875 0.06527777777777778
6 0.424609375 0.4986111111111111 0.01328125 0.030555555555555555
8 0.425390625 0.4861111111111111 0.01328125 0.041666666666666664
8 0.44140625 0.4756944444444444 0.0078125 0.018055555555555554
8 0.450390625 0.4736111111111111 0.00703125 0.008333333333333333
4 0.45625 0.49027777777777776 0.05 0.030555555555555555
4 0.459765625 0.5215277777777778 0.07578125 0.07916666666666666
4 0.497265625 0.6638888888888889 0.21484375 0.33055555555555555
6 0.69453125 0.5020833333333333 0.021875 0.034722222222222224
8 0.694921875 0.49444444444444446 0.01484375 0.03888888888888889
4 0.625390625 0.525 0.11796875 0.17777777777777778
8 0.35703125 0.4798611111111111 0.0125 0.029166666666666667
4 0.379296875 0.5215277777777778 0.06796875 0.09305555555555556
9 0.781640625 0.42569444444444443 0.01015625 0.03194444444444444
4 0.86015625 0.5152777777777777 0.053125 0.03611111111111111
4 0.923828125 0.5388888888888889 0.05234375 0.05555555555555555
4 0.819921875 0.7541666666666667 0.35859375 0.475
9 0.322265625 0.39305555555555555 0.01015625 0.030555555555555555
4 0.2890625 0.5701388888888889 0.1546875 0.2013888888888889
6 0.203125 0.6069444444444444 0.04375 0.10555555555555556
8 0.20625 0.5409722222222222 0.0359375 0.15138888888888888
6 0.16640625 0.5930555555555556 0.0453125 0.10555555555555556
8 0.148828125 0.5395833333333333 0.05859375 0.14027777777777778
4 0.153515625 0.7826388888888889 0.30703125 0.43194444444444446
14 0.37421875 0.46458333333333335 0.0140625 0.018055555555555554
7 0.374609375 0.4618055555555556 0.00390625 0.015277777777777777
7 0.3796875 0.4618055555555556 0.0078125 0.020833333333333332