10 0.401171875 0.36666666666666664 0.01796875 0.022222222222222223
4 0.4328125 0.4652777777777778 0.0140625 0.013888888888888888
4 0.451171875 0.46805555555555556 0.02421875 0.022222222222222223
4 0.4734375 0.4708333333333333 0.01875 0.019444444444444445
4 0.492578125 0.47291666666666665 0.02578125 0.020833333333333332
4 0.523046875 0.4847222222222222 0.03046875 0.03888888888888889
4 0.54765625 0.4756944444444444 0.025 0.029166666666666667
4 0.5671875 0.47847222222222224 0.0203125 0.02638888888888889
4 0.620703125 0.5236111111111111 0.11328125 0.17222222222222222
6 0.7078125 0.5090277777777777 0.021875 0.02361111111111111
8 0.7078125 0.49583333333333335 0.0125 0.03611111111111111
4 0.85859375 0.5145833333333333 0.0546875 0.03194444444444444
4 0.928515625 0.5368055555555555 0.06328125 0.05416666666666667
8 0.528515625 0.4875 0.01796875 0.03888888888888889
8 0.487109375 0.47638888888888886 0.01015625 0.019444444444444445
6 0.43984375 0.4840277777777778 0.00625 0.015277777777777777
8 0.440625 0.4722222222222222 0.0078125 0.013888888888888888
6 0.426171875 0.4979166666666667 0.01171875 0.02638888888888889
8 0.425390625 0.48819444444444443 0.01015625 0.03194444444444444
4 0.401953125 0.4951388888888889 0.03984375 0.0625
8 0.361328125 0.47847222222222224 0.01328125 0.029166666666666667
4 0.385546875 0.5173611111111112 0.05703125 0.08194444444444444
4 0.294921875 0.5715277777777777 0.15234375 0.20416666666666666
7 0.263671875 0.4701388888888889 0.01015625 0.009722222222222222
7 0.319140625 0.46597222222222223 0.01015625 0.015277777777777777
8 0.211328125 0.5229166666666667 0.03828125 0.10972222222222222
6 0.174609375 0.5979166666666667 0.08515625 0.11527777777777778
8 0.155859375 0.5465277777777777 0.04921875 0.1486111111111111
4 0.153125 0.7847222222222222 0.30625 0.42777777777777776
4 0.459765625 0.5326388888888889 0.07578125 0.10416666666666667
4 0.498046875 0.6604166666666667 0.20546875 0.3263888888888889
9 0.781640625 0.4270833333333333 0.01015625 0.0375
4 0.82109375 0.7506944444444444 0.35625 0.4736111111111111
10 0.42109375 0.35555555555555557 0.0203125 0.011111111111111112
9 0.321484375 0.3923611111111111 0.01015625 0.03194444444444444
9 0.3265625 0.44166666666666665 0.009375 0.011111111111111112
14 0.419140625 0.4618055555555556 0.01171875 0.015277777777777777