1 0.1203125 0.5048611111111111 0.0859375 0.09027777777777778
7 0.21953125 0.5513888888888889 0.03125 0.175
6 0.492578125 0.49236111111111114 0.00859375 0.015277777777777777
8 0.491796875 0.4777777777777778 0.00546875 0.019444444444444445
14 0.555859375 0.4909722222222222 0.01484375 0.020833333333333332
14 0.569140625 0.47708333333333336 0.02109375 0.059722222222222225
1 0.6484375 0.49722222222222223 0.0234375 0.041666666666666664
7 0.6421875 0.5 0.0078125 0.03888888888888889
1 0.658984375 0.5090277777777777 0.02734375 0.0625
1 0.676171875 0.5090277777777777 0.02109375 0.05416666666666667
1 0.693359375 0.5159722222222223 0.02109375 0.0625
1 0.71796875 0.5229166666666667 0.0359375 0.06805555555555555
1 0.744921875 0.5284722222222222 0.02578125 0.07361111111111111
1 0.78515625 0.5430555555555555 0.065625 0.1
7 0.6953125 0.4826388888888889 0.0046875 0.0125
1 0.46171875 0.5458333333333333 0.0625 0.14722222222222223
1 0.35859375 0.68125 0.19375 0.4263888888888889
7 0.961328125 0.47708333333333336 0.01640625 0.06527777777777778
7 0.919921875 0.48819444444444443 0.01171875 0.05138888888888889
7 0.9296875 0.48680555555555555 0.0140625 0.05416666666666667