14 0.326171875 0.46458333333333335 0.00859375 0.015277777777777777
14 0.3390625 0.4625 0.0078125 0.016666666666666666
1 0.348046875 0.46458333333333335 0.00859375 0.015277777777777777
4 0.357421875 0.4666666666666667 0.01171875 0.016666666666666666
14 0.366796875 0.4638888888888889 0.01015625 0.011111111111111112
4 0.37578125 0.4652777777777778 0.0078125 0.011111111111111112
4 0.387109375 0.46875 0.01171875 0.0125
4 0.399609375 0.47430555555555554 0.01484375 0.020833333333333332
4 0.414453125 0.47638888888888886 0.01328125 0.019444444444444445
14 0.4421875 0.4736111111111111 0.0140625 0.016666666666666666
4 0.459765625 0.48055555555555557 0.01796875 0.025
4 0.483203125 0.48194444444444445 0.01640625 0.019444444444444445
4 0.5515625 0.49444444444444446 0.009375 0.027777777777777776
4 0.571484375 0.4979166666666667 0.03203125 0.043055555555555555
4 0.593359375 0.5 0.01640625 0.030555555555555555
4 0.612109375 0.5020833333333333 0.01015625 0.029166666666666667
6 0.602734375 0.5097222222222222 0.01015625 0.022222222222222223
8 0.600390625 0.4951388888888889 0.00859375 0.02638888888888889
4 0.728515625 0.525 0.04765625 0.04722222222222222
4 0.9015625 0.5569444444444445 0.075 0.06111111111111111
6 0.909375 0.5659722222222222 0.0328125 0.043055555555555555
8 0.914453125 0.5583333333333333 0.01015625 0.06388888888888888
8 0.92109375 0.5611111111111111 0.009375 0.05555555555555555
4 0.977734375 0.5777777777777777 0.04140625 0.06111111111111111
8 0.46875 0.4895833333333333 0.0109375 0.03194444444444444
4 0.528515625 0.5069444444444444 0.04296875 0.08611111111111111
4 0.68359375 0.6152777777777778 0.196875 0.21666666666666667
4 0.420703125 0.48819444444444443 0.01796875 0.02638888888888889
4 0.443359375 0.48819444444444443 0.02265625 0.020833333333333332
4 0.433984375 0.5243055555555556 0.04921875 0.08194444444444444
4 0.49140625 0.5513888888888889 0.0796875 0.11944444444444445
4 0.3875 0.49375 0.0265625 0.04027777777777778
8 0.373046875 0.4965277777777778 0.01015625 0.04583333333333333
4 0.342578125 0.5243055555555556 0.06171875 0.10138888888888889
8 0.284375 0.4875 0.0125 0.03333333333333333
8 0.290625 0.5208333333333334 0.0296875 0.09444444444444444
6 0.2890625 0.5479166666666667 0.0296875 0.07916666666666666
4 0.103515625 0.7951388888888888 0.20546875 0.40694444444444444
8 0.63203125 0.49930555555555556 0.0109375 0.02361111111111111
9 0.81015625 0.43680555555555556 0.0078125 0.034722222222222224
9 0.23671875 0.43819444444444444 0.0109375 0.020833333333333332
9 0.230859375 0.3625 0.01484375 0.06111111111111111
9 0.38359375 0.34791666666666665 0.021875 0.006944444444444444
9 0.3578125 0.3645833333333333 0.0296875 0.02638888888888889
14 0.428125 0.47291666666666665 0.0140625 0.015277777777777777
4 0.497265625 0.48125 0.02109375 0.018055555555555554
14 0.6234375 0.4979166666666667 0.0109375 0.03194444444444444