7 0.531640625 0.41804979253112035 0.01796875 0.03734439834024896
7 0.56015625 0.41545643153526973 0.015625 0.0508298755186722
7 0.57265625 0.41804979253112035 0.0171875 0.03734439834024896
7 0.608203125 0.4258298755186722 0.01171875 0.03423236514522822
7 0.619140625 0.4175311203319502 0.01328125 0.046680497925311204
7 0.65625 0.4092323651452282 0.0171875 0.04045643153526971
7 0.6734375 0.4107883817427386 0.0171875 0.043568464730290454
7 0.7125 0.4113070539419087 0.0171875 0.04253112033195021
7 0.82578125 0.44553941908713696 0.0203125 0.05705394190871369
1 0.88046875 0.44761410788381745 0.1109375 0.1421161825726141
7 0.74453125 0.4434647302904564 0.028125 0.09647302904564316
7 0.769921875 0.4460580912863071 0.03203125 0.09336099585062241
6 0.449609375 0.4486514522821577 0.02734375 0.0487551867219917
8 0.448828125 0.43724066390041494 0.02578125 0.05705394190871369
4 0.2203125 0.44398340248962653 0.05625 0.04979253112033195
14 0.15859375 0.44242738589211617 0.115625 0.11099585062240663
14 0.05625 0.4320539419087137 0.1109375 0.10269709543568464