14 0.01953125 0.48858921161825725 0.0390625 0.06846473029045644
14 0.0703125 0.5025933609958506 0.140625 0.09024896265560166
4 0.24765625 0.5134854771784232 0.0453125 0.04979253112033195
14 0.193359375 0.5145228215767634 0.09453125 0.0995850622406639
6 0.4734375 0.5160788381742739 0.0203125 0.04045643153526971
8 0.47421875 0.5046680497925311 0.01875 0.054979253112033194
7 0.548828125 0.48651452282157676 0.00859375 0.03734439834024896
7 0.5796875 0.48392116182572614 0.0109375 0.0508298755186722
7 0.590234375 0.4896265560165975 0.01484375 0.043568464730290454
7 0.634765625 0.4854771784232365 0.01171875 0.03941908713692946
7 0.624609375 0.4932572614107884 0.01015625 0.03008298755186722
7 0.6859375 0.4808091286307054 0.0125 0.044605809128630707
7 0.726171875 0.4802904564315353 0.01328125 0.04979253112033195
7 0.753125 0.47199170124481327 0.0109375 0.035269709543568464
7 0.759765625 0.46939834024896265 0.01640625 0.04253112033195021
7 0.787109375 0.5108921161825726 0.02421875 0.07987551867219916
7 0.7671875 0.5067427385892116 0.028125 0.08609958506224066
1 0.901953125 0.5093360995850622 0.10234375 0.13692946058091288