6 0.15546875 0.5456431535269709 0.0625 0.043568464730290454
8 0.168359375 0.5264522821576764 0.03046875 0.06950207468879668
8 0.3046875 0.5269709543568465 0.03125 0.05186721991701245
6 0.312109375 0.5513485477178424 0.06484375 0.044605809128630707
7 0.696875 0.5425311203319502 0.025 0.0912863070539419
7 0.729296875 0.5736514522821576 0.01953125 0.03112033195020747
7 0.807421875 0.5529045643153527 0.02109375 0.07883817427385892
7 0.81640625 0.5798755186721992 0.03125 0.03941908713692946
7 0.75078125 0.575207468879668 0.0125 0.032157676348547715
7 0.766796875 0.5586099585062241 0.02578125 0.08817427385892117
7 0.779296875 0.5886929460580913 0.03515625 0.046680497925311204