7 0.17890625 0.7546680497925311 0.1359375 0.4823651452282158
6 0.740234375 0.5534232365145229 0.03046875 0.032157676348547715
8 0.740625 0.54201244813278 0.0109375 0.032157676348547715
8 0.73203125 0.54201244813278 0.0109375 0.03630705394190872
6 0.719921875 0.5606846473029046 0.02109375 0.03423236514522822
7 0.7203125 0.591804979253112 0.0171875 0.06327800829875518
7 0.700390625 0.5881742738589212 0.03203125 0.11618257261410789
7 0.654296875 0.5627593360995851 0.02109375 0.07572614107883817
7 0.813671875 0.5819502074688797 0.01796875 0.08921161825726141
7 0.88125 0.600103734439834 0.0359375 0.09024896265560166
7 0.935546875 0.5778008298755186 0.02890625 0.058091286307053944
10 0.872265625 0.7162863070539419 0.02734375 0.061203319502074686
7 0.969921875 0.7022821576763485 0.05859375 0.36929460580912865