14 0.42734375 0.4666666666666667 0.0109375 0.03611111111111111
13 0.435546875 0.4701388888888889 0.01328125 0.04583333333333333
1 0.452734375 0.47638888888888886 0.02890625 0.07222222222222222
1 0.46640625 0.4756944444444444 0.00625 0.029166666666666667
1 0.476953125 0.48055555555555557 0.02109375 0.044444444444444446
3 0.630859375 0.47152777777777777 0.06171875 0.09027777777777778
4 0.612109375 0.4847222222222222 0.04296875 0.06111111111111111
1 0.690625 0.48819444444444443 0.040625 0.0625
8 0.715625 0.4736111111111111 0.0078125 0.030555555555555555
8 0.721484375 0.48819444444444443 0.01171875 0.05416666666666667
8 0.73046875 0.49444444444444446 0.0171875 0.058333333333333334
6 0.732421875 0.5104166666666666 0.02421875 0.05416666666666667
4 0.84921875 0.49375 0.15625 0.17916666666666667
1 0.921484375 0.4791666666666667 0.05546875 0.04722222222222222
4 0.96796875 0.48541666666666666 0.0625 0.04583333333333333
4 0.949609375 0.53125 0.09921875 0.13194444444444445
13 0.412109375 0.4722222222222222 0.02578125 0.06666666666666667
6 0.41171875 0.5055555555555555 0.015625 0.03888888888888889
8 0.412890625 0.4909722222222222 0.01015625 0.04027777777777778
8 0.41171875 0.4930555555555556 0.0125 0.044444444444444446
1 0.3796875 0.5138888888888888 0.0453125 0.10555555555555556
1 0.32890625 0.5833333333333334 0.1109375 0.2361111111111111
14 0.68984375 0.45069444444444445 0.028125 0.020833333333333332