4 0.494921875 0.5451388888888888 0.04453125 0.14583333333333334
8 0.5265625 0.5590277777777778 0.053125 0.17083333333333334
6 0.5171875 0.5861111111111111 0.0515625 0.1361111111111111
7 0.65625 0.49583333333333335 0.0171875 0.027777777777777776
7 0.667578125 0.4861111111111111 0.01015625 0.044444444444444446
7 0.718359375 0.4826388888888889 0.00859375 0.034722222222222224
8 0.721875 0.5097222222222222 0.0171875 0.06666666666666667
6 0.7234375 0.5388888888888889 0.0359375 0.06111111111111111
8 0.75625 0.49583333333333335 0.015625 0.05
8 0.797265625 0.5194444444444445 0.02109375 0.075
6 0.801953125 0.5430555555555555 0.03671875 0.07777777777777778
1 0.417578125 0.5284722222222222 0.12734375 0.3236111111111111
7 0.259375 0.46805555555555556 0.009375 0.016666666666666666
8 0.24453125 0.4722222222222222 0.00625 0.013888888888888888
8 0.28046875 0.4701388888888889 0.0109375 0.015277777777777777
4 0.30859375 0.46458333333333335 0.040625 0.02361111111111111
1 0.316015625 0.5715277777777777 0.09296875 0.20694444444444443
4 0.239453125 0.49375 0.04765625 0.03194444444444444
4 0.263671875 0.5340277777777778 0.07265625 0.12083333333333333
8 0.2578125 0.5451388888888888 0.0328125 0.12916666666666668
8 0.246484375 0.5465277777777777 0.03984375 0.12638888888888888
6 0.2515625 0.5826388888888889 0.05 0.12361111111111112
13 0.159375 0.4930555555555556 0.1453125 0.175
1 0.164453125 0.5625 0.11953125 0.18611111111111112
1 0.12734375 0.48125 0.04375 0.04027777777777778
14 0.33671875 0.45 0.0296875 0.03611111111111111
4 0.59609375 0.49166666666666664 0.015625 0.03611111111111111
8 0.250390625 0.4673611111111111 0.00703125 0.018055555555555554
4 0.339453125 0.46041666666666664 0.02265625 0.018055555555555554