13 0.412890625 0.45 0.01953125 0.019444444444444445
13 0.444140625 0.45 0.02421875 0.013888888888888888
1 0.486328125 0.4840277777777778 0.02421875 0.04861111111111111
4 0.360546875 0.48055555555555557 0.01796875 0.030555555555555555
7 0.358984375 0.4791666666666667 0.00859375 0.030555555555555555
14 0.5421875 0.4638888888888889 0.03125 0.05
14 0.625 0.4479166666666667 0.028125 0.02638888888888889
7 0.708203125 0.45694444444444443 0.00703125 0.013888888888888888
7 0.67578125 0.45625 0.00625 0.015277777777777777
7 0.66953125 0.45694444444444443 0.00625 0.011111111111111112
7 0.665234375 0.45625 0.00546875 0.009722222222222222
4 0.60859375 0.46944444444444444 0.028125 0.03888888888888889
4 0.5796875 0.4777777777777778 0.04375 0.05555555555555555
4 0.652734375 0.49236111111111114 0.06171875 0.07361111111111111
1 0.713671875 0.4888888888888889 0.03203125 0.058333333333333334
1 0.75234375 0.47291666666666665 0.0453125 0.02361111111111111
1 0.68515625 0.49027777777777776 0.0375 0.05277777777777778
4 0.759765625 0.5090277777777777 0.07734375 0.07916666666666666
1 0.84140625 0.5131944444444444 0.0765625 0.10416666666666667
4 0.9578125 0.5138888888888888 0.0828125 0.13333333333333333
6 0.97421875 0.5666666666666667 0.0484375 0.07222222222222222
8 0.96640625 0.5222222222222223 0.0296875 0.09166666666666666
8 0.98359375 0.525 0.03125 0.1
1 0.386328125 0.5236111111111111 0.04296875 0.12222222222222222
1 0.43359375 0.5916666666666667 0.1203125 0.2722222222222222
10 0.225390625 0.3861111111111111 0.01796875 0.03888888888888889
10 0.224609375 0.41597222222222224 0.02109375 0.015277777777777777
14 0.425390625 0.4534722222222222 0.00703125 0.018055555555555554
14 0.33046875 0.47291666666666665 0.0140625 0.0375