7 0.5515625 0.4263485477178423 0.0203125 0.07468879668049792
7 0.5703125 0.4450207468879668 0.0265625 0.09336099585062241
7 0.593359375 0.45695020746887965 0.03984375 0.12136929460580913
10 0.642578125 0.49066390041493774 0.01796875 0.035269709543568464
6 0.4796875 0.4636929460580913 0.0359375 0.06846473029045644
8 0.471484375 0.4362033195020747 0.02109375 0.07572614107883817
8 0.48046875 0.4408713692946058 0.0390625 0.08506224066390042
7 0.218359375 0.620850622406639 0.07109375 0.16701244813278007
7 0.375 0.5077800829875518 0.065625 0.23340248962655602
7 0.523046875 0.5689834024896265 0.07265625 0.2645228215767635
13 0.82578125 0.49118257261410786 0.346875 0.38278008298755184