4 0.39296875 0.4736111111111111 0.0078125 0.013888888888888888
4 0.41953125 0.4791666666666667 0.0171875 0.022222222222222223
4 0.462109375 0.4777777777777778 0.02421875 0.013888888888888888
4 0.42421875 0.48194444444444445 0.021875 0.025
14 0.441015625 0.4798611111111111 0.00859375 0.020833333333333332
14 0.446875 0.47638888888888886 0.0078125 0.011111111111111112
14 0.4640625 0.46944444444444444 0.0140625 0.011111111111111112
3 0.553125 0.47430555555555554 0.0703125 0.1125
3 0.7484375 0.47291666666666665 0.0515625 0.04027777777777778
4 0.686328125 0.4965277777777778 0.03046875 0.0375
4 0.71171875 0.4986111111111111 0.05 0.044444444444444446
4 0.752734375 0.5034722222222222 0.02734375 0.04027777777777778
4 0.484375 0.49722222222222223 0.0234375 0.041666666666666664
4 0.473828125 0.5256944444444445 0.05703125 0.10138888888888889
4 0.43828125 0.5840277777777778 0.1125 0.19583333333333333
14 0.517578125 0.4909722222222222 0.00546875 0.02361111111111111
4 0.35 0.54375 0.0984375 0.12361111111111112
4 0.116015625 0.7479166666666667 0.23203125 0.5013888888888889
10 0.40703125 0.38472222222222224 0.0171875 0.022222222222222223
9 0.4203125 0.37222222222222223 0.0140625 0.005555555555555556
14 0.497265625 0.47847222222222224 0.01796875 0.02361111111111111
8 0.478515625 0.4701388888888889 0.00859375 0.009722222222222222
8 0.491796875 0.4722222222222222 0.00390625 0.011111111111111112
8 0.49765625 0.475 0.003125 0.013888888888888888
6 0.4984375 0.4861111111111111 0.0046875 0.013888888888888888
14 0.403125 0.47638888888888886 0.0125 0.013888888888888888