7 0.630859375 0.45435684647302904 0.02421875 0.07468879668049792
7 0.680078125 0.47769709543568467 0.02109375 0.061203319502074686
7 0.65 0.4782157676348548 0.0390625 0.1016597510373444
7 0.8578125 0.46887966804979253 0.0140625 0.03112033195020747
7 0.858984375 0.4434647302904564 0.01484375 0.044605809128630707
7 0.833203125 0.4631742738589212 0.02734375 0.03630705394190872
7 0.8 0.47406639004149376 0.028125 0.05186721991701245
7 0.7984375 0.5145228215767634 0.0375 0.04979253112033195
7 0.700390625 0.4766597510373444 0.01328125 0.046680497925311204
7 0.982421875 0.4766597510373444 0.01796875 0.04045643153526971
7 0.9890625 0.4823651452282158 0.015625 0.03319502074688797
7 0.952734375 0.5114107883817427 0.03046875 0.0995850622406639
4 0.934375 0.6945020746887967 0.128125 0.4470954356846473
7 0.353515625 0.558091286307054 0.08671875 0.33195020746887965
6 0.75234375 0.7889004149377593 0.2 0.36410788381742737
8 0.6953125 0.6099585062240664 0.10625 0.3900414937759336
8 0.757421875 0.6519709543568465 0.18359375 0.4429460580912863