7 0.602734375 0.45902489626556015 0.01953125 0.06742738589211618
7 0.61875 0.47769709543568467 0.03125 0.09647302904564316
6 0.741796875 0.49221991701244816 0.02890625 0.03630705394190872
8 0.75078125 0.4699170124481328 0.015625 0.043568464730290454
7 0.7625 0.4683609958506224 0.0171875 0.04045643153526971
7 0.787109375 0.45487551867219916 0.02265625 0.028008298755186723
10 0.69921875 0.5337136929460581 0.0140625 0.038381742738589214
7 0.651953125 0.49636929460580914 0.04609375 0.1504149377593361
6 0.553515625 0.5337136929460581 0.05859375 0.10477178423236515
8 0.533984375 0.48858921161825725 0.02578125 0.12240663900414937
8 0.548828125 0.49688796680497926 0.05234375 0.14107883817427386
7 0.427734375 0.5409751037344398 0.06640625 0.254149377593361
7 0.163671875 0.7173236514522822 0.09609375 0.23340248962655602
13 0.86875 0.5508298755186722 0.2609375 0.4979253112033195
7 0.916796875 0.6887966804979253 0.16328125 0.4066390041493776