14 0.526953125 0.4625 0.01484375 0.013888888888888888
14 0.529296875 0.46944444444444444 0.01953125 0.013888888888888888
14 0.547265625 0.4673611111111111 0.01640625 0.015277777777777777
3 0.58125 0.46458333333333335 0.0390625 0.0375
4 0.704296875 0.47638888888888886 0.01484375 0.019444444444444445
14 0.6125 0.47708333333333336 0.015625 0.015277777777777777
13 0.654296875 0.48333333333333334 0.05703125 0.09166666666666666
4 0.639453125 0.5131944444444444 0.06640625 0.08472222222222223
4 0.54375 0.49027777777777776 0.025 0.041666666666666664
4 0.57109375 0.49583333333333335 0.0453125 0.05
1 0.49765625 0.48541666666666666 0.01875 0.043055555555555555
1 0.5203125 0.5013888888888889 0.03125 0.06944444444444445
4 0.472265625 0.49930555555555556 0.04140625 0.07916666666666666
6 0.418359375 0.55 0.02890625 0.11666666666666667
8 0.41875 0.5229166666666667 0.028125 0.10138888888888889
6 0.45078125 0.5930555555555556 0.053125 0.1638888888888889
8 0.45 0.5451388888888888 0.0484375 0.16805555555555557
4 0.606640625 0.5673611111111111 0.13984375 0.18472222222222223
2 0.784765625 0.5256944444444445 0.01953125 0.04027777777777778
8 0.78671875 0.5097222222222222 0.0140625 0.05
4 0.96328125 0.7902777777777777 0.071875 0.2833333333333333
7 0.703125 0.48055555555555557 0.0078125 0.03333333333333333