4 0.438671875 0.4479166666666667 0.01015625 0.018055555555555554
4 0.42265625 0.46875 0.0265625 0.04583333333333333
4 0.43203125 0.48333333333333334 0.0296875 0.06944444444444445
1 0.53671875 0.4798611111111111 0.028125 0.05694444444444444
1 0.568359375 0.49375 0.03828125 0.08194444444444444
4 0.674609375 0.5847222222222223 0.18671875 0.20555555555555555
13 0.475390625 0.4597222222222222 0.06953125 0.12222222222222222
8 0.5109375 0.4618055555555556 0.00625 0.043055555555555555
4 0.498046875 0.6076388888888888 0.16484375 0.2847222222222222
1 0.3875 0.4708333333333333 0.0234375 0.05555555555555555
6 0.38515625 0.49930555555555556 0.04375 0.059722222222222225
8 0.381640625 0.4847222222222222 0.01328125 0.06666666666666667
14 0.41953125 0.4465277777777778 0.0171875 0.02361111111111111
8 0.528515625 0.46805555555555556 0.00859375 0.030555555555555555
6 0.54375 0.49236111111111114 0.0109375 0.020833333333333332
8 0.537890625 0.4777777777777778 0.01015625 0.016666666666666666