3 0.321875 0.4736111111111111 0.0265625 0.044444444444444446
14 0.346484375 0.48055555555555557 0.01171875 0.016666666666666666
14 0.36875 0.48055555555555557 0.0125 0.019444444444444445
14 0.3796875 0.475 0.0140625 0.011111111111111112
4 0.38515625 0.4951388888888889 0.0265625 0.034722222222222224
6 0.369921875 0.5361111111111111 0.02109375 0.06111111111111111
8 0.36796875 0.48541666666666666 0.0125 0.015277777777777777
8 0.369921875 0.5194444444444445 0.02109375 0.06944444444444445
3 0.506640625 0.475 0.04765625 0.09722222222222222
6 0.486328125 0.51875 0.00859375 0.029166666666666667
8 0.484375 0.5055555555555555 0.00625 0.03888888888888889
8 0.500390625 0.49375 0.00703125 0.043055555555555555
8 0.506640625 0.47847222222222224 0.00703125 0.029166666666666667
8 0.509765625 0.5027777777777778 0.01484375 0.06388888888888888
4 0.547265625 0.5090277777777777 0.06171875 0.06805555555555555
6 0.5125 0.5208333333333334 0.021875 0.058333333333333334
14 0.559765625 0.4798611111111111 0.02265625 0.020833333333333332
14 0.575 0.48819444444444443 0.009375 0.034722222222222224
13 0.69453125 0.5006944444444444 0.046875 0.14305555555555555
1 0.62734375 0.5243055555555556 0.109375 0.2375
6 0.783203125 0.5493055555555556 0.04921875 0.08194444444444444
8 0.765625 0.5173611111111112 0.0125 0.09305555555555556
8 0.779296875 0.5298611111111111 0.02421875 0.10416666666666667
13 0.43984375 0.5131944444444444 0.0953125 0.2263888888888889
7 0.31953125 0.4930555555555556 0.0046875 0.025
7 0.326171875 0.4875 0.00546875 0.025
7 0.346484375 0.5395833333333333 0.03203125 0.12916666666666668
3 0.2796875 0.4847222222222222 0.059375 0.15833333333333333
7 0.2953125 0.5472222222222223 0.0171875 0.11944444444444445
7 0.263671875 0.5458333333333333 0.02421875 0.12222222222222222
3 0.126953125 0.49930555555555556 0.25390625 0.9986111111111111
6 0.542578125 0.5388888888888889 0.02578125 0.07222222222222222
8 0.53984375 0.5152777777777777 0.0234375 0.06666666666666667
14 0.896875 0.5027777777777778 0.040625 0.1