10 0.44609375 0.3763888888888889 0.0125 0.03611111111111111
8 0.46953125 0.48125 0.01875 0.05416666666666667
6 0.46328125 0.5104166666666666 0.01875 0.07361111111111111
8 0.486328125 0.4534722222222222 0.01015625 0.0125
1 0.51015625 0.5465277777777777 0.08125 0.17083333333333334
1 0.525 0.5013888888888889 0.0515625 0.1
3 0.583203125 0.44722222222222224 0.10078125 0.1361111111111111
4 0.5984375 0.5083333333333333 0.0796875 0.10277777777777777
1 0.6390625 0.48819444444444443 0.0265625 0.07361111111111111
13 0.6890625 0.4798611111111111 0.0890625 0.17083333333333334
1 0.83828125 0.7236111111111111 0.3140625 0.5361111111111111