8 0.48515625 0.4576388888888889 0.0109375 0.018055555555555554
1 0.633203125 0.48333333333333334 0.02578125 0.07222222222222222
13 0.674609375 0.47847222222222224 0.08515625 0.1625
3 0.57734375 0.45069444444444445 0.0953125 0.14305555555555555
1 0.5203125 0.4979166666666667 0.053125 0.09305555555555556
8 0.4765625 0.4618055555555556 0.0109375 0.015277777777777777
6 0.465234375 0.5104166666666666 0.01796875 0.06805555555555555
8 0.46484375 0.48541666666666666 0.01875 0.06805555555555555
1 0.506640625 0.5444444444444444 0.07578125 0.175
4 0.587890625 0.50625 0.07109375 0.09583333333333334
1 0.83359375 0.7215277777777778 0.315625 0.5458333333333333
10 0.443359375 0.3770833333333333 0.00859375 0.03194444444444444