14 0.38984375 0.46111111111111114 0.0171875 0.025
7 0.372265625 0.4652777777777778 0.00703125 0.044444444444444446
6 0.3765625 0.47638888888888886 0.009375 0.022222222222222223
6 0.395703125 0.4798611111111111 0.01640625 0.03194444444444444
6 0.387890625 0.4895833333333333 0.01640625 0.02361111111111111
13 0.432421875 0.4638888888888889 0.05703125 0.1
4 0.483984375 0.46597222222222223 0.01640625 0.018055555555555554
4 0.476953125 0.4736111111111111 0.02578125 0.030555555555555555
8 0.465625 0.4638888888888889 0.00625 0.027777777777777776
8 0.501171875 0.46111111111111114 0.00546875 0.008333333333333333
1 0.525390625 0.47847222222222224 0.02578125 0.04583333333333333
4 0.509375 0.5006944444444444 0.046875 0.07361111111111111
8 0.54296875 0.4673611111111111 0.0078125 0.018055555555555554
7 0.580859375 0.46805555555555556 0.01328125 0.019444444444444445
7 0.565234375 0.4625 0.01015625 0.019444444444444445
7 0.57890625 0.46805555555555556 0.0078125 0.013888888888888888
7 0.553125 0.4638888888888889 0.0109375 0.019444444444444445
4 0.575 0.55 0.1125 0.15
14 0.601953125 0.4701388888888889 0.02265625 0.020833333333333332
1 0.6328125 0.4930555555555556 0.06875 0.06111111111111111
7 0.674609375 0.4666666666666667 0.00859375 0.013888888888888888
1 0.648046875 0.5340277777777778 0.06015625 0.12916666666666668
1 0.714453125 0.5590277777777778 0.10390625 0.18472222222222223
1 0.836328125 0.6111111111111112 0.17265625 0.2861111111111111
1 0.337890625 0.5125 0.05078125 0.11666666666666667
13 0.23515625 0.4666666666666667 0.1296875 0.24444444444444444
6 0.229296875 0.6111111111111112 0.15390625 0.18333333333333332
8 0.21953125 0.5652777777777778 0.05 0.19166666666666668
4 0.45 0.5652777777777778 0.115625 0.17777777777777778