4 0.468359375 0.4638888888888889 0.01171875 0.016666666666666666
1 0.480078125 0.46319444444444446 0.01015625 0.015277777777777777
4 0.519921875 0.4597222222222222 0.01171875 0.016666666666666666
4 0.534375 0.4597222222222222 0.0125 0.013888888888888888
4 0.59375 0.4722222222222222 0.0234375 0.027777777777777776
4 0.62578125 0.47847222222222224 0.0359375 0.0375
4 0.5078125 0.4798611111111111 0.0234375 0.034722222222222224
6 0.45625 0.5201388888888889 0.0265625 0.06805555555555555
8 0.45546875 0.5041666666666667 0.021875 0.07222222222222222
6 0.593359375 0.4777777777777778 0.01171875 0.019444444444444445
8 0.5921875 0.4673611111111111 0.00625 0.02638888888888889
10 0.631640625 0.4965277777777778 0.00546875 0.009722222222222222
10 0.705859375 0.5159722222222223 0.00546875 0.009722222222222222
10 0.915234375 0.5736111111111111 0.00859375 0.019444444444444445
4 0.919140625 0.5243055555555556 0.13046875 0.12916666666666668