1 0.4859375 0.47847222222222224 0.021875 0.029166666666666667
3 0.548046875 0.4618055555555556 0.09453125 0.06527777777777778
3 0.608203125 0.4666666666666667 0.02578125 0.04722222222222222
7 0.593359375 0.47708333333333336 0.01328125 0.03194444444444444
7 0.60703125 0.48125 0.009375 0.018055555555555554
7 0.725390625 0.6090277777777777 0.04921875 0.2652777777777778
4 0.5265625 0.5131944444444444 0.053125 0.09583333333333334
14 0.497265625 0.4791666666666667 0.00703125 0.022222222222222223
4 0.451171875 0.47847222222222224 0.02578125 0.029166666666666667
14 0.469921875 0.48125 0.01015625 0.018055555555555554
7 0.273046875 0.4826388888888889 0.00859375 0.043055555555555555
6 0.294921875 0.4986111111111111 0.03046875 0.03888888888888889
8 0.291015625 0.4791666666666667 0.00703125 0.027777777777777776
8 0.295703125 0.4875 0.01171875 0.041666666666666664
14 0.2109375 0.46041666666666664 0.01875 0.02361111111111111
1 0.229296875 0.48541666666666666 0.03203125 0.04027777777777778
7 0.202734375 0.5118055555555555 0.02265625 0.1125
6 0.262890625 0.6888888888888889 0.10703125 0.25833333333333336
8 0.276953125 0.6229166666666667 0.07578125 0.2375
10 0.444140625 0.3659722222222222 0.02265625 0.02638888888888889
9 0.46796875 0.34652777777777777 0.025 0.006944444444444444
7 0.73046875 0.4708333333333333 0.00625 0.013888888888888888
9 0.884375 0.4201388888888889 0.0109375 0.09027777777777778
7 0.433203125 0.475 0.00703125 0.019444444444444445
7 0.443359375 0.47430555555555554 0.00859375 0.02361111111111111
8 0.250390625 0.6236111111111111 0.09453125 0.26666666666666666