14 0.484375 0.47638888888888886 0.009375 0.013888888888888888
14 0.497265625 0.4736111111111111 0.00703125 0.008333333333333333
4 0.551953125 0.5229166666666667 0.06328125 0.09305555555555556
14 0.572265625 0.48125 0.03046875 0.034722222222222224
4 0.631640625 0.49444444444444446 0.04921875 0.03888888888888889
4 0.6796875 0.5013888888888889 0.0671875 0.07222222222222222
7 0.46875 0.4930555555555556 0.00625 0.03611111111111111
8 0.45859375 0.5125 0.0203125 0.07222222222222222
6 0.457421875 0.5333333333333333 0.02421875 0.06666666666666667
10 0.898828125 0.5881944444444445 0.01171875 0.02638888888888889
10 0.70390625 0.5347222222222222 0.0078125 0.019444444444444445
10 0.63046875 0.5125 0.0046875 0.011111111111111112