3 0.46875 0.4875 0.0078125 0.011111111111111112
14 0.457421875 0.49166666666666664 0.00859375 0.013888888888888888
3 0.4453125 0.49583333333333335 0.0171875 0.03888888888888889
1 0.45859375 0.5006944444444444 0.00625 0.02361111111111111
1 0.46484375 0.5076388888888889 0.0171875 0.03194444444444444
14 0.475 0.4986111111111111 0.0078125 0.019444444444444445
4 0.5109375 0.49930555555555556 0.0140625 0.0125
4 0.630078125 0.5201388888888889 0.06953125 0.08472222222222223
1 0.704296875 0.5263888888888889 0.04765625 0.08055555555555556
6 0.7625 0.5444444444444444 0.0359375 0.058333333333333334
8 0.7296875 0.5298611111111111 0.009375 0.0625
8 0.75703125 0.5326388888888889 0.0203125 0.0763888888888889
1 0.9359375 0.5625 0.0984375 0.1388888888888889
4 0.4953125 0.5125 0.0234375 0.03333333333333333
6 0.43125 0.5361111111111111 0.0375 0.06666666666666667
8 0.43203125 0.5256944444444445 0.0234375 0.0763888888888889
14 0.315625 0.54375 0.0484375 0.04861111111111111
6 0.275390625 0.5409722222222222 0.03203125 0.06527777777777778
6 0.351171875 0.6743055555555556 0.09453125 0.25972222222222224
8 0.3515625 0.60625 0.078125 0.23472222222222222
7 0.3234375 0.4951388888888889 0.0265625 0.04027777777777778
6 0.126953125 0.5354166666666667 0.03359375 0.04861111111111111
6 0.153515625 0.5395833333333333 0.03828125 0.06527777777777778
6 0.08515625 0.5597222222222222 0.0828125 0.07777777777777778
8 0.08125 0.5381944444444444 0.021875 0.10138888888888889
6 0.049609375 0.5270833333333333 0.01796875 0.05416666666666667
6 0.028125 0.5333333333333333 0.0203125 0.06388888888888888
6 0.009765625 0.5430555555555555 0.01796875 0.05
10 0.578515625 0.4979166666666667 0.00859375 0.04861111111111111
7 0.228515625 0.4965277777777778 0.01171875 0.0375
6 0.226953125 0.525 0.01484375 0.027777777777777776
6 0.248046875 0.5111111111111111 0.01796875 0.04722222222222222
6 0.293359375 0.5006944444444444 0.01484375 0.02361111111111111
6 0.367578125 0.5048611111111111 0.01171875 0.02638888888888889
6 0.38203125 0.49722222222222223 0.0125 0.022222222222222223
6 0.394921875 0.4979166666666667 0.01015625 0.018055555555555554
7 0.433203125 0.4930555555555556 0.00546875 0.019444444444444445
14 0.521875 0.5006944444444444 0.0078125 0.0125
8 0.555859375 0.5020833333333333 0.00703125 0.015277777777777777
7 0.105859375 0.5048611111111111 0.01484375 0.034722222222222224
7 0.119140625 0.5 0.00703125 0.013888888888888888