14 0.512109375 0.48541666666666666 0.01484375 0.018055555555555554
8 0.503125 0.48125 0.0046875 0.009722222222222222
8 0.51015625 0.4840277777777778 0.00625 0.0125
6 0.546484375 0.5402777777777777 0.02421875 0.06666666666666667
8 0.5453125 0.5166666666666667 0.0234375 0.08333333333333333
4 0.526171875 0.5166666666666667 0.03671875 0.06388888888888888
6 0.55390625 0.50625 0.015625 0.043055555555555555
6 0.58828125 0.5666666666666667 0.046875 0.10555555555555556
8 0.585546875 0.5354166666666667 0.03203125 0.10972222222222222
13 0.4734375 0.4840277777777778 0.025 0.05416666666666667
4 0.485546875 0.5340277777777778 0.06484375 0.10138888888888889
6 0.43515625 0.6180555555555556 0.046875 0.18333333333333332
8 0.43828125 0.5708333333333333 0.046875 0.175
4 0.799609375 0.7520833333333333 0.39921875 0.4930555555555556