1 0.483203125 0.4736111111111111 0.00703125 0.013888888888888888
14 0.515625 0.47847222222222224 0.00625 0.009722222222222222
14 0.523046875 0.47430555555555554 0.00390625 0.006944444444444444
14 0.52890625 0.47708333333333336 0.00625 0.015277777777777777
13 0.53828125 0.4777777777777778 0.0140625 0.022222222222222223
6 0.5734375 0.49027777777777776 0.00625 0.016666666666666666
8 0.573046875 0.48333333333333334 0.00546875 0.019444444444444445
6 0.58984375 0.49236111111111114 0.00625 0.018055555555555554
8 0.5890625 0.48541666666666666 0.0046875 0.020833333333333332
4 0.71796875 0.6298611111111111 0.240625 0.2652777777777778
10 0.81484375 0.5618055555555556 0.009375 0.015277777777777777
14 0.47265625 0.46875 0.003125 0.004166666666666667
6 0.45703125 0.5395833333333333 0.0296875 0.08194444444444444
8 0.4546875 0.5215277777777778 0.025 0.09027777777777778