14 0.434375 0.4673611111111111 0.0109375 0.018055555555555554
4 0.440625 0.4666666666666667 0.00625 0.011111111111111112
4 0.4515625 0.46458333333333335 0.0078125 0.009722222222222222
14 0.45859375 0.46458333333333335 0.0046875 0.009722222222222222
13 0.491015625 0.47847222222222224 0.03359375 0.059722222222222225
4 0.509765625 0.48819444444444443 0.00546875 0.02638888888888889
4 0.518359375 0.4888888888888889 0.01328125 0.025
7 0.56875 0.48125 0.00625 0.029166666666666667
7 0.562890625 0.475 0.00390625 0.016666666666666666
6 0.586328125 0.5083333333333333 0.01796875 0.041666666666666664
8 0.587890625 0.49583333333333335 0.01171875 0.05277777777777778
4 0.645703125 0.5270833333333333 0.09296875 0.10694444444444444
13 0.85234375 0.5930555555555556 0.29375 0.5083333333333333
4 0.555859375 0.5076388888888889 0.03984375 0.05416666666666667
1 0.444140625 0.48819444444444443 0.01640625 0.029166666666666667
1 0.46796875 0.4826388888888889 0.0125 0.02361111111111111
14 0.429296875 0.48125 0.00859375 0.020833333333333332
4 0.415234375 0.4847222222222222 0.01953125 0.03333333333333333
8 0.437890625 0.49583333333333335 0.01171875 0.041666666666666664
6 0.4375 0.5083333333333333 0.0078125 0.022222222222222223
8 0.45859375 0.4861111111111111 0.0140625 0.030555555555555555
8 0.480859375 0.5111111111111111 0.01796875 0.06388888888888888
8 0.468359375 0.4965277777777778 0.01015625 0.02361111111111111
8 0.465625 0.5472222222222223 0.040625 0.1388888888888889
6 0.4625 0.5833333333333334 0.0421875 0.125
6 0.485546875 0.5375 0.00859375 0.058333333333333334
4 0.400390625 0.4979166666666667 0.02109375 0.04861111111111111
7 0.4140625 0.5041666666666667 0.009375 0.05555555555555555
4 0.36328125 0.5034722222222222 0.059375 0.07361111111111111
8 0.396875 0.5104166666666666 0.015625 0.06805555555555555
2 0.394921875 0.5347222222222222 0.00859375 0.041666666666666664
4 0.346875 0.5145833333333333 0.0453125 0.07361111111111111
4 0.307421875 0.5479166666666667 0.09296875 0.1125
8 0.346875 0.5486111111111112 0.0390625 0.11666666666666667
8 0.3390625 0.5736111111111111 0.0359375 0.16111111111111112
2 0.34296875 0.6138888888888889 0.0421875 0.13055555555555556
4 0.171484375 0.6243055555555556 0.20390625 0.25972222222222224
4 0.06640625 0.7840277777777778 0.1328125 0.3402777777777778