1 0.480078125 0.4576388888888889 0.00703125 0.018055555555555554
14 0.52109375 0.45555555555555555 0.009375 0.016666666666666666
4 0.531640625 0.4548611111111111 0.01015625 0.0125
4 0.593359375 0.4673611111111111 0.01796875 0.02638888888888889
6 0.6046875 0.47638888888888886 0.0078125 0.016666666666666666
8 0.60390625 0.46458333333333335 0.0109375 0.029166666666666667
4 0.632421875 0.4756944444444444 0.03515625 0.04027777777777778
14 0.611328125 0.47291666666666665 0.00859375 0.018055555555555554
14 0.54140625 0.45555555555555555 0.0125 0.019444444444444445
4 0.50703125 0.4722222222222222 0.025 0.030555555555555555
6 0.455859375 0.5118055555555555 0.02265625 0.06527777777777778
8 0.4546875 0.49583333333333335 0.021875 0.07222222222222222
4 0.94375 0.5354166666666667 0.1109375 0.12916666666666668