10 0.308984375 0.3840277777777778 0.01328125 0.05138888888888889
10 0.298828125 0.4166666666666667 0.01171875 0.03888888888888889
10 0.792578125 0.3951388888888889 0.02109375 0.04027777777777778
10 0.791015625 0.42291666666666666 0.02421875 0.015277777777777777
7 0.387890625 0.4909722222222222 0.01015625 0.07083333333333333
14 0.516015625 0.4673611111111111 0.00546875 0.0125
14 0.491015625 0.46458333333333335 0.00703125 0.0125
3 0.50234375 0.46041666666666664 0.01875 0.018055555555555554
4 0.523828125 0.4895833333333333 0.01484375 0.03194444444444444
4 0.56171875 0.4979166666666667 0.0109375 0.034722222222222224
14 0.524609375 0.46875 0.01484375 0.015277777777777777
4 0.543359375 0.49444444444444446 0.03359375 0.05555555555555555
4 0.523046875 0.4888888888888889 0.01328125 0.03333333333333333
8 0.493359375 0.46597222222222223 0.00546875 0.006944444444444444
1 0.515234375 0.49375 0.00859375 0.043055555555555555
1 0.502734375 0.4909722222222222 0.02734375 0.043055555555555555
14 0.48125 0.46805555555555556 0.0125 0.008333333333333333
14 0.4671875 0.47430555555555554 0.0109375 0.015277777777777777
14 0.4796875 0.4756944444444444 0.0171875 0.006944444444444444
8 0.457421875 0.47638888888888886 0.00703125 0.013888888888888888
4 0.48515625 0.5333333333333333 0.06875 0.1111111111111111
6 0.460546875 0.49444444444444446 0.00703125 0.022222222222222223
6 0.45078125 0.5104166666666666 0.0109375 0.029166666666666667
8 0.4515625 0.4930555555555556 0.0140625 0.04722222222222222
6 0.56953125 0.5090277777777777 0.00625 0.018055555555555554
8 0.56796875 0.4965277777777778 0.009375 0.03194444444444444
6 0.376953125 0.6111111111111112 0.06484375 0.16944444444444445
8 0.379296875 0.5631944444444444 0.05078125 0.16527777777777777
14 0.566015625 0.475 0.01640625 0.013888888888888888
14 0.5828125 0.48194444444444445 0.01875 0.03611111111111111
14 0.65859375 0.4826388888888889 0.0375 0.03194444444444444
4 0.65546875 0.5472222222222223 0.0875 0.10555555555555556
7 0.5875 0.49583333333333335 0.0078125 0.03611111111111111