14 0.54453125 0.4826388888888889 0.0125 0.015277777777777777
14 0.5375 0.4861111111111111 0.0078125 0.022222222222222223
14 0.563671875 0.4861111111111111 0.01171875 0.022222222222222223
14 0.55546875 0.48819444444444443 0.0125 0.02361111111111111
13 0.52421875 0.48680555555555555 0.021875 0.0375
4 0.521484375 0.5277777777777778 0.04140625 0.06388888888888888
13 0.675 0.5368055555555555 0.1453125 0.2652777777777778
1 0.31484375 0.5201388888888889 0.021875 0.05694444444444444
7 0.36484375 0.5388888888888889 0.01875 0.08055555555555556
6 0.4765625 0.6013888888888889 0.0484375 0.15833333333333333
8 0.473828125 0.5625 0.03984375 0.15833333333333333