14 0.474609375 0.4638888888888889 0.00546875 0.03333333333333333
3 0.491796875 0.45902777777777776 0.03046875 0.07083333333333333
13 0.53828125 0.4576388888888889 0.03125 0.04583333333333333
4 0.615625 0.4756944444444444 0.025 0.029166666666666667
8 0.80546875 0.49236111111111114 0.00625 0.04583333333333333
8 0.984765625 0.4826388888888889 0.00703125 0.015277777777777777
1 0.4828125 0.4791666666666667 0.00625 0.03888888888888889
1 0.484765625 0.49166666666666664 0.00390625 0.05277777777777778
1 0.50234375 0.50625 0.040625 0.09305555555555556
4 0.55625 0.5493055555555556 0.1109375 0.18194444444444444
1 0.4546875 0.4701388888888889 0.0078125 0.02361111111111111
1 0.4640625 0.47708333333333336 0.01875 0.043055555555555555
1 0.431640625 0.4666666666666667 0.02890625 0.022222222222222223
4 0.4375 0.5208333333333334 0.059375 0.09722222222222222
6 0.4 0.5625 0.04375 0.12222222222222222
8 0.405859375 0.5013888888888889 0.02265625 0.06111111111111111
8 0.397265625 0.5291666666666667 0.03515625 0.1111111111111111
1 0.282421875 0.6236111111111111 0.17265625 0.3277777777777778
4 0.698828125 0.5520833333333334 0.13046875 0.1486111111111111
1 0.891796875 0.7388888888888889 0.21484375 0.5194444444444445
10 0.397265625 0.4 0.00703125 0.025
14 0.8671875 0.47430555555555554 0.028125 0.015277777777777777
14 0.7890625 0.46875 0.046875 0.029166666666666667
14 0.5890625 0.45902777777777776 0.015625 0.0375
14 0.940625 0.4708333333333333 0.0234375 0.025