14 0.504296875 0.4708333333333333 0.01015625 0.011111111111111112
3 0.5203125 0.46319444444444446 0.0203125 0.02361111111111111
4 0.525 0.4666666666666667 0.015625 0.016666666666666666
14 0.480859375 0.47847222222222224 0.02421875 0.034722222222222224
14 0.5375 0.4708333333333333 0.009375 0.008333333333333333
8 0.501171875 0.47708333333333336 0.00703125 0.018055555555555554
8 0.49140625 0.4777777777777778 0.009375 0.016666666666666666
14 0.547265625 0.4708333333333333 0.01484375 0.013888888888888888
4 0.510546875 0.49027777777777776 0.01484375 0.03333333333333333
4 0.557421875 0.475 0.01328125 0.013888888888888888
4 0.575 0.4722222222222222 0.0203125 0.008333333333333333
4 0.580078125 0.49444444444444446 0.05078125 0.03333333333333333
4 0.612109375 0.49027777777777776 0.03515625 0.04722222222222222
1 0.663671875 0.5395833333333333 0.07734375 0.14583333333333334
4 0.741015625 0.5319444444444444 0.10546875 0.14166666666666666
4 0.534375 0.4909722222222222 0.0375 0.034722222222222224
8 0.51953125 0.5006944444444444 0.0234375 0.05416666666666667
8 0.487890625 0.48541666666666666 0.01171875 0.029166666666666667
7 0.45859375 0.48819444444444443 0.009375 0.05416666666666667
8 0.503125 0.48125 0.0078125 0.02361111111111111
8 0.49609375 0.5083333333333333 0.021875 0.08055555555555556
8 0.46875 0.5361111111111111 0.0390625 0.12777777777777777
6 0.472265625 0.5513888888888889 0.03515625 0.10833333333333334
4 0.5859375 0.6284722222222222 0.178125 0.2513888888888889
4 0.896875 0.6451388888888889 0.2046875 0.29305555555555557
4 0.94609375 0.8951388888888889 0.10625 0.20416666666666666
7 0.044140625 0.5902777777777778 0.05703125 0.37222222222222223
7 0.05703125 0.6145833333333334 0.0984375 0.43194444444444446
7 0.46484375 0.4756944444444444 0.0078125 0.02638888888888889
8 0.538671875 0.4701388888888889 0.00546875 0.0125
8 0.51484375 0.4666666666666667 0.00625 0.011111111111111112