4 0.548828125 0.47152777777777777 0.01015625 0.015277777777777777
8 0.553125 0.4736111111111111 0.0046875 0.016666666666666666
6 0.5421875 0.48055555555555557 0.00625 0.011111111111111112
8 0.541796875 0.47291666666666665 0.00546875 0.0125
4 0.52421875 0.475 0.0140625 0.019444444444444445
4 0.559765625 0.49166666666666664 0.02578125 0.05
4 0.598828125 0.45555555555555555 0.02109375 0.011111111111111112
7 0.70234375 0.4756944444444444 0.00625 0.034722222222222224
7 0.927734375 0.4979166666666667 0.01953125 0.08472222222222223
4 0.604296875 0.5416666666666666 0.12578125 0.175
2 0.37734375 0.5326388888888889 0.0203125 0.05416666666666667
8 0.3765625 0.5041666666666667 0.0203125 0.06944444444444445
6 0.3484375 0.5680555555555555 0.04375 0.08333333333333333
8 0.349609375 0.5229166666666667 0.03359375 0.11527777777777778
2 0.028515625 0.5534722222222223 0.05703125 0.07916666666666666
8 0.02421875 0.5229166666666667 0.028125 0.10694444444444444
8 0.08203125 0.5381944444444444 0.0359375 0.12361111111111112
6 0.14296875 0.6326388888888889 0.090625 0.17916666666666667
8 0.1171875 0.5541666666666667 0.0859375 0.14166666666666666
4 0.1453125 0.7791666666666667 0.290625 0.41944444444444445
6 0.466015625 0.6784722222222223 0.08671875 0.28194444444444444
8 0.472265625 0.5993055555555555 0.06328125 0.2569444444444444
8 0.45078125 0.6208333333333333 0.078125 0.2638888888888889
6 0.68125 0.7430555555555556 0.13125 0.3
6 0.81484375 0.7368055555555556 0.153125 0.32916666666666666
8 0.672265625 0.6513888888888889 0.10859375 0.3
8 0.805859375 0.6340277777777777 0.09765625 0.3013888888888889
8 0.83828125 0.6444444444444445 0.1578125 0.35
9 0.480078125 0.26805555555555555 0.03984375 0.016666666666666666
10 0.440234375 0.3013888888888889 0.03671875 0.041666666666666664
9 0.4078125 0.3909722222222222 0.0109375 0.04027777777777778
14 0.4890625 0.4722222222222222 0.0125 0.025
14 0.51484375 0.4701388888888889 0.009375 0.015277777777777777
14 0.4984375 0.46805555555555556 0.0109375 0.016666666666666666
14 0.507421875 0.4666666666666667 0.01015625 0.016666666666666666
8 0.555078125 0.47430555555555554 0.01328125 0.043055555555555555