7 0.25625 0.4847222222222222 0.01875 0.08611111111111111
7 0.269140625 0.48194444444444445 0.01953125 0.030555555555555555
1 0.321484375 0.6569444444444444 0.19453125 0.39166666666666666
8 0.434765625 0.5013888888888889 0.01953125 0.06111111111111111
8 0.428125 0.5152777777777777 0.0265625 0.075
6 0.432421875 0.5451388888888888 0.02421875 0.06805555555555555
3 0.46640625 0.47847222222222224 0.0515625 0.12361111111111112
8 0.423046875 0.46111111111111114 0.01171875 0.027777777777777776
8 0.4796875 0.5326388888888889 0.034375 0.11805555555555555
6 0.478125 0.5576388888888889 0.0359375 0.10138888888888889
4 0.500390625 0.4840277777777778 0.01328125 0.029166666666666667
4 0.520703125 0.475 0.01953125 0.013888888888888888
8 0.5109375 0.4798611111111111 0.0109375 0.029166666666666667
4 0.516015625 0.5083333333333333 0.02578125 0.05277777777777778
4 0.5453125 0.5368055555555555 0.075 0.10972222222222222
14 0.544140625 0.4736111111111111 0.02421875 0.019444444444444445
4 0.561328125 0.47152777777777777 0.02578125 0.02638888888888889
4 0.580859375 0.4986111111111111 0.02421875 0.044444444444444446
4 0.62890625 0.5013888888888889 0.0453125 0.04722222222222222
1 0.6640625 0.5041666666666667 0.034375 0.05
4 0.74140625 0.5618055555555556 0.1125 0.13472222222222222
7 0.659375 0.5381944444444444 0.0171875 0.1125
7 0.67421875 0.5368055555555555 0.021875 0.12361111111111112
7 0.6890625 0.5527777777777778 0.0234375 0.13333333333333333
7 0.652734375 0.5527777777777778 0.01796875 0.08055555555555556
4 0.833203125 0.5118055555555555 0.04453125 0.043055555555555555
7 0.8375 0.5388888888888889 0.015625 0.08055555555555556
10 0.8125 0.44722222222222224 0.009375 0.019444444444444445
13 0.984375 0.5458333333333333 0.028125 0.18055555555555555
8 0.972265625 0.84375 0.05390625 0.2652777777777778
6 0.94765625 0.8256944444444444 0.1015625 0.34305555555555556
7 0.965234375 0.5458333333333333 0.00859375 0.07777777777777778
7 0.062890625 0.5465277777777777 0.04921875 0.26805555555555555
6 0.6 0.6444444444444445 0.0796875 0.20833333333333334
8 0.5921875 0.5854166666666667 0.0703125 0.19027777777777777
7 0.0125 0.5333333333333333 0.021875 0.175
10 0.815234375 0.46597222222222223 0.01328125 0.0125
14 0.403515625 0.4666666666666667 0.06640625 0.05555555555555555
7 0.440625 0.4625 0.00625 0.027777777777777776
4 0.49375 0.46805555555555556 0.00625 0.016666666666666666
7 0.592578125 0.48333333333333334 0.00703125 0.022222222222222223
14 0.64296875 0.4895833333333333 0.034375 0.029166666666666667
7 0.768359375 0.5083333333333333 0.01015625 0.019444444444444445
4 0.833203125 0.525 0.02734375 0.04722222222222222