7 0.4125 0.47708333333333336 0.0078125 0.043055555555555555
7 0.421484375 0.4756944444444444 0.00859375 0.0375
4 0.471484375 0.47430555555555554 0.02109375 0.034722222222222224
4 0.50078125 0.4673611111111111 0.0171875 0.02638888888888889
4 0.508203125 0.4736111111111111 0.02734375 0.025
4 0.48671875 0.46944444444444444 0.015625 0.025
3 0.464453125 0.44930555555555557 0.01015625 0.015277777777777777
3 0.480859375 0.45069444444444445 0.01328125 0.020833333333333332
3 0.53828125 0.46041666666666664 0.040625 0.05138888888888889
7 0.4265625 0.4798611111111111 0.00625 0.03194444444444444
4 0.556640625 0.4965277777777778 0.05703125 0.08194444444444444
4 0.636328125 0.48680555555555555 0.04453125 0.03194444444444444
4 0.598828125 0.475 0.04140625 0.025
8 0.61484375 0.4756944444444444 0.009375 0.020833333333333332
8 0.654296875 0.47638888888888886 0.00703125 0.016666666666666666
4 0.69453125 0.5236111111111111 0.1484375 0.1111111111111111
8 0.744140625 0.4618055555555556 0.00859375 0.015277777777777777
6 0.449609375 0.4847222222222222 0.01015625 0.025
8 0.449609375 0.47152777777777777 0.00859375 0.02638888888888889
6 0.4578125 0.5013888888888889 0.0125 0.027777777777777776
8 0.457421875 0.4840277777777778 0.01171875 0.043055555555555555
6 0.4609375 0.5159722222222223 0.015625 0.043055555555555555
8 0.462109375 0.49722222222222223 0.01484375 0.058333333333333334
10 0.64296875 0.3951388888888889 0.0171875 0.029166666666666667
10 0.71328125 0.38333333333333336 0.0296875 0.03333333333333333
10 0.642578125 0.41597222222222224 0.01640625 0.015277777777777777
3 0.9 0.4513888888888889 0.1984375 0.18611111111111112
4 0.777734375 0.7340277777777777 0.38828125 0.5013888888888889
13 0.313671875 0.4375 0.03984375 0.030555555555555555
1 0.321875 0.46041666666666664 0.025 0.02638888888888889
8 0.318359375 0.46458333333333335 0.01328125 0.02638888888888889
8 0.287109375 0.4625 0.01171875 0.019444444444444445
4 0.503125 0.51875 0.05625 0.08194444444444444
10 0.433984375 0.38680555555555557 0.02109375 0.018055555555555554
14 0.452734375 0.45 0.01328125 0.016666666666666666
6 0.521484375 0.46805555555555556 0.00546875 0.019444444444444445
8 0.51875 0.45625 0.00625 0.015277777777777777
14 0.45859375 0.46111111111111114 0.0109375 0.016666666666666666