4 0.490625 0.49375 0.021875 0.03194444444444444
14 0.483984375 0.47638888888888886 0.00546875 0.008333333333333333
4 0.505859375 0.4840277777777778 0.01328125 0.018055555555555554
1 0.51953125 0.47638888888888886 0.009375 0.016666666666666666
14 0.526171875 0.48333333333333334 0.00703125 0.008333333333333333
4 0.538671875 0.4888888888888889 0.01953125 0.016666666666666666
14 0.5546875 0.4861111111111111 0.0171875 0.019444444444444445
8 0.565234375 0.4875 0.00703125 0.011111111111111112
4 0.583984375 0.4965277777777778 0.03203125 0.029166666666666667
4 0.603125 0.4965277777777778 0.0078125 0.020833333333333332
7 0.60546875 0.5027777777777778 0.0046875 0.022222222222222223
6 0.6265625 0.5145833333333333 0.00625 0.02638888888888889
8 0.626953125 0.5090277777777777 0.00703125 0.03194444444444444
4 0.653125 0.5006944444444444 0.0421875 0.029166666666666667
4 0.69921875 0.53125 0.0421875 0.05138888888888889
7 0.67890625 0.5243055555555556 0.0125 0.05138888888888889
7 0.719140625 0.5201388888888889 0.00859375 0.04027777777777778
7 0.75234375 0.5180555555555556 0.009375 0.044444444444444446
7 0.7625 0.5333333333333333 0.0140625 0.06111111111111111
4 0.778515625 0.5145833333333333 0.02578125 0.034722222222222224
4 0.786328125 0.5208333333333334 0.02890625 0.03888888888888889
4 0.788671875 0.5284722222222222 0.02578125 0.0375
13 0.90234375 0.5430555555555555 0.1203125 0.15555555555555556
3 0.992578125 0.5083333333333333 0.01328125 0.07222222222222222
7 0.96875 0.5395833333333333 0.009375 0.059722222222222225
1 0.987890625 0.5888888888888889 0.02265625 0.11666666666666667
6 0.837109375 0.8083333333333333 0.21328125 0.37777777777777777
8 0.825 0.7 0.15625 0.3638888888888889
3 0.45859375 0.47430555555555554 0.053125 0.10416666666666667
7 0.432421875 0.4618055555555556 0.00390625 0.0125
7 0.43046875 0.46319444444444446 0.0046875 0.0125
7 0.430078125 0.475 0.00546875 0.022222222222222223
6 0.451171875 0.5208333333333334 0.02109375 0.058333333333333334
8 0.45 0.49930555555555556 0.01875 0.05138888888888889
8 0.596484375 0.49166666666666664 0.00703125 0.016666666666666666
6 0.612890625 0.5236111111111111 0.01328125 0.03333333333333333
8 0.6078125 0.4965277777777778 0.009375 0.04027777777777778
8 0.612890625 0.5055555555555555 0.01171875 0.05
4 0.512890625 0.5138888888888888 0.03828125 0.06111111111111111
4 0.571875 0.5618055555555556 0.10625 0.13472222222222222
6 0.52734375 0.6395833333333333 0.0625 0.1736111111111111
8 0.52890625 0.5854166666666667 0.053125 0.19027777777777777
7 0.41640625 0.47847222222222224 0.009375 0.02361111111111111
1 0.3609375 0.6270833333333333 0.15 0.31805555555555554
7 0.334765625 0.4673611111111111 0.01484375 0.02361111111111111
7 0.375390625 0.4638888888888889 0.00703125 0.019444444444444445
7 0.316015625 0.475 0.00859375 0.03333333333333333
7 0.324609375 0.4708333333333333 0.00703125 0.019444444444444445
7 0.216796875 0.5145833333333333 0.03359375 0.15694444444444444
7 0.15546875 0.5159722222222223 0.0515625 0.04861111111111111
7 0.125 0.5041666666666667 0.0359375 0.13333333333333333
7 0.10234375 0.5444444444444444 0.04375 0.25555555555555554
7 0.15859375 0.6868055555555556 0.1125 0.4625
7 0.058203125 0.7229166666666667 0.11640625 0.4986111111111111
7 0.978125 0.5645833333333333 0.009375 0.043055555555555555