3 0.39609375 0.4444444444444444 0.05 0.06666666666666667
13 0.458203125 0.4395833333333333 0.08046875 0.11527777777777778
7 0.228125 0.48680555555555555 0.0125 0.03194444444444444
7 0.151953125 0.49027777777777776 0.01015625 0.027777777777777776
7 0.04453125 0.5180555555555556 0.01875 0.05555555555555555
7 0.055859375 0.53125 0.02265625 0.07916666666666666
6 0.04296875 0.5888888888888889 0.040625 0.08611111111111111
8 0.036328125 0.5548611111111111 0.04921875 0.10416666666666667
6 0.017578125 0.6111111111111112 0.03515625 0.12777777777777777
8 0.0140625 0.6076388888888888 0.028125 0.10694444444444444
4 0.326953125 0.4826388888888889 0.02734375 0.009722222222222222
8 0.342578125 0.47708333333333336 0.00390625 0.009722222222222222
8 0.348046875 0.47708333333333336 0.00546875 0.006944444444444444
4 0.30390625 0.49375 0.0125 0.0125
4 0.32734375 0.5027777777777778 0.04375 0.03888888888888889
1 0.269921875 0.4888888888888889 0.06484375 0.027777777777777776
1 0.183984375 0.5166666666666667 0.07109375 0.06111111111111111
6 0.159375 0.5347222222222222 0.021875 0.019444444444444445
8 0.1484375 0.5159722222222223 0.03125 0.05138888888888889
8 0.1421875 0.5215277777777778 0.021875 0.05416666666666667
8 0.12421875 0.5263888888888889 0.0265625 0.04722222222222222
4 0.4671875 0.48055555555555557 0.0609375 0.03333333333333333
4 0.50703125 0.5916666666666667 0.0671875 0.2111111111111111
4 0.25703125 0.5638888888888889 0.1265625 0.14444444444444443
4 0.155078125 0.7243055555555555 0.31015625 0.3680555555555556
1 0.4015625 0.6798611111111111 0.1859375 0.4041666666666667
4 0.040625 0.9291666666666667 0.08125 0.1388888888888889
3 0.548046875 0.45625 0.02265625 0.03194444444444444
4 0.566015625 0.46111111111111114 0.01484375 0.030555555555555555
6 0.57734375 0.4701388888888889 0.0171875 0.018055555555555554
4 0.6640625 0.4736111111111111 0.0328125 0.03611111111111111
6 0.666796875 0.48055555555555557 0.01640625 0.025
8 0.66328125 0.4666666666666667 0.0125 0.027777777777777776
8 0.651953125 0.4777777777777778 0.01328125 0.030555555555555555
4 0.68984375 0.47708333333333336 0.021875 0.04027777777777778
6 0.74453125 0.48680555555555555 0.0234375 0.03194444444444444
8 0.7453125 0.4673611111111111 0.0125 0.034722222222222224
4 0.80703125 0.4895833333333333 0.1 0.07083333333333333
6 0.775390625 0.5180555555555556 0.04296875 0.08333333333333333
8 0.773828125 0.4930555555555556 0.01953125 0.08611111111111111
6 0.60703125 0.4861111111111111 0.0125 0.03333333333333333
8 0.605859375 0.47152777777777777 0.01171875 0.0375