4 0.462109375 0.48333333333333334 0.01171875 0.022222222222222223
4 0.466796875 0.4930555555555556 0.01484375 0.027777777777777776
7 0.40859375 0.4875 0.00625 0.03611111111111111
8 0.39609375 0.4930555555555556 0.0125 0.05
3 0.434765625 0.4791666666666667 0.04921875 0.09722222222222222
6 0.438671875 0.5409722222222222 0.02265625 0.06527777777777778
8 0.437890625 0.5270833333333333 0.02578125 0.06805555555555555
8 0.3734375 0.5006944444444444 0.009375 0.0625
8 0.3609375 0.5041666666666667 0.0171875 0.08055555555555556
7 0.339453125 0.4861111111111111 0.01015625 0.030555555555555555
4 0.8390625 0.5138888888888888 0.0359375 0.03888888888888889
4 0.867578125 0.53125 0.05234375 0.05416666666666667
10 0.859375 0.4409722222222222 0.0109375 0.03194444444444444
7 0.894921875 0.5569444444444445 0.02734375 0.09722222222222222
1 0.95 0.59375 0.096875 0.15694444444444444
4 0.727734375 0.5097222222222222 0.04765625 0.03333333333333333
8 0.735546875 0.5125 0.01171875 0.041666666666666664
8 0.745703125 0.5243055555555556 0.01171875 0.04861111111111111
4 0.7703125 0.5465277777777777 0.0578125 0.0625
4 0.678515625 0.5034722222222222 0.05234375 0.034722222222222224
4 0.606640625 0.48541666666666666 0.01171875 0.015277777777777777
4 0.63125 0.5076388888888889 0.05625 0.04583333333333333
4 0.6421875 0.5229166666666667 0.0328125 0.05138888888888889
7 0.719140625 0.5854166666666667 0.04296875 0.18472222222222223
7 0.75546875 0.5340277777777778 0.0140625 0.05694444444444444
7 0.750390625 0.61875 0.02890625 0.14305555555555555
7 0.77890625 0.5930555555555556 0.05 0.24166666666666667
7 0.797265625 0.5979166666666667 0.04296875 0.2569444444444444
3 0.58125 0.49722222222222223 0.040625 0.06944444444444445
4 0.548828125 0.48333333333333334 0.01484375 0.016666666666666666
4 0.49765625 0.4826388888888889 0.0125 0.0125
4 0.53203125 0.4930555555555556 0.0171875 0.025
4 0.51484375 0.4979166666666667 0.0234375 0.034722222222222224
4 0.55 0.5118055555555555 0.040625 0.04861111111111111
4 0.496484375 0.5263888888888889 0.05703125 0.09166666666666666
8 0.666015625 0.5736111111111111 0.05234375 0.13333333333333333
6 0.67109375 0.6958333333333333 0.059375 0.13055555555555556
6 0.60078125 0.7201388888888889 0.1 0.2513888888888889
8 0.589453125 0.6229166666666667 0.07578125 0.26805555555555555
8 0.608203125 0.6326388888888889 0.10546875 0.27361111111111114
6 0.4796875 0.5854166666666667 0.0421875 0.12083333333333333
8 0.476953125 0.5506944444444445 0.03515625 0.12638888888888888
6 0.38671875 0.5416666666666666 0.0234375 0.07777777777777778
8 0.386328125 0.5236111111111111 0.03046875 0.08333333333333333
8 0.385546875 0.5319444444444444 0.02578125 0.08333333333333333
1 0.2375 0.7041666666666667 0.23125 0.45
6 0.34921875 0.5340277777777778 0.0125 0.05416666666666667
8 0.349609375 0.49236111111111114 0.01328125 0.02638888888888889
7 0.242578125 0.4625 0.01484375 0.03611111111111111
7 0.229296875 0.4673611111111111 0.01171875 0.029166666666666667
14 0.88125 0.5423611111111111 0.0328125 0.04583333333333333
7 0.52109375 0.48333333333333334 0.0046875 0.013888888888888888
8 0.527734375 0.48125 0.00234375 0.006944444444444444
7 0.20234375 0.46805555555555556 0.0234375 0.027777777777777776