6 0.076171875 0.8208333333333333 0.15234375 0.35555555555555557
8 0.0609375 0.7618055555555555 0.11875 0.4625
4 0.981640625 0.5305555555555556 0.02890625 0.03611111111111111
4 0.951953125 0.5284722222222222 0.04609375 0.043055555555555555
3 0.48515625 0.4597222222222222 0.0171875 0.025
3 0.505078125 0.46319444444444446 0.01640625 0.018055555555555554
14 0.4703125 0.4625 0.00625 0.011111111111111112
4 0.48046875 0.4722222222222222 0.0140625 0.013888888888888888
14 0.47109375 0.47152777777777777 0.0078125 0.009722222222222222
14 0.463671875 0.47291666666666665 0.01015625 0.0125
1 0.49609375 0.4756944444444444 0.0171875 0.0125
14 0.519921875 0.47638888888888886 0.03046875 0.016666666666666666
4 0.545703125 0.49375 0.03515625 0.05416666666666667
14 0.566796875 0.47430555555555554 0.01328125 0.0125
4 0.573046875 0.5152777777777777 0.04921875 0.075
4 0.63671875 0.5347222222222222 0.115625 0.15555555555555556
3 0.69609375 0.45625 0.10625 0.10416666666666667
4 0.821875 0.64375 0.3109375 0.3486111111111111
1 0.46171875 0.46041666666666664 0.0078125 0.0125
4 0.46640625 0.5 0.0265625 0.04722222222222222
6 0.44609375 0.4875 0.00625 0.016666666666666666
8 0.44453125 0.47638888888888886 0.00625 0.025
6 0.442578125 0.4875 0.00703125 0.013888888888888888
8 0.440234375 0.4777777777777778 0.00703125 0.019444444444444445
6 0.440625 0.5166666666666667 0.015625 0.05
8 0.438671875 0.5006944444444444 0.01640625 0.04861111111111111
6 0.429296875 0.5333333333333333 0.02109375 0.05
8 0.428125 0.5083333333333333 0.01875 0.06944444444444445
4 0.50234375 0.5784722222222223 0.1203125 0.19583333333333333
10 0.482421875 0.41458333333333336 0.03203125 0.02638888888888889
7 0.451953125 0.48333333333333334 0.00703125 0.025
8 0.4546875 0.475 0.0078125 0.022222222222222223