14 0.6625 0.45694444444444443 0.0125 0.022222222222222223
4 0.678125 0.45625 0.01875 0.02638888888888889
6 0.683984375 0.4652777777777778 0.00546875 0.013888888888888888
8 0.684375 0.45694444444444443 0.0046875 0.013888888888888888
6 0.6953125 0.4652777777777778 0.0078125 0.013888888888888888
8 0.694140625 0.45902777777777776 0.00546875 0.020833333333333332
6 0.7625 0.4875 0.009375 0.022222222222222223
8 0.7625 0.47638888888888886 0.009375 0.025
7 0.878515625 0.48333333333333334 0.00859375 0.04722222222222222
7 0.971484375 0.4930555555555556 0.01328125 0.06666666666666667
7 0.990234375 0.5 0.01171875 0.06944444444444445
7 0.770703125 0.5020833333333333 0.02109375 0.09027777777777778
6 0.60625 0.4791666666666667 0.0078125 0.025
8 0.604296875 0.46041666666666664 0.00859375 0.015277777777777777
13 0.56015625 0.46041666666666664 0.0296875 0.03194444444444444
6 0.5546875 0.4909722222222222 0.0125 0.020833333333333332
6 0.542578125 0.49166666666666664 0.01015625 0.025
8 0.5546875 0.46944444444444444 0.0109375 0.025
8 0.534765625 0.4652777777777778 0.00703125 0.022222222222222223
8 0.543359375 0.4756944444444444 0.01171875 0.034722222222222224
6 0.52578125 0.4979166666666667 0.0109375 0.034722222222222224
8 0.525 0.4798611111111111 0.0109375 0.04861111111111111
8 0.451953125 0.46875 0.00546875 0.0375
1 0.46796875 0.48194444444444445 0.028125 0.04722222222222222
1 0.48828125 0.4798611111111111 0.03125 0.04027777777777778
1 0.503515625 0.5111111111111111 0.04140625 0.09444444444444444
6 0.560546875 0.5020833333333333 0.01171875 0.02638888888888889
8 0.56015625 0.47847222222222224 0.0140625 0.034722222222222224
6 0.567578125 0.5840277777777778 0.05078125 0.1375
8 0.5671875 0.56875 0.046875 0.16527777777777777
7 0.5671875 0.5847222222222223 0.03125 0.17777777777777778
8 0.468359375 0.48055555555555557 0.01484375 0.03333333333333333
8 0.459765625 0.48819444444444443 0.01328125 0.03194444444444444
8 0.44296875 0.48541666666666666 0.0125 0.034722222222222224
8 0.4484375 0.48819444444444443 0.0140625 0.029166666666666667
1 0.402734375 0.4986111111111111 0.04140625 0.06944444444444445
1 0.366015625 0.53125 0.08203125 0.12361111111111112
8 0.273046875 0.48125 0.01171875 0.015277777777777777
7 0.173828125 0.5069444444444444 0.01328125 0.05
7 0.13828125 0.5055555555555555 0.0125 0.05
6 0.11015625 0.5159722222222223 0.0234375 0.029166666666666667
8 0.11171875 0.5069444444444444 0.0109375 0.03333333333333333
4 0.03046875 0.5229166666666667 0.0546875 0.059722222222222225
7 0.0578125 0.5270833333333333 0.0140625 0.07083333333333333
7 0.037890625 0.5354166666666667 0.01796875 0.09583333333333334
6 0.084375 0.6104166666666667 0.0828125 0.14583333333333334
8 0.09296875 0.5534722222222223 0.05 0.12083333333333333
4 0.2828125 0.5166666666666667 0.0921875 0.07222222222222222
4 0.466796875 0.5833333333333334 0.11796875 0.19444444444444445
4 0.219921875 0.725 0.36953125 0.46111111111111114
9 0.344140625 0.30416666666666664 0.02734375 0.013888888888888888
10 0.298046875 0.3236111111111111 0.04140625 0.041666666666666664
9 0.270703125 0.39444444444444443 0.00859375 0.03888888888888889
9 0.27734375 0.425 0.0171875 0.016666666666666666
7 0.09765625 0.4791666666666667 0.0046875 0.022222222222222223
8 0.187109375 0.5166666666666667 0.01328125 0.025
14 0.31796875 0.49166666666666664 0.025 0.05277777777777778
8 0.3546875 0.45902777777777776 0.009375 0.020833333333333332
14 0.37265625 0.4652777777777778 0.0265625 0.008333333333333333
8 0.388671875 0.46319444444444446 0.00234375 0.006944444444444444
8 0.41015625 0.4548611111111111 0.009375 0.015277777777777777
7 0.43125 0.4583333333333333 0.0078125 0.030555555555555555
8 0.520703125 0.4583333333333333 0.00703125 0.016666666666666666
14 0.580859375 0.4625 0.01015625 0.030555555555555555
14 0.65234375 0.45555555555555555 0.0078125 0.019444444444444445
14 0.59375 0.4527777777777778 0.00625 0.022222222222222223
14 0.70234375 0.46319444444444446 0.0078125 0.015277777777777777
6 0.66875 0.4652777777777778 0.0078125 0.016666666666666666
8 0.667578125 0.4548611111111111 0.00859375 0.02361111111111111