14 0.5734375 0.5189814814814815 0.016666666666666666 0.012037037037037037
14 0.5526041666666667 0.5254629629629629 0.010416666666666666 0.012037037037037037
14 0.5450520833333333 0.5291666666666667 0.0109375 0.010185185185185186
8 0.5354166666666667 0.5365740740740741 0.005208333333333333 0.008333333333333333
8 0.5377604166666666 0.538425925925926 0.005729166666666666 0.010185185185185186
8 0.5411458333333333 0.537962962962963 0.004166666666666667 0.007407407407407408
8 0.53515625 0.5425925925925926 0.0046875 0.009259259259259259
14 0.5213541666666667 0.538425925925926 0.019791666666666666 0.012037037037037037
8 0.5184895833333333 0.5402777777777777 0.0036458333333333334 0.008333333333333333
8 0.5231770833333333 0.5402777777777777 0.0036458333333333334 0.006481481481481481
8 0.50625 0.5398148148148149 0.005208333333333333 0.009259259259259259
10 0.52578125 0.49722222222222223 0.0067708333333333336 0.007407407407407408
10 0.48098958333333336 0.5120370370370371 0.0067708333333333336 0.018518518518518517
8 0.46822916666666664 0.5449074074074074 0.00625 0.01574074074074074
10 0.46927083333333336 0.5069444444444444 0.01875 0.03796296296296296
8 0.47317708333333336 0.5550925925925926 0.008854166666666666 0.026851851851851852
8 0.48203125 0.5509259259259259 0.0036458333333333334 0.007407407407407408
8 0.48463541666666665 0.5523148148148148 0.0078125 0.019444444444444445
7 0.44869791666666664 0.5523148148148148 0.0109375 0.030555555555555555
8 0.46484375 0.5685185185185185 0.009895833333333333 0.037037037037037035
8 0.45703125 0.5717592592592593 0.0140625 0.041666666666666664
7 0.07526041666666666 0.5439814814814815 0.016145833333333335 0.032407407407407406
7 0.3223958333333333 0.5731481481481482 0.017708333333333333 0.044444444444444446
8 0.28151041666666665 0.5833333333333334 0.025520833333333333 0.03148148148148148
10 0.019791666666666666 0.375 0.03958333333333333 0.0962962962962963
4 0.55390625 0.5277777777777778 0.0067708333333333336 0.005555555555555556
13 0.5622395833333333 0.5263888888888889 0.0109375 0.012037037037037037
1 0.56953125 0.5305555555555556 0.0078125 0.011111111111111112
14 0.5796875 0.5305555555555556 0.0125 0.012962962962962963
14 0.6 0.5319444444444444 0.026041666666666668 0.008333333333333333
4 0.57890625 0.5337962962962963 0.0140625 0.010185185185185186
8 0.58046875 0.5342592592592592 0.0046875 0.007407407407407408
8 0.5770833333333333 0.5342592592592592 0.00625 0.005555555555555556
14 0.5653645833333333 0.5388888888888889 0.0109375 0.016666666666666666
4 0.5752604166666667 0.5509259259259259 0.0171875 0.027777777777777776
4 0.5953125 0.5467592592592593 0.034375 0.013888888888888888
4 0.59921875 0.5560185185185185 0.0484375 0.019444444444444445
9 0.6385416666666667 0.48055555555555557 0.005208333333333333 0.011111111111111112
13 0.6841145833333333 0.5444444444444444 0.0953125 0.20555555555555555
8 0.6494791666666667 0.42453703703703705 0.014583333333333334 0.03796296296296296
8 0.6924479166666667 0.4185185185185185 0.018229166666666668 0.08148148148148149
8 0.6645833333333333 0.5120370370370371 0.0375 0.09444444444444444
8 0.7901041666666667 0.5814814814814815 0.016666666666666666 0.09444444444444444
8 0.5666666666666667 0.5513888888888889 0.005208333333333333 0.023148148148148147
1 0.5510416666666667 0.5342592592592592 0.014583333333333334 0.007407407407407408
4 0.5388020833333333 0.5560185185185185 0.009895833333333333 0.026851851851851852
1 0.49453125 0.5546296296296296 0.025520833333333333 0.022222222222222223
1 0.55390625 0.5467592592592593 0.025520833333333333 0.021296296296296296
1 0.51796875 0.5685185185185185 0.03802083333333333 0.05185185185185185
8 0.43333333333333335 0.5694444444444444 0.015625 0.03333333333333333
8 0.4205729166666667 0.5953703703703703 0.025520833333333333 0.07222222222222222
6 0.4192708333333333 0.6587962962962963 0.026041666666666668 0.06944444444444445
6 0.4466145833333333 0.6509259259259259 0.0359375 0.12407407407407407
8 0.4375 0.5907407407407408 0.016666666666666666 0.05925925925925926
8 0.44453125 0.6199074074074075 0.0421875 0.1175925925925926
7 0.34869791666666666 0.575925925925926 0.021354166666666667 0.03888888888888889
6 0.38828125 0.6273148148148148 0.0171875 0.04722222222222222
8 0.38359375 0.6023148148148149 0.022395833333333334 0.07314814814814814
8 0.3723958333333333 0.6 0.040625 0.08148148148148149
4 0.5515625 0.5625 0.03125 0.019444444444444445
4 0.49583333333333335 0.6208333333333333 0.07916666666666666 0.125
4 0.6486979166666667 0.6259259259259259 0.0765625 0.13518518518518519
4 0.5783854166666667 0.6708333333333333 0.13385416666666666 0.21944444444444444
7 0.99375 0.5837962962962963 0.011458333333333333 0.11203703703703703
4 0.8372395833333334 0.7907407407407407 0.32447916666666665 0.4166666666666667
4 0.3419270833333333 0.7458333333333333 0.17135416666666667 0.3101851851851852
1 0.14947916666666666 0.7791666666666667 0.2989583333333333 0.4398148148148148
9 0.46848958333333335 0.45092592592592595 0.008854166666666666 0.06481481481481481
7 0.8057291666666667 0.5810185185185185 0.019791666666666666 0.07685185185185185
10 0.016666666666666666 0.44722222222222224 0.03333333333333333 0.03888888888888889
8 0.5419270833333333 0.5662037037037037 0.015104166666666667 0.030555555555555555