3 0.32526041666666666 0.4222222222222222 0.07552083333333333 0.14629629629629629
13 0.39166666666666666 0.39537037037037037 0.06458333333333334 0.08888888888888889
13 0.44947916666666665 0.3958333333333333 0.05520833333333333 0.08055555555555556
1 0.484375 0.4287037037037037 0.020833333333333332 0.04259259259259259
13 0.5760416666666667 0.3912037037037037 0.19375 0.32314814814814813
13 0.8005208333333333 0.5 0.39791666666666664 0.9981481481481481
1 0.18411458333333333 0.4300925925925926 0.034895833333333334 0.05277777777777778
4 0.15 0.4097222222222222 0.03125 0.026851851851851852
4 0.22708333333333333 0.4462962962962963 0.03958333333333333 0.06481481481481481
1 0.28463541666666664 0.41805555555555557 0.0203125 0.030555555555555555
1 0.2643229166666667 0.42268518518518516 0.025520833333333333 0.03981481481481482
4 0.246875 0.40879629629629627 0.022916666666666665 0.023148148148148147
8 0.26796875 0.42453703703703705 0.011979166666666667 0.021296296296296296
4 0.296875 0.4375 0.040625 0.028703703703703703
4 0.35104166666666664 0.44351851851851853 0.026041666666666668 0.04259259259259259
6 0.20234375 0.4550925925925926 0.0203125 0.049074074074074076
8 0.2015625 0.4398148148148148 0.016666666666666666 0.05555555555555555
6 0.215625 0.47129629629629627 0.015625 0.053703703703703705
8 0.2140625 0.44537037037037036 0.020833333333333332 0.040740740740740744
8 0.21197916666666666 0.45694444444444443 0.027083333333333334 0.06944444444444445
8 0.24010416666666667 0.449537037037037 0.021875 0.03981481481481482
1 0.28567708333333336 0.525 0.08489583333333334 0.18703703703703703
6 0.24114583333333334 0.5916666666666667 0.06666666666666667 0.2
8 0.2390625 0.5407407407407407 0.06145833333333333 0.19444444444444445
1 0.4244791666666667 0.6689814814814815 0.21354166666666666 0.4824074074074074
7 0.14739583333333334 0.42407407407407405 0.011458333333333333 0.040740740740740744
7 0.16041666666666668 0.4212962962962963 0.009375 0.027777777777777776
6 0.1265625 0.8083333333333333 0.20520833333333333 0.3814814814814815
8 0.12838541666666667 0.7078703703703704 0.18489583333333334 0.43425925925925923
10 0.4856770833333333 0.36342592592592593 0.008854166666666666 0.017592592592592594
10 0.4861979166666667 0.37962962962962965 0.0078125 0.007407407407407408
4 0.19765625 0.40925925925925927 0.04114583333333333 0.027777777777777776
8 0.23958333333333334 0.41388888888888886 0.007291666666666667 0.012962962962962963
7 0.24895833333333334 0.42685185185185187 0.0125 0.02962962962962963