4 0.5700520833333333 0.5537037037037037 0.009895833333333333 0.016666666666666666
4 0.5856770833333333 0.55 0.008854166666666666 0.009259259259259259
4 0.5848958333333333 0.562962962962963 0.016666666666666666 0.020370370370370372
4 0.6010416666666667 0.5643518518518519 0.020833333333333332 0.030555555555555555
4 0.6184895833333334 0.5574074074074075 0.019270833333333334 0.024074074074074074
6 0.6244791666666667 0.5685185185185185 0.00625 0.016666666666666666
8 0.6239583333333333 0.5560185185185185 0.007291666666666667 0.012037037037037037
4 0.6450520833333333 0.5717592592592593 0.028645833333333332 0.049074074074074076
4 0.6861979166666666 0.6069444444444444 0.0765625 0.09351851851851851
4 0.7385416666666667 0.5972222222222222 0.051041666666666666 0.08333333333333333
4 0.8421875 0.6578703703703703 0.20416666666666666 0.24351851851851852
4 0.94765625 0.649537037037037 0.10364583333333334 0.1824074074074074
14 0.54296875 0.5259259259259259 0.015104166666666667 0.007407407407407408
14 0.52265625 0.5412037037037037 0.0109375 0.012037037037037037
4 0.5364583333333334 0.5416666666666666 0.00625 0.007407407407407408
4 0.5411458333333333 0.5347222222222222 0.005208333333333333 0.008333333333333333
4 0.5309895833333333 0.5342592592592592 0.0046875 0.007407407407407408
4 0.5455729166666666 0.5421296296296296 0.0067708333333333336 0.010185185185185186
4 0.55390625 0.5518518518518518 0.0078125 0.016666666666666666
14 0.5096354166666667 0.5449074074074074 0.0067708333333333336 0.012037037037037037
1 0.48932291666666666 0.5611111111111111 0.0140625 0.025925925925925925
1 0.5018229166666667 0.5791666666666667 0.027604166666666666 0.0712962962962963
1 0.5364583333333334 0.575462962962963 0.03333333333333333 0.06388888888888888
6 0.5609375 0.5898148148148148 0.0125 0.04259259259259259
8 0.56015625 0.5666666666666667 0.0109375 0.03888888888888889
4 0.55234375 0.5583333333333333 0.0109375 0.02962962962962963
6 0.5005208333333333 0.5967592592592592 0.014583333333333334 0.049074074074074076
8 0.5005208333333333 0.5708333333333333 0.01875 0.04351851851851852
6 0.5169270833333334 0.6185185185185185 0.0234375 0.07962962962962963
8 0.51953125 0.5652777777777778 0.013020833333333334 0.026851851851851852
8 0.5166666666666667 0.5972222222222222 0.023958333333333335 0.09074074074074075
6 0.5411458333333333 0.6523148148148148 0.03229166666666667 0.1287037037037037
8 0.5427083333333333 0.5884259259259259 0.0375 0.06944444444444445
8 0.54296875 0.6236111111111111 0.04739583333333333 0.13240740740740742
4 0.4778645833333333 0.5513888888888889 0.013020833333333334 0.008333333333333333
8 0.46770833333333334 0.5504629629629629 0.00625 0.006481481481481481
4 0.47213541666666664 0.5736111111111111 0.034895833333333334 0.05092592592592592
7 0.4453125 0.5513888888888889 0.00625 0.01574074074074074
4 0.4388020833333333 0.5791666666666667 0.015104166666666667 0.04722222222222222
7 0.4510416666666667 0.575462962962963 0.011458333333333333 0.05277777777777778
7 0.44895833333333335 0.5513888888888889 0.005208333333333333 0.013888888888888888
6 0.43411458333333336 0.5875 0.0078125 0.030555555555555555
7 0.3953125 0.5625 0.005208333333333333 0.021296296296296296
1 0.41432291666666665 0.5902777777777778 0.03802083333333333 0.0824074074074074
6 0.38645833333333335 0.6148148148148148 0.016666666666666666 0.05740740740740741
8 0.38697916666666665 0.6018518518518519 0.025 0.07962962962962963
6 0.3541666666666667 0.6152777777777778 0.023958333333333335 0.05277777777777778
6 0.34010416666666665 0.6143518518518518 0.03125 0.08055555555555556
6 0.32578125 0.6166666666666667 0.03177083333333333 0.07962962962962963
6 0.31744791666666666 0.625462962962963 0.0234375 0.08981481481481482
6 0.30625 0.6236111111111111 0.035416666666666666 0.08611111111111111
6 0.29739583333333336 0.6337962962962963 0.03229166666666667 0.08796296296296297
6 0.2859375 0.6337962962962963 0.023958333333333335 0.10462962962962963
6 0.2752604166666667 0.6388888888888888 0.034895833333333334 0.09074074074074075
6 0.24661458333333333 0.6277777777777778 0.025520833333333333 0.06666666666666667
6 0.23489583333333333 0.6527777777777778 0.035416666666666666 0.11666666666666667
6 0.21145833333333333 0.6587962962962963 0.03958333333333333 0.12314814814814815
6 0.20260416666666667 0.662962962962963 0.036458333333333336 0.12962962962962962
6 0.1796875 0.6699074074074074 0.03854166666666667 0.14722222222222223
6 0.16979166666666667 0.6814814814814815 0.028125 0.12407407407407407
6 0.16276041666666666 0.6819444444444445 0.0421875 0.13055555555555556
6 0.1453125 0.6837962962962963 0.04479166666666667 0.1527777777777778
6 0.12161458333333333 0.6912037037037037 0.0484375 0.16018518518518518
6 0.04765625 0.6648148148148149 0.0234375 0.08333333333333333
6 0.09322916666666667 0.7060185185185185 0.06770833333333333 0.16574074074074074
6 0.051041666666666666 0.725925925925926 0.10208333333333333 0.17037037037037037
6 0.023958333333333335 0.763425925925926 0.04791666666666667 0.15833333333333333
7 0.06901041666666667 0.612037037037037 0.033854166666666664 0.13333333333333333
7 0.1015625 0.6064814814814815 0.027083333333333334 0.12222222222222222
7 0.2791666666666667 0.5662037037037037 0.008333333333333333 0.03611111111111111
7 0.2747395833333333 0.5745370370370371 0.013020833333333334 0.04537037037037037
6 0.26875 0.6768518518518518 0.05416666666666667 0.12777777777777777
8 0.27369791666666665 0.6504629629629629 0.04114583333333333 0.15648148148148147
8 0.46145833333333336 0.549074074074074 0.007291666666666667 0.011111111111111112