13 0.34661458333333334 0.45 0.021354166666666667 0.03518518518518519
13 0.37161458333333336 0.45694444444444443 0.0359375 0.09722222222222222
13 0.3966145833333333 0.4583333333333333 0.019270833333333334 0.06111111111111111
13 0.4244791666666667 0.4601851851851852 0.04583333333333333 0.0962962962962963
8 0.45546875 0.475 0.005729166666666666 0.020370370370370372
6 0.4549479166666667 0.5027777777777778 0.0078125 0.044444444444444446
13 0.4864583333333333 0.4888888888888889 0.058333333333333334 0.11296296296296296
6 0.44479166666666664 0.5009259259259259 0.021875 0.05740740740740741
8 0.4432291666666667 0.4912037037037037 0.021875 0.06759259259259259
7 0.5619791666666667 0.48564814814814816 0.010416666666666666 0.06018518518518518
7 0.5700520833333333 0.5120370370370371 0.018229166666666668 0.08333333333333333
6 0.3765625 0.49444444444444446 0.021875 0.06111111111111111
8 0.37734375 0.4847222222222222 0.019270833333333334 0.075
6 0.3997395833333333 0.5041666666666667 0.0234375 0.062037037037037036
8 0.39479166666666665 0.49444444444444446 0.022916666666666665 0.07777777777777778
6 0.42135416666666664 0.5027777777777778 0.026041666666666668 0.06481481481481481
8 0.4192708333333333 0.49675925925925923 0.023958333333333335 0.0787037037037037
7 0.7411458333333333 0.4875 0.016666666666666666 0.09537037037037037
7 0.79296875 0.48935185185185187 0.011979166666666667 0.08981481481481482
7 0.8216145833333334 0.49444444444444446 0.016145833333333335 0.09444444444444444
8 0.8494791666666667 0.5273148148148148 0.011458333333333333 0.07685185185185185
6 0.8393229166666667 0.5912037037037037 0.03697916666666667 0.09351851851851851
13 0.925 0.5268518518518519 0.14895833333333333 0.45
6 0.7791666666666667 0.7930555555555555 0.2916666666666667 0.36018518518518516
8 0.7723958333333333 0.687962962962963 0.11041666666666666 0.42592592592592593
8 0.7109375 0.6847222222222222 0.08541666666666667 0.44351851851851853
8 0.66015625 0.6712962962962963 0.07760416666666667 0.43148148148148147
9 0.9536458333333333 0.07175925925925926 0.04479166666666667 0.05462962962962963
10 0.92890625 0.1527777777777778 0.03177083333333333 0.09444444444444444
1 0.3328125 0.4532407407407407 0.014583333333333334 0.028703703703703703
8 0.31328125 0.4615740740740741 0.009895833333333333 0.03425925925925926
14 0.31953125 0.4486111111111111 0.015104166666666667 0.026851851851851852
6 0.3151041666666667 0.4703703703703704 0.014583333333333334 0.03888888888888889
6 0.35651041666666666 0.49212962962962964 0.013020833333333334 0.05462962962962963
8 0.35546875 0.4875 0.016145833333333335 0.075
8 0.3489583333333333 0.49166666666666664 0.014583333333333334 0.07777777777777778
6 0.35 0.5018518518518519 0.013541666666666667 0.05925925925925926
7 0.33567708333333335 0.49444444444444446 0.0109375 0.10555555555555556
6 0.32369791666666664 0.49583333333333335 0.019270833333333334 0.058333333333333334
8 0.3234375 0.4888888888888889 0.015625 0.07407407407407407
7 0.3421875 0.4986111111111111 0.035416666666666666 0.10462962962962963
7 0.2908854166666667 0.4726851851851852 0.0067708333333333336 0.049074074074074076
6 0.3028645833333333 0.48194444444444445 0.019270833333333334 0.032407407407407406
8 0.30364583333333334 0.4722222222222222 0.007291666666666667 0.040740740740740744
6 0.27708333333333335 0.4898148148148148 0.021875 0.06111111111111111
8 0.27838541666666666 0.475 0.018229166666666668 0.06296296296296296
7 0.24869791666666666 0.48194444444444445 0.013020833333333334 0.0712962962962963
6 0.2234375 0.5222222222222223 0.03125 0.07962962962962963
8 0.22942708333333334 0.49398148148148147 0.0171875 0.09537037037037037
8 0.22005208333333334 0.4949074074074074 0.03177083333333333 0.09722222222222222
6 0.09505208333333333 0.4949074074074074 0.027604166666666666 0.058333333333333334
8 0.0875 0.47824074074074074 0.0125 0.06759259259259259
6 0.07447916666666667 0.49398148148148147 0.030208333333333334 0.062037037037037036
8 0.06692708333333333 0.4787037037037037 0.019270833333333334 0.07407407407407407
1 0.04453125 0.4759259259259259 0.03802083333333333 0.07222222222222222
6 0.0546875 0.500462962962963 0.023958333333333335 0.05648148148148148
1 0.01171875 0.4638888888888889 0.022395833333333334 0.046296296296296294
7 0.0026041666666666665 0.4759259259259259 0.005208333333333333 0.05555555555555555
7 0.011458333333333333 0.4689814814814815 0.017708333333333333 0.05277777777777778
8 0.05963541666666667 0.5907407407407408 0.0390625 0.18703703703703703
8 0.03515625 0.5648148148148148 0.0703125 0.23703703703703705
6 0.04114583333333333 0.6402777777777777 0.08229166666666667 0.18981481481481483
9 0.24192708333333332 0.17037037037037037 0.044270833333333336 0.024074074074074074
9 0.2109375 0.17175925925925925 0.017708333333333333 0.021296296296296296
10 0.19270833333333334 0.20925925925925926 0.04791666666666667 0.053703703703703705
9 0.14817708333333332 0.4050925925925926 0.009895833333333333 0.017592592592592594
8 0.04505208333333333 0.4675925925925926 0.011979166666666667 0.04814814814814815
9 0.13828125 0.40694444444444444 0.009895833333333333 0.019444444444444445