13 0.46041666666666664 0.5083333333333333 0.058333333333333334 0.09259259259259259
4 0.4234375 0.5421296296296296 0.01875 0.03425925925925926
4 0.44140625 0.5458333333333333 0.028645833333333332 0.04351851851851852
4 0.46953125 0.5435185185185185 0.028645833333333332 0.040740740740740744
4 0.50078125 0.5263888888888889 0.022395833333333334 0.023148148148148147
6 0.5010416666666667 0.5513888888888889 0.0125 0.026851851851851852
8 0.5005208333333333 0.5407407407407407 0.011458333333333333 0.037037037037037035
14 0.5372395833333333 0.5259259259259259 0.0265625 0.024074074074074074
7 0.5296875 0.5310185185185186 0.009375 0.03425925925925926
13 0.5830729166666667 0.5162037037037037 0.0171875 0.05648148148148148
13 0.5682291666666667 0.5171296296296296 0.036458333333333336 0.06018518518518518
7 0.5630208333333333 0.5337962962962963 0.00625 0.030555555555555555
3 0.62421875 0.5208333333333334 0.0640625 0.06388888888888888
7 0.6614583333333334 0.5268518518518519 0.007291666666666667 0.037037037037037035
7 0.7182291666666667 0.5310185185185186 0.008333333333333333 0.04537037037037037
7 0.74765625 0.5300925925925926 0.0140625 0.05462962962962963
3 0.9119791666666667 0.48657407407407405 0.17395833333333333 0.28425925925925927
4 0.9122395833333333 0.6078703703703704 0.17447916666666666 0.18055555555555555
14 0.41354166666666664 0.5407407407407407 0.005208333333333333 0.005555555555555556
6 0.41770833333333335 0.5518518518518518 0.014583333333333334 0.024074074074074074
6 0.4015625 0.5550925925925926 0.036458333333333336 0.03425925925925926
6 0.40572916666666664 0.5574074074074075 0.025 0.03148148148148148
6 0.40546875 0.5611111111111111 0.013020833333333334 0.03148148148148148
6 0.39348958333333334 0.5578703703703703 0.03697916666666667 0.04351851851851852
6 0.38229166666666664 0.5601851851851852 0.03229166666666667 0.05555555555555555
6 0.37447916666666664 0.5606481481481481 0.03125 0.06018518518518518
6 0.3671875 0.562962962962963 0.030208333333333334 0.06111111111111111
6 0.35885416666666664 0.5662037037037037 0.046875 0.06018518518518518
6 0.34609375 0.5648148148148148 0.04739583333333333 0.07037037037037037
8 0.39479166666666665 0.5208333333333334 0.00625 0.013888888888888888
6 0.3927083333333333 0.5268518518518519 0.007291666666666667 0.011111111111111112
7 0.3575520833333333 0.5162037037037037 0.0109375 0.025
7 0.3463541666666667 0.512962962962963 0.010416666666666666 0.03333333333333333
7 0.33828125 0.5212962962962963 0.009895833333333333 0.046296296296296294
7 0.29401041666666666 0.5689814814814815 0.009895833333333333 0.06018518518518518
13 0.2109375 0.5560185185185185 0.15833333333333333 0.27870370370370373
6 0.11041666666666666 0.5458333333333333 0.026041666666666668 0.08055555555555556
6 0.09322916666666667 0.5527777777777778 0.022916666666666665 0.06666666666666667
6 0.06432291666666666 0.6601851851851852 0.06302083333333333 0.20185185185185187
6 0.023697916666666666 0.712037037037037 0.04739583333333333 0.15925925925925927
10 0.384375 0.4912037037037037 0.005208333333333333 0.021296296296296296
6 0.3578125 0.5314814814814814 0.010416666666666666 0.025925925925925925