3 0.50703125 0.4912037037037037 0.0140625 0.017592592592592594
14 0.4979166666666667 0.4935185185185185 0.008333333333333333 0.016666666666666666
3 0.4817708333333333 0.49166666666666664 0.029166666666666667 0.03148148148148148
4 0.49947916666666664 0.5138888888888888 0.025 0.027777777777777776
4 0.51484375 0.5027777777777778 0.0078125 0.012962962962962963
4 0.5041666666666667 0.5120370370370371 0.011458333333333333 0.020370370370370372
4 0.48854166666666665 0.5231481481481481 0.03854166666666667 0.03148148148148148
4 0.5111979166666667 0.5115740740740741 0.0067708333333333336 0.019444444444444445
4 0.5216145833333333 0.5231481481481481 0.018229166666666668 0.03148148148148148
4 0.5625 0.5962962962962963 0.09375 0.16111111111111112
13 0.5716145833333334 0.48657407407407405 0.1046875 0.262037037037037
4 0.46484375 0.5115740740740741 0.022395833333333334 0.019444444444444445
8 0.46119791666666665 0.5208333333333334 0.018229166666666668 0.03425925925925926
6 0.51015625 0.5263888888888889 0.0067708333333333336 0.019444444444444445
8 0.45338541666666665 0.5199074074074074 0.009895833333333333 0.032407407407407406
8 0.45026041666666666 0.5282407407407408 0.009895833333333333 0.026851851851851852
4 0.4796875 0.5041666666666667 0.009375 0.004629629629629629
4 0.48125 0.5023148148148148 0.0125 0.008333333333333333
3 0.39505208333333336 0.5009259259259259 0.10677083333333333 0.14629629629629629
1 0.3104166666666667 0.5171296296296296 0.05625 0.030555555555555555
8 0.25494791666666666 0.537962962962963 0.0203125 0.07222222222222222
6 0.20234375 0.6319444444444444 0.05572916666666667 0.16203703703703703
8 0.18958333333333333 0.5564814814814815 0.015625 0.08888888888888889
8 0.20546875 0.5814814814814815 0.04114583333333333 0.1425925925925926
6 0.0796875 0.6472222222222223 0.07604166666666666 0.14814814814814814
8 0.08229166666666667 0.6208333333333333 0.059375 0.19722222222222222
6 0.03567708333333333 0.7240740740740741 0.07135416666666666 0.20555555555555555
8 0.02734375 0.6611111111111111 0.0546875 0.26851851851851855
4 0.30442708333333335 0.6375 0.17760416666666667 0.22685185185185186
4 0.47890625 0.7435185185185185 0.2630208333333333 0.4166666666666667
4 0.7713541666666667 0.6990740740740741 0.2708333333333333 0.40185185185185185
4 0.6484375 0.5199074074074074 0.025 0.026851851851851852
4 0.6716145833333333 0.524074074074074 0.019270833333333334 0.027777777777777776
6 0.17578125 0.6314814814814815 0.016145833333333335 0.07592592592592592
8 0.48333333333333334 0.5064814814814815 0.007291666666666667 0.011111111111111112
8 0.5151041666666667 0.512962962962963 0.013541666666666667 0.018518518518518517
9 0.4671875 0.3814814814814815 0.008333333333333333 0.016666666666666666