3 0.6177083333333333 0.41435185185185186 0.03958333333333333 0.08796296296296297
13 0.5390625 0.4101851851851852 0.140625 0.17222222222222222
4 0.6317708333333333 0.47638888888888886 0.013541666666666667 0.0824074074074074
3 0.28932291666666665 0.4273148148148148 0.20260416666666667 0.15648148148148147
3 0.3140625 0.42685185185185187 0.11666666666666667 0.11666666666666667
1 0.2552083333333333 0.4708333333333333 0.12395833333333334 0.10092592592592593
13 0.0640625 0.42592592592592593 0.128125 0.1685185185185185
4 0.04479166666666667 0.4935185185185185 0.08958333333333333 0.08518518518518518
4 0.013541666666666667 0.5439814814814815 0.027083333333333334 0.08611111111111111
8 0.6041666666666666 0.4675925925925926 0.014583333333333334 0.07777777777777778
6 0.6158854166666666 0.5018518518518519 0.0359375 0.10185185185185185
8 0.62421875 0.475462962962963 0.018229166666666668 0.0824074074074074
8 0.6177083333333333 0.48333333333333334 0.03229166666666667 0.1037037037037037
4 0.15494791666666666 0.674537037037037 0.3098958333333333 0.42685185185185187
4 0.4515625 0.6305555555555555 0.31979166666666664 0.5018518518518519
10 0.65625 0.34444444444444444 0.041666666666666664 0.06111111111111111
6 0.7591145833333334 0.8055555555555556 0.1921875 0.3851851851851852
8 0.74609375 0.6694444444444444 0.15260416666666668 0.4222222222222222
10 0.96484375 0.22083333333333333 0.05260416666666667 0.14537037037037037