4 0.5263020833333333 0.5296296296296297 0.015104166666666667 0.02962962962962963
4 0.5565104166666667 0.5398148148148149 0.06927083333333334 0.06666666666666667
4 0.6052083333333333 0.6069444444444444 0.07395833333333333 0.15648148148148147
4 0.7375 0.6726851851851852 0.22083333333333333 0.31203703703703706
4 0.9049479166666666 0.8759259259259259 0.1890625 0.2462962962962963
3 0.45598958333333334 0.5157407407407407 0.13072916666666667 0.2518518518518518
8 0.48723958333333334 0.5763888888888888 0.0296875 0.10092592592592593
6 0.48515625 0.5837962962962963 0.033854166666666664 0.04537037037037037
8 0.5442708333333334 0.5666666666666667 0.025 0.08888888888888889
8 0.5479166666666667 0.586574074074074 0.034375 0.12129629629629629
8 0.57265625 0.6421296296296296 0.05364583333333333 0.23425925925925925
6 0.5635416666666667 0.700462962962963 0.06666666666666667 0.20277777777777778
8 0.38307291666666665 0.5763888888888888 0.0359375 0.10462962962962963
6 0.3888020833333333 0.6277777777777778 0.0359375 0.09074074074074075
6 0.42994791666666665 0.6597222222222222 0.058854166666666666 0.17685185185185184
7 0.31875 0.5486111111111112 0.029166666666666667 0.08611111111111111
7 0.31953125 0.575462962962963 0.03802083333333333 0.10833333333333334
6 0.17317708333333334 0.8138888888888889 0.15052083333333333 0.3648148148148148
8 0.17604166666666668 0.7013888888888888 0.11458333333333333 0.33240740740740743
6 0.353125 0.8314814814814815 0.16875 0.3296296296296296
8 0.35104166666666664 0.7226851851851852 0.13229166666666667 0.4083333333333333
8 0.4981770833333333 0.6921296296296297 0.07447916666666667 0.32314814814814813
8 0.5018229166666667 0.7134259259259259 0.10052083333333334 0.33425925925925926
6 0.51328125 0.7925925925925926 0.0796875 0.35