14 0.97421875 0.5777777777777777 0.04739583333333333 0.06481481481481481
14 0.8908854166666667 0.5625 0.0484375 0.05648148148148148
7 0.9203125 0.5541666666666667 0.017708333333333333 0.062037037037037036
14 0.8080729166666667 0.5541666666666667 0.04114583333333333 0.06574074074074074
10 0.8325520833333333 0.44907407407407407 0.0140625 0.02962962962962963
7 0.7127604166666667 0.5254629629629629 0.0109375 0.03796296296296296
14 0.6484375 0.5300925925925926 0.026041666666666668 0.03611111111111111
14 0.67734375 0.5393518518518519 0.024479166666666666 0.032407407407407406
7 0.6822916666666666 0.5148148148148148 0.00625 0.025925925925925925
14 0.6161458333333333 0.5282407407407408 0.017708333333333333 0.026851851851851852
14 0.6302083333333334 0.5314814814814814 0.019791666666666666 0.022222222222222223
14 0.5395833333333333 0.5115740740740741 0.028125 0.021296296296296296
13 0.46848958333333335 0.49444444444444446 0.013020833333333334 0.025925925925925925
13 0.48515625 0.48842592592592593 0.028645833333333332 0.041666666666666664
3 0.4153645833333333 0.5050925925925925 0.018229166666666668 0.025
3 0.4359375 0.49583333333333335 0.028125 0.03796296296296296
4 0.4479166666666667 0.5013888888888889 0.01875 0.013888888888888888
4 0.44140625 0.5064814814814815 0.0203125 0.009259259259259259
4 0.4390625 0.5263888888888889 0.025 0.03425925925925926
4 0.44479166666666664 0.5449074074074074 0.021875 0.06574074074074074
4 0.4734375 0.5361111111111111 0.04375 0.05555555555555555
4 0.47708333333333336 0.5365740740740741 0.036458333333333336 0.049074074074074076
4 0.5158854166666667 0.5287037037037037 0.0765625 0.018518518518518517
4 0.5236979166666667 0.549537037037037 0.11510416666666666 0.04351851851851852
4 0.5494791666666666 0.7777777777777778 0.378125 0.4425925925925926
4 0.38776041666666666 0.5263888888888889 0.049479166666666664 0.06388888888888888
4 0.41510416666666666 0.5337962962962963 0.021875 0.06574074074074074
4 0.32708333333333334 0.5314814814814814 0.020833333333333332 0.03148148148148148
4 0.36041666666666666 0.5342592592592592 0.057291666666666664 0.044444444444444446
4 0.37473958333333335 0.5944444444444444 0.09635416666666667 0.14444444444444443
8 0.31197916666666664 0.5291666666666667 0.019791666666666666 0.03611111111111111
4 0.24713541666666666 0.700925925925926 0.26197916666666665 0.32037037037037036
13 0.25677083333333334 0.49907407407407406 0.10208333333333333 0.14074074074074075
8 0.26015625 0.5324074074074074 0.016145833333333335 0.03333333333333333
8 0.16328125 0.5550925925925926 0.0171875 0.08611111111111111
8 0.17760416666666667 0.5476851851851852 0.022916666666666665 0.058333333333333334
8 0.19895833333333332 0.762962962962963 0.13125 0.4722222222222222
6 0.18489583333333334 0.8217592592592593 0.1875 0.35462962962962963
1 0.09713541666666667 0.6402777777777777 0.10677083333333333 0.2564814814814815
3 0.04505208333333333 0.6462962962962963 0.09010416666666667 0.5203703703703704
14 0.5122395833333333 0.5101851851851852 0.049479166666666664 0.011111111111111112
7 0.60078125 0.5203703703703704 0.0067708333333333336 0.027777777777777776
7 0.6669270833333333 0.5324074074074074 0.0067708333333333336 0.027777777777777776
6 0.4239583333333333 0.5444444444444444 0.010416666666666666 0.03333333333333333
8 0.4236979166666667 0.5268518518518519 0.0109375 0.044444444444444446