3 0.45416666666666666 0.4013888888888889 0.016666666666666666 0.025
3 0.45677083333333335 0.4101851851851852 0.013541666666666667 0.03148148148148148
4 0.45416666666666666 0.41574074074074074 0.013541666666666667 0.014814814814814815
14 0.4640625 0.39490740740740743 0.004166666666666667 0.010185185185185186
13 0.47369791666666666 0.4027777777777778 0.011979166666666667 0.024074074074074074
14 0.4661458333333333 0.40555555555555556 0.00625 0.005555555555555556
14 0.46588541666666666 0.4134259259259259 0.005729166666666666 0.01574074074074074
4 0.4734375 0.4148148148148148 0.011458333333333333 0.018518518518518517
14 0.47552083333333334 0.41574074074074074 0.013541666666666667 0.016666666666666666
4 0.48463541666666665 0.4097222222222222 0.013020833333333334 0.006481481481481481
4 0.4953125 0.41759259259259257 0.025 0.016666666666666666
4 0.484375 0.41898148148148145 0.007291666666666667 0.012037037037037037
7 0.5078125 0.41574074074074074 0.00625 0.014814814814814815
7 0.5049479166666667 0.4101851851851852 0.0026041666666666665 0.005555555555555556
7 0.5020833333333333 0.4097222222222222 0.0020833333333333333 0.002777777777777778
4 0.51640625 0.42083333333333334 0.016145833333333335 0.017592592592592594
13 0.5403645833333334 0.4217592592592593 0.044270833333333336 0.041666666666666664
4 0.5526041666666667 0.49166666666666664 0.06666666666666667 0.12222222222222222
1 0.6005208333333333 0.462037037037037 0.053125 0.07777777777777778
6 0.5901041666666667 0.48009259259259257 0.028125 0.05648148148148148
6 0.6036458333333333 0.48148148148148145 0.022916666666666665 0.06481481481481481
7 0.5916666666666667 0.4634259259259259 0.017708333333333333 0.09722222222222222
4 0.6588541666666666 0.5148148148148148 0.10729166666666666 0.1537037037037037
7 0.6294270833333333 0.5027777777777778 0.04114583333333333 0.18888888888888888
8 0.7578125 0.4532407407407407 0.023958333333333335 0.04722222222222222
4 0.8283854166666667 0.6069444444444444 0.23489583333333333 0.28055555555555556
7 0.8528645833333334 0.4726851851851852 0.0140625 0.019444444444444445
7 0.7177083333333333 0.5685185185185185 0.053125 0.24444444444444444
4 0.4434895833333333 0.4083333333333333 0.009895833333333333 0.005555555555555556
8 0.4484375 0.41712962962962963 0.00625 0.017592592592592594
7 0.4432291666666667 0.4115740740740741 0.004166666666666667 0.01574074074074074
6 0.44114583333333335 0.42407407407407405 0.00625 0.007407407407407408
8 0.43984375 0.4152777777777778 0.0067708333333333336 0.01574074074074074
4 0.43333333333333335 0.41759259259259257 0.00625 0.018518518518518517
8 0.42994791666666665 0.4064814814814815 0.0026041666666666665 0.009259259259259259
8 0.4296875 0.4111111111111111 0.0020833333333333333 0.009259259259259259
6 0.4309895833333333 0.4305555555555556 0.0036458333333333334 0.018518518518518517
8 0.4296875 0.42268518518518516 0.003125 0.023148148148148147
13 0.41302083333333334 0.42685185185185187 0.034375 0.07407407407407407
1 0.37916666666666665 0.4930555555555556 0.07083333333333333 0.15092592592592594
6 0.33567708333333335 0.5921296296296297 0.0734375 0.1824074074074074
8 0.33880208333333334 0.5296296296296297 0.06197916666666667 0.20555555555555555
6 0.32265625 0.4513888888888889 0.0203125 0.028703703703703703
6 0.31666666666666665 0.45555555555555555 0.026041666666666668 0.022222222222222223
6 0.325 0.48564814814814816 0.04583333333333333 0.06574074074074074
7 0.29244791666666664 0.5208333333333334 0.0359375 0.18055555555555555
4 0.19114583333333332 0.48194444444444445 0.09895833333333333 0.1175925925925926
6 0.24973958333333332 0.5578703703703703 0.050520833333333334 0.13055555555555556
8 0.25052083333333336 0.5185185185185185 0.05416666666666667 0.17592592592592593
6 0.18489583333333334 0.5462962962962963 0.08333333333333333 0.1111111111111111
6 0.16119791666666666 0.5643518518518519 0.08385416666666666 0.10833333333333334
6 0.12630208333333334 0.5893518518518519 0.0859375 0.11203703703703703
6 0.08645833333333333 0.5236111111111111 0.04791666666666667 0.058333333333333334
8 0.10234375 0.5199074074074074 0.0171875 0.05648148148148148
6 0.0953125 0.5939814814814814 0.09375 0.1398148148148148
6 0.058333333333333334 0.5972222222222222 0.11666666666666667 0.22407407407407406
6 0.00859375 0.6722222222222223 0.0171875 0.17222222222222222
6 0.04088541666666667 0.6462962962962963 0.08072916666666667 0.1814814814814815
4 0.47682291666666665 0.5333333333333333 0.13802083333333334 0.23148148148148148