10 0.52109375 0.4962962962962963 0.0078125 0.014814814814814815
13 0.52734375 0.5222222222222223 0.021354166666666667 0.04259259259259259
1 0.5419270833333333 0.5328703703703703 0.0203125 0.04537037037037037
13 0.5921875 0.5523148148148148 0.078125 0.20277777777777778
13 0.47994791666666664 0.5291666666666667 0.04114583333333333 0.08796296296296297
7 0.4973958333333333 0.5662037037037037 0.01875 0.09351851851851851
4 0.4471354166666667 0.5763888888888888 0.06302083333333333 0.10277777777777777
1 0.378125 0.5810185185185185 0.08645833333333333 0.16944444444444445
1 0.31953125 0.6287037037037037 0.12447916666666667 0.22592592592592592
6 0.5463541666666667 0.5453703703703704 0.013541666666666667 0.03888888888888889
8 0.5471354166666667 0.5347222222222222 0.0140625 0.04351851851851852
6 0.53359375 0.549074074074074 0.0171875 0.05
8 0.5330729166666667 0.5388888888888889 0.011979166666666667 0.046296296296296294
8 0.6356770833333333 0.5472222222222223 0.011979166666666667 0.046296296296296294
7 0.6619791666666667 0.5587962962962963 0.011458333333333333 0.06574074074074074
6 0.7177083333333333 0.5486111111111112 0.016666666666666666 0.049074074074074076
6 0.634375 0.5763888888888888 0.008333333333333333 0.062037037037037036
2 0.65 0.5884259259259259 0.027083333333333334 0.07314814814814814
8 0.6489583333333333 0.5574074074074075 0.01875 0.09259259259259259
6 0.675 0.5787037037037037 0.025 0.07962962962962963
8 0.6760416666666667 0.5652777777777778 0.021875 0.08796296296296297
7 0.6963541666666667 0.5722222222222222 0.01875 0.09074074074074075
7 0.85078125 0.6111111111111112 0.025520833333333333 0.13518518518518519
7 0.7846354166666667 0.5986111111111111 0.0171875 0.05277777777777778
7 0.9328125 0.6620370370370371 0.040625 0.07592592592592592
7 0.95546875 0.6768518518518518 0.0421875 0.07962962962962963
6 0.8153645833333333 0.6157407407407407 0.0609375 0.09444444444444444
7 0.7510416666666667 0.6615740740740741 0.05416666666666667 0.21388888888888888
8 0.69453125 0.5625 0.028645833333333332 0.07314814814814814
6 0.6950520833333333 0.5777777777777777 0.025520833333333333 0.06296296296296296
7 0.809375 0.5638888888888889 0.034375 0.06111111111111111