13 0.35182291666666665 0.5046296296296297 0.11302083333333333 0.1037037037037037
13 0.4395833333333333 0.5259259259259259 0.025 0.02962962962962963
4 0.4739583333333333 0.5259259259259259 0.028125 0.016666666666666666
3 0.5010416666666667 0.5185185185185185 0.010416666666666666 0.03148148148148148
3 0.53828125 0.5138888888888888 0.0734375 0.06481481481481481
3 0.59609375 0.5393518518518519 0.0453125 0.08055555555555556
4 0.6299479166666667 0.575925925925926 0.024479166666666666 0.03518518518518519
4 0.6567708333333333 0.6013888888888889 0.028125 0.0712962962962963
8 0.63671875 0.5833333333333334 0.0171875 0.05740740740740741
8 0.646875 0.586574074074074 0.020833333333333332 0.06018518518518518
6 0.64609375 0.6240740740740741 0.0203125 0.05185185185185185
3 0.6994791666666667 0.5703703703703704 0.036458333333333336 0.02962962962962963
8 0.6739583333333333 0.5944444444444444 0.021875 0.08333333333333333
6 0.67109375 0.6208333333333333 0.015104166666666667 0.03796296296296296
10 0.7302083333333333 0.4847222222222222 0.019791666666666666 0.030555555555555555
8 0.7299479166666667 0.5708333333333333 0.0109375 0.006481481481481481
8 0.7705729166666667 0.5777777777777777 0.013020833333333334 0.009259259259259259
4 0.7380208333333333 0.6055555555555555 0.08645833333333333 0.06296296296296296
8 0.8231770833333333 0.5847222222222223 0.0140625 0.010185185185185186
8 0.8643229166666667 0.587037037037037 0.0140625 0.022222222222222223
8 0.875 0.5930555555555556 0.013541666666666667 0.023148148148148147
4 0.82734375 0.7287037037037037 0.2828125 0.28888888888888886
4 0.9447916666666667 0.7217592592592592 0.109375 0.2361111111111111
4 0.9794270833333333 0.9157407407407407 0.0390625 0.1648148148148148
7 0.6911458333333333 0.7018518518518518 0.05 0.2777777777777778
10 0.6104166666666667 0.5199074074074074 0.023958333333333335 0.032407407407407406
8 0.59453125 0.562962962962963 0.0203125 0.02962962962962963
1 0.56171875 0.6148148148148148 0.059895833333333336 0.13703703703703704
4 0.5955729166666667 0.6583333333333333 0.10260416666666666 0.16111111111111112
4 0.5315104166666667 0.5685185185185185 0.018229166666666668 0.07222222222222222
8 0.4244791666666667 0.5486111111111112 0.008333333333333333 0.025
8 0.41380208333333335 0.5476851851851852 0.011979166666666667 0.030555555555555555
4 0.43515625 0.5449074074074074 0.022395833333333334 0.019444444444444445
1 0.4817708333333333 0.6638888888888889 0.11666666666666667 0.2611111111111111
8 0.4005208333333333 0.5518518518518518 0.013541666666666667 0.03888888888888889
6 0.40078125 0.5671296296296297 0.0109375 0.019444444444444445
4 0.42109375 0.6300925925925925 0.033854166666666664 0.15648148148148147
8 0.4127604166666667 0.5805555555555556 0.024479166666666666 0.07962962962962963
6 0.3890625 0.6462962962962963 0.030208333333333334 0.08888888888888889
8 0.3924479166666667 0.5958333333333333 0.033854166666666664 0.11018518518518519
8 0.2677083333333333 0.6791666666666667 0.06875 0.23055555555555557
6 0.23645833333333333 0.8569444444444444 0.15 0.2824074074074074
8 0.23255208333333333 0.7611111111111111 0.1234375 0.39444444444444443
10 0.7309895833333333 0.5074074074074074 0.0171875 0.012962962962962963