3 0.15494791666666666 0.3990740740740741 0.3098958333333333 0.20555555555555555
7 0.0234375 0.5203703703703704 0.025 0.22592592592592592
7 0.012239583333333333 0.512962962962963 0.024479166666666666 0.24259259259259258
14 0.18776041666666668 0.5898148148148148 0.12239583333333333 0.3
7 0.00859375 0.6884259259259259 0.0171875 0.26944444444444443
1 0.2671875 0.5296296296296297 0.11875 0.2388888888888889
3 0.5515625 0.43333333333333335 0.196875 0.1111111111111111
13 0.5104166666666666 0.425462962962963 0.165625 0.10277777777777777
1 0.38046875 0.6356481481481482 0.19322916666666667 0.4324074074074074
7 0.55234375 0.43333333333333335 0.008854166666666666 0.025925925925925925
4 0.5028645833333333 0.4875 0.1015625 0.11388888888888889
4 0.5515625 0.5087962962962963 0.1875 0.1675925925925926
1 0.6684895833333333 0.4444444444444444 0.0390625 0.037037037037037035
9 0.7953125 0.27361111111111114 0.022916666666666665 0.04537037037037037
9 0.7825520833333334 0.32546296296296295 0.016145833333333335 0.03425925925925926
9 0.70625 0.4101851851851852 0.00625 0.014814814814814815
7 0.81015625 0.44814814814814813 0.016145833333333335 0.025925925925925925
10 0.8919270833333334 0.33287037037037037 0.0234375 0.030555555555555555
7 0.8763020833333334 0.43796296296296294 0.016145833333333335 0.046296296296296294
7 0.95078125 0.43842592592592594 0.0140625 0.030555555555555555
4 0.9190104166666667 0.538425925925926 0.1609375 0.18611111111111112
7 0.8619791666666666 0.4726851851851852 0.029166666666666667 0.08981481481481482
7 0.9109375 0.5449074074074074 0.05520833333333333 0.15648148148148147
1 0.9856770833333334 0.5824074074074074 0.025520833333333333 0.16666666666666666
4 0.7578125 0.687037037037037 0.48333333333333334 0.5055555555555555
9 0.91328125 0.31574074074074077 0.019270833333333334 0.012962962962962963
14 0.9911458333333333 0.45740740740740743 0.013541666666666667 0.024074074074074074
7 0.9671875 0.44583333333333336 0.011458333333333333 0.017592592592592594