1 0.46432291666666664 0.4009259259259259 0.0067708333333333336 0.011111111111111112
4 0.47421875 0.40324074074074073 0.005729166666666666 0.008333333333333333
13 0.48046875 0.4027777777777778 0.0046875 0.012962962962962963
4 0.48463541666666665 0.4074074074074074 0.0046875 0.007407407407407408
3 0.4940104166666667 0.41388888888888886 0.0078125 0.016666666666666666
4 0.50703125 0.4310185185185185 0.009895833333333333 0.008333333333333333
3 0.5216145833333333 0.42083333333333334 0.0171875 0.026851851851851852
3 0.5502604166666667 0.43287037037037035 0.0453125 0.06388888888888888
14 0.6291666666666667 0.4537037037037037 0.007291666666666667 0.018518518518518517
7 0.6223958333333334 0.43703703703703706 0.004166666666666667 0.012962962962962963
4 0.6372395833333333 0.43472222222222223 0.0067708333333333336 0.013888888888888888
6 0.6421875 0.43472222222222223 0.004166666666666667 0.013888888888888888
4 0.6481770833333333 0.4305555555555556 0.008854166666666666 0.022222222222222223
8 0.6421875 0.425462962962963 0.0020833333333333333 0.004629629629629629
3 0.6674479166666667 0.41944444444444445 0.0328125 0.05
7 0.6520833333333333 0.4356481481481482 0.005208333333333333 0.030555555555555555
7 0.6552083333333333 0.43287037037037035 0.004166666666666667 0.032407407407407406
7 0.68203125 0.4324074074074074 0.0046875 0.024074074074074074
3 0.7588541666666667 0.412962962962963 0.15208333333333332 0.15185185185185185
7 0.8893229166666666 0.42314814814814816 0.0067708333333333336 0.024074074074074074
6 0.87109375 0.4486111111111111 0.011979166666666667 0.025
8 0.8721354166666667 0.43425925925925923 0.0078125 0.022222222222222223
8 0.8666666666666667 0.4388888888888889 0.007291666666666667 0.027777777777777776
8 0.9213541666666667 0.4074074074074074 0.00625 0.009259259259259259
4 0.9208333333333333 0.4513888888888889 0.103125 0.0824074074074074
6 0.9359375 0.5027777777777778 0.059375 0.09814814814814815
8 0.9346354166666667 0.4648148148148148 0.0421875 0.1259259259259259
6 0.97734375 0.5310185185185186 0.044270833333333336 0.13796296296296295
8 0.9830729166666666 0.49675925925925923 0.0328125 0.15833333333333333
1 0.4822916666666667 0.4236111111111111 0.005208333333333333 0.012037037037037037
6 0.49296875 0.4287037037037037 0.0036458333333333334 0.007407407407407408
8 0.4934895833333333 0.4236111111111111 0.0036458333333333334 0.008333333333333333
4 0.5203125 0.4513888888888889 0.046875 0.041666666666666664
7 0.5223958333333333 0.45787037037037037 0.013541666666666667 0.06388888888888888
4 0.490625 0.4305555555555556 0.007291666666666667 0.007407407407407408
6 0.5033854166666667 0.4703703703703704 0.011979166666666667 0.046296296296296294
8 0.49713541666666666 0.4361111111111111 0.0036458333333333334 0.011111111111111112
8 0.5020833333333333 0.4537037037037037 0.015625 0.05185185185185185
4 0.4859375 0.43796296296296294 0.008333333333333333 0.020370370370370372
4 0.471875 0.4388888888888889 0.028125 0.03148148148148148
4 0.45598958333333334 0.4310185185185185 0.0067708333333333336 0.006481481481481481
1 0.44036458333333334 0.42962962962962964 0.011979166666666667 0.007407407407407408
4 0.44635416666666666 0.4337962962962963 0.014583333333333334 0.006481481481481481
8 0.46380208333333334 0.43194444444444446 0.0026041666666666665 0.002777777777777778
8 0.46770833333333334 0.43194444444444446 0.005208333333333333 0.004629629629629629
4 0.4627604166666667 0.4689814814814815 0.04010416666666667 0.07314814814814814
1 0.4270833333333333 0.42916666666666664 0.005208333333333333 0.004629629629629629
6 0.4903645833333333 0.4875 0.025520833333333333 0.075
8 0.48984375 0.4685185185185185 0.019270833333333334 0.07592592592592592
13 0.38125 0.4125 0.0875 0.04351851851851852
4 0.30703125 0.4875 0.030729166666666665 0.09166666666666666
4 0.3854166666666667 0.5745370370370371 0.16770833333333332 0.2916666666666667
7 0.07395833333333333 0.5152777777777777 0.04791666666666667 0.18981481481481483
6 0.16171875 0.5726851851851852 0.06510416666666667 0.15092592592592594
8 0.16015625 0.5375 0.0578125 0.20092592592592592
4 0.023958333333333335 0.8717592592592592 0.04791666666666667 0.25462962962962965
6 0.28828125 0.46064814814814814 0.019270833333333334 0.06018518518518518
7 0.5575520833333333 0.45046296296296295 0.0140625 0.03796296296296296