13 0.5416666666666666 0.49675925925925923 0.016666666666666666 0.032407407407407406
7 0.5625 0.5037037037037037 0.004166666666666667 0.018518518518518517
8 0.5723958333333333 0.512962962962963 0.009375 0.027777777777777776
6 0.5721354166666667 0.5217592592592593 0.009895833333333333 0.025
7 0.7265625 0.5694444444444444 0.015625 0.03148148148148148
8 0.5572916666666666 0.5217592592592593 0.007291666666666667 0.028703703703703703
6 0.55703125 0.5375 0.009895833333333333 0.03425925925925926
8 0.5653645833333333 0.5305555555555556 0.0140625 0.04814814814814815
6 0.56484375 0.55 0.011979166666666667 0.03148148148148148
13 0.6479166666666667 0.5717592592592593 0.13958333333333334 0.30277777777777776
1 0.8921875 0.6912037037037037 0.15520833333333334 0.3287037037037037
14 0.9794270833333333 0.7347222222222223 0.04010416666666667 0.19166666666666668
7 0.9822916666666667 0.9083333333333333 0.03229166666666667 0.15185185185185185
6 0.8473958333333333 0.8310185185185185 0.18645833333333334 0.33425925925925926
8 0.78515625 0.7231481481481481 0.0671875 0.34074074074074073
8 0.8513020833333333 0.7597222222222222 0.13177083333333334 0.39351851851851855
8 0.65546875 0.6986111111111111 0.1109375 0.33240740740740743
6 0.65625 0.7560185185185185 0.09479166666666666 0.30092592592592593
7 0.5559895833333334 0.5032407407407408 0.0109375 0.01574074074074074
7 0.521875 0.500462962962963 0.004166666666666667 0.019444444444444445
7 0.54453125 0.5328703703703703 0.0078125 0.05092592592592592
7 0.5263020833333333 0.5143518518518518 0.0067708333333333336 0.023148148148148147
7 0.5346354166666667 0.5120370370370371 0.005729166666666666 0.014814814814814815
7 0.5369791666666667 0.5291666666666667 0.007291666666666667 0.04537037037037037
7 0.515625 0.5138888888888888 0.005208333333333333 0.024074074074074074
6 0.5119791666666667 0.5398148148148149 0.0125 0.03518518518518519
8 0.5200520833333333 0.5217592592592593 0.0078125 0.032407407407407406
6 0.5190104166666667 0.5467592592592593 0.0078125 0.030555555555555555
6 0.528125 0.5523148148148148 0.011458333333333333 0.03611111111111111
8 0.5296875 0.5259259259259259 0.011458333333333333 0.02962962962962963
6 0.47708333333333336 0.5439814814814815 0.026041666666666668 0.026851851851851852
8 0.4796875 0.5291666666666667 0.011458333333333333 0.03981481481481482
6 0.5036458333333333 0.5597222222222222 0.027083333333333334 0.05277777777777778
8 0.49765625 0.5509259259259259 0.016145833333333335 0.07592592592592592
6 0.4747395833333333 0.5712962962962963 0.0390625 0.05925925925925926
7 0.42682291666666666 0.5731481481481482 0.019270833333333334 0.10740740740740741
7 0.4395833333333333 0.5777777777777777 0.030208333333333334 0.14629629629629629
7 0.45 0.6134259259259259 0.034375 0.18796296296296297
7 0.35963541666666665 0.5106481481481482 0.009895833333333333 0.04537037037037037
7 0.41744791666666664 0.587037037037037 0.021354166666666667 0.12037037037037036
7 0.38776041666666666 0.5990740740740741 0.024479166666666666 0.14814814814814814
7 0.40338541666666666 0.6162037037037037 0.03177083333333333 0.16944444444444445
7 0.26953125 0.5583333333333333 0.0203125 0.07222222222222222
7 0.23802083333333332 0.5944444444444444 0.040625 0.08333333333333333
7 0.22552083333333334 0.5694444444444444 0.025 0.10740740740740741
7 0.22421875 0.6837962962962963 0.05572916666666667 0.27314814814814814
7 0.3111979166666667 0.7490740740740741 0.1453125 0.5
7 0.15182291666666667 0.6148148148148148 0.05260416666666667 0.2037037037037037
7 0.4661458333333333 0.5148148148148148 0.008333333333333333 0.03148148148148148
7 0.5096354166666667 0.49953703703703706 0.0036458333333333334 0.008333333333333333
14 0.3546875 0.587037037037037 0.03854166666666667 0.046296296296296294
7 0.8182291666666667 0.5351851851851852 0.015625 0.027777777777777776
7 0.803125 0.5472222222222223 0.016666666666666666 0.025925925925925925
7 0.39505208333333336 0.5087962962962963 0.015104166666666667 0.03796296296296296