13 0.47421875 0.43842592592592594 0.0140625 0.041666666666666664
13 0.4578125 0.4375 0.019791666666666666 0.03981481481481482
13 0.434375 0.43333333333333335 0.030208333333333334 0.06481481481481481
13 0.42421875 0.4388888888888889 0.03802083333333333 0.07037037037037037
8 0.4625 0.45416666666666666 0.007291666666666667 0.030555555555555555
6 0.4640625 0.46620370370370373 0.005208333333333333 0.021296296296296296
6 0.45807291666666666 0.4722222222222222 0.009895833333333333 0.03333333333333333
8 0.45859375 0.4564814814814815 0.0109375 0.03333333333333333
14 0.4908854166666667 0.44722222222222224 0.021354166666666667 0.014814814814814815
9 0.5783854166666667 0.34675925925925927 0.0109375 0.05277777777777778
10 0.5690104166666666 0.4638888888888889 0.0078125 0.03518518518518519
4 0.4984375 0.46435185185185185 0.015625 0.021296296296296296
8 0.5252604166666667 0.44814814814814813 0.0046875 0.018518518518518517
2 0.5236979166666667 0.4648148148148148 0.005729166666666666 0.022222222222222223
8 0.5229166666666667 0.46064814814814814 0.005208333333333333 0.021296296296296296
8 0.4981770833333333 0.4634259259259259 0.015104166666666667 0.04351851851851852
6 0.4986979166666667 0.48935185185185187 0.0140625 0.03981481481481482
6 0.44817708333333334 0.4777777777777778 0.0171875 0.05185185185185185
8 0.45 0.4703703703703704 0.017708333333333333 0.05185185185185185
6 0.48671875 0.48935185185185187 0.0140625 0.05277777777777778
8 0.4875 0.47638888888888886 0.015625 0.06018518518518518
6 0.47682291666666665 0.4962962962962963 0.022395833333333334 0.07407407407407407
8 0.4778645833333333 0.46944444444444444 0.025520833333333333 0.053703703703703705
8 0.4778645833333333 0.4861111111111111 0.0296875 0.08333333333333333
7 0.40338541666666666 0.45740740740740743 0.0078125 0.040740740740740744
8 0.39505208333333336 0.4550925925925926 0.008854166666666666 0.03981481481481482
1 0.346875 0.4634259259259259 0.028125 0.05648148148148148
4 0.37604166666666666 0.4726851851851852 0.04479166666666667 0.06388888888888888
6 0.42109375 0.4962962962962963 0.025520833333333333 0.07962962962962963
8 0.421875 0.47824074074074074 0.03125 0.07685185185185185
6 0.259375 0.475 0.03125 0.040740740740740744
8 0.2565104166666667 0.4615740740740741 0.018229166666666668 0.049074074074074076
7 0.19921875 0.4777777777777778 0.011979166666666667 0.044444444444444446
8 0.22317708333333333 0.47175925925925927 0.022395833333333334 0.075
6 0.25078125 0.49583333333333335 0.04635416666666667 0.05092592592592592
8 0.24427083333333333 0.4828703703703704 0.017708333333333333 0.075
9 0.07161458333333333 0.1449074074074074 0.0328125 0.03611111111111111
10 0.09869791666666666 0.2023148148148148 0.043229166666666666 0.075
9 0.1203125 0.35324074074074074 0.0125 0.058333333333333334
9 0.12421875 0.40046296296296297 0.0078125 0.01574074074074074
9 0.13411458333333334 0.4009259259259259 0.0109375 0.016666666666666666
8 0.16197916666666667 0.45601851851851855 0.014583333333333334 0.049074074074074076
7 0.0953125 0.4708333333333333 0.016666666666666666 0.05462962962962963
7 0.059375 0.475 0.008333333333333333 0.05555555555555555
3 0.027604166666666666 0.4388888888888889 0.05520833333333333 0.16111111111111112
2 0.1734375 0.5773148148148148 0.05625 0.14722222222222223
8 0.17838541666666666 0.5064814814814815 0.044270833333333336 0.15925925925925927
3 0.8239583333333333 0.45046296296296295 0.07291666666666667 0.05277777777777778
7 0.7817708333333333 0.48564814814814816 0.014583333333333334 0.05277777777777778
7 0.6807291666666667 0.4736111111111111 0.007291666666666667 0.049074074074074076
7 0.67265625 0.4777777777777778 0.008854166666666666 0.05
10 0.6752604166666667 0.40555555555555556 0.021354166666666667 0.020370370370370372
1 0.6302083333333334 0.5226851851851851 0.08125 0.1787037037037037
4 0.8994791666666667 0.6990740740740741 0.2 0.4722222222222222
4 0.046875 0.8384259259259259 0.09375 0.3138888888888889
7 0.36432291666666666 0.4425925925925926 0.0046875 0.016666666666666666