14 0.6627604166666666 0.4013888888888889 0.009895833333333333 0.013888888888888888
3 0.6700520833333333 0.4023148148148148 0.008854166666666666 0.019444444444444445
14 0.6635416666666667 0.4064814814814815 0.00625 0.005555555555555556
14 0.65625 0.4041666666666667 0.004166666666666667 0.006481481481481481
14 0.6515625 0.40185185185185185 0.007291666666666667 0.012962962962962963
14 0.65625 0.4050925925925926 0.004166666666666667 0.006481481481481481
14 0.6502604166666667 0.4115740740740741 0.0036458333333333334 0.01574074074074074
14 0.66328125 0.40694444444444444 0.0067708333333333336 0.006481481481481481
14 0.6697916666666667 0.41064814814814815 0.007291666666666667 0.013888888888888888
14 0.6611979166666667 0.4078703703703704 0.0078125 0.004629629629629629
4 0.6536458333333334 0.41388888888888886 0.005208333333333333 0.014814814814814815
13 0.6895833333333333 0.399537037037037 0.035416666666666666 0.08611111111111111
13 0.5057291666666667 0.3699074074074074 0.042708333333333334 0.028703703703703703
14 0.5328125 0.38796296296296295 0.00625 0.007407407407407408
14 0.525 0.38564814814814813 0.005208333333333333 0.008333333333333333
3 0.45989583333333334 0.3333333333333333 0.06145833333333333 0.07592592592592592
13 0.3606770833333333 0.2912037037037037 0.14010416666666667 0.10092592592592593
3 0.13203125 0.14166666666666666 0.2640625 0.24259259259259258
4 0.6609375 0.4203703703703704 0.015625 0.025925925925925925
3 0.5966145833333333 0.4060185185185185 0.11302083333333333 0.20833333333333334
10 0.32447916666666665 0.1912037037037037 0.020833333333333332 0.05648148148148148
4 0.440625 0.5018518518518519 0.13958333333333334 0.1574074074074074
10 0.7635416666666667 0.35462962962962963 0.013541666666666667 0.020370370370370372