1 0.46484375 0.41805555555555557 0.0140625 0.017592592592592594
13 0.47734375 0.41574074074074074 0.0203125 0.03148148148148148
13 0.49713541666666666 0.4162037037037037 0.030729166666666665 0.041666666666666664
13 0.5302083333333333 0.41574074074074074 0.046875 0.05925925925925926
7 0.5565104166666667 0.42685185185185187 0.0046875 0.024074074074074074
7 0.5609375 0.4324074074074074 0.005208333333333333 0.02962962962962963
7 0.5658854166666667 0.4310185185185185 0.005729166666666666 0.03796296296296296
7 0.5744791666666667 0.43148148148148147 0.008333333333333333 0.03888888888888889
13 0.4205729166666667 0.4324074074074074 0.07447916666666667 0.16296296296296298
4 0.49114583333333334 0.44027777777777777 0.041666666666666664 0.025
1 0.4421875 0.475 0.075 0.1111111111111111
4 0.5348958333333333 0.49027777777777776 0.078125 0.11388888888888889
4 0.484375 0.5587962962962963 0.159375 0.23981481481481481
8 0.3653645833333333 0.47175925925925927 0.0265625 0.10092592592592593
6 0.3645833333333333 0.4842592592592593 0.022916666666666665 0.07407407407407407
8 0.31953125 0.47453703703703703 0.021354166666666667 0.11018518518518519
8 0.3263020833333333 0.4888888888888889 0.0328125 0.1388888888888889
6 0.3302083333333333 0.5078703703703704 0.034375 0.10462962962962963
4 0.6203125 0.5 0.13125 0.14444444444444443
4 0.7229166666666667 0.5967592592592592 0.12291666666666666 0.275
4 0.8658854166666666 0.700462962962963 0.2671875 0.5972222222222222
8 0.4934895833333333 0.4287037037037037 0.008854166666666666 0.016666666666666666
8 0.4822916666666667 0.4273148148148148 0.009375 0.021296296296296296
8 0.6072916666666667 0.5462962962962963 0.04895833333333333 0.21851851851851853
6 0.6067708333333334 0.575462962962963 0.058333333333333334 0.1824074074074074
8 0.6625 0.5837962962962963 0.07291666666666667 0.30833333333333335
6 0.6635416666666667 0.6333333333333333 0.09166666666666666 0.24814814814814815