4 0.5638020833333334 0.5296296296296297 0.0078125 0.024074074074074074
1 0.6489583333333333 0.5333333333333333 0.025 0.03148148148148148
1 0.6736979166666667 0.5305555555555556 0.016145833333333335 0.024074074074074074
4 0.7125 0.5356481481481481 0.036458333333333336 0.026851851851851852
14 0.7919270833333333 0.5291666666666667 0.12864583333333332 0.09907407407407408
7 0.7924479166666667 0.5462962962962963 0.0359375 0.06296296296296296
4 0.8598958333333333 0.6402777777777777 0.19479166666666667 0.19907407407407407
4 0.6997395833333333 0.6935185185185185 0.19635416666666666 0.30925925925925923
9 0.30026041666666664 0.29398148148148145 0.0171875 0.08425925925925926
9 0.28802083333333334 0.3819444444444444 0.019791666666666666 0.07685185185185185
7 0.18697916666666667 0.5685185185185185 0.021875 0.08333333333333333
8 0.20885416666666667 0.5324074074074074 0.009375 0.016666666666666666
1 0.054947916666666666 0.587037037037037 0.10989583333333333 0.12407407407407407
8 0.14140625 0.6555555555555556 0.0203125 0.07777777777777778
6 0.22421875 0.6208333333333333 0.1265625 0.15833333333333333
6 0.14166666666666666 0.6486111111111111 0.065625 0.12129629629629629
8 0.08177083333333333 0.6226851851851852 0.051041666666666666 0.17685185185185184
6 0.10494791666666667 0.6657407407407407 0.0953125 0.16296296296296298
8 0.019010416666666665 0.65 0.03802083333333333 0.2518518518518518
6 0.04791666666666667 0.6833333333333333 0.09583333333333334 0.18518518518518517
7 0.1296875 0.6564814814814814 0.05625 0.29074074074074074
6 0.20833333333333334 0.8273148148148148 0.16354166666666667 0.3416666666666667
6 0.0828125 0.8976851851851851 0.15 0.20277777777777778
8 0.07317708333333334 0.8777777777777778 0.14635416666666667 0.24074074074074073
3 0.43828125 0.5078703703703704 0.2453125 0.44351851851851853