7 0.12838541666666667 0.5958333333333333 0.025520833333333333 0.11388888888888889
7 0.16796875 0.5842592592592593 0.018229166666666668 0.10740740740740741
1 0.21015625 0.6106481481481482 0.07135416666666666 0.11018518518518519
6 0.21588541666666666 0.6638888888888889 0.0453125 0.10185185185185185
8 0.21979166666666666 0.625 0.036458333333333336 0.12407407407407407
1 0.058333333333333334 0.7712962962962963 0.11666666666666667 0.45555555555555555
7 0.37265625 0.5666666666666667 0.0078125 0.037037037037037035
1 0.39453125 0.5745370370370371 0.028645833333333332 0.049074074074074076
4 0.5075520833333333 0.5675925925925925 0.018229166666666668 0.02962962962962963
6 0.5236979166666667 0.575925925925926 0.0067708333333333336 0.024074074074074074
8 0.5247395833333334 0.5611111111111111 0.005729166666666666 0.014814814814814815
1 0.54140625 0.5856481481481481 0.030729166666666665 0.06944444444444445
1 0.49557291666666664 0.5875 0.030729166666666665 0.06574074074074074
4 0.45729166666666665 0.5657407407407408 0.023958333333333335 0.024074074074074074
6 0.428125 0.6319444444444444 0.03333333333333333 0.09166666666666666
8 0.4322916666666667 0.5699074074074074 0.011458333333333333 0.025
8 0.42734375 0.6078703703703704 0.030729166666666665 0.10092592592592593
6 0.4552083333333333 0.6097222222222223 0.01875 0.058333333333333334
8 0.45390625 0.5902777777777778 0.016145833333333335 0.0712962962962963
6 0.4734375 0.6138888888888889 0.026041666666666668 0.07222222222222222
8 0.47291666666666665 0.5907407407407408 0.020833333333333332 0.07407407407407407
4 0.8747395833333333 0.6041666666666666 0.0609375 0.049074074074074076
4 0.95078125 0.6268518518518519 0.09427083333333333 0.08518518518518518
4 0.9822916666666667 0.6138888888888889 0.03229166666666667 0.05555555555555555
4 0.671875 0.5875 0.025 0.028703703703703703
14 0.5190104166666667 0.5611111111111111 0.0046875 0.018518518518518517
4 0.3385416666666667 0.5634259259259259 0.03125 0.028703703703703703
8 0.51640625 0.5592592592592592 0.0046875 0.014814814814814815
6 0.5169270833333334 0.5675925925925925 0.0036458333333333334 0.011111111111111112