13 0.4127604166666667 0.39305555555555555 0.016145833333333335 0.03796296296296296
13 0.44583333333333336 0.39305555555555555 0.06458333333333334 0.05277777777777778
8 0.45416666666666666 0.41203703703703703 0.009375 0.016666666666666666
8 0.4395833333333333 0.4097222222222222 0.011458333333333333 0.021296296296296296
8 0.4661458333333333 0.4134259259259259 0.010416666666666666 0.01574074074074074
13 0.36953125 0.38101851851851853 0.07760416666666667 0.11203703703703703
4 0.4244791666666667 0.42268518518518516 0.027083333333333334 0.030555555555555555
4 0.46145833333333336 0.4671296296296296 0.053125 0.10648148148148148
1 0.3924479166666667 0.4222222222222222 0.0578125 0.03333333333333333
8 0.3484375 0.4351851851851852 0.011458333333333333 0.046296296296296294
8 0.3346354166666667 0.4273148148148148 0.015104166666666667 0.041666666666666664
8 0.3307291666666667 0.4791666666666667 0.042708333333333334 0.13796296296296295
6 0.33255208333333336 0.5064814814814815 0.027604166666666666 0.0962962962962963
6 0.7122395833333334 0.5675925925925925 0.06822916666666666 0.12962962962962962
8 0.7171875 0.5268518518518519 0.052083333333333336 0.18518518518518517
13 0.5723958333333333 0.5018518518518519 0.21458333333333332 0.3314814814814815
6 0.7755208333333333 0.7907407407407407 0.18645833333333334 0.4166666666666667
8 0.7645833333333333 0.6875 0.15104166666666666 0.47685185185185186
4 0.40390625 0.5398148148148149 0.14427083333333332 0.21851851851851853
6 0.2752604166666667 0.586574074074074 0.0734375 0.22870370370370371
8 0.2760416666666667 0.5453703703703704 0.08958333333333333 0.2759259259259259
6 0.39895833333333336 0.638425925925926 0.08958333333333333 0.28055555555555556
8 0.3890625 0.5916666666666667 0.09270833333333334 0.3537037037037037
6 0.4973958333333333 0.6638888888888889 0.09270833333333334 0.3074074074074074
8 0.4890625 0.6087962962962963 0.090625 0.3490740740740741
8 0.503125 0.587037037037037 0.09479166666666666 0.2962962962962963
6 0.9809895833333333 0.9467592592592593 0.03697916666666667 0.09722222222222222
8 0.575 0.45 0.04375 0.16666666666666666