9 0.20338541666666668 0.49953703703703706 0.0067708333333333336 0.032407407407407406
9 0.43828125 0.4083333333333333 0.0234375 0.011111111111111112
9 0.4895833333333333 0.4412037037037037 0.010416666666666666 0.010185185185185186
4 0.44973958333333336 0.6518518518518519 0.13802083333333334 0.23333333333333334
4 0.5083333333333333 0.586574074074074 0.01875 0.03981481481481482
6 0.5057291666666667 0.5944444444444444 0.008333333333333333 0.025925925925925925
8 0.5033854166666667 0.5768518518518518 0.009895833333333333 0.022222222222222223
4 0.52578125 0.5875 0.025520833333333333 0.041666666666666664
14 0.5578125 0.5810185185185185 0.004166666666666667 0.012037037037037037
4 0.54765625 0.5912037037037037 0.025520833333333333 0.04351851851851852
7 0.53046875 0.5875 0.0109375 0.04351851851851852
6 0.5229166666666667 0.5953703703703703 0.011458333333333333 0.03148148148148148
8 0.5229166666666667 0.5828703703703704 0.008333333333333333 0.03611111111111111
8 0.5177083333333333 0.5819444444444445 0.004166666666666667 0.03425925925925926
4 0.5682291666666667 0.5930555555555556 0.01875 0.03611111111111111
6 0.6151041666666667 0.5962962962962963 0.009375 0.03148148148148148
8 0.61875 0.5800925925925926 0.00625 0.025
6 0.6041666666666666 0.5981481481481481 0.0125 0.03148148148148148
8 0.60546875 0.5879629629629629 0.0109375 0.044444444444444446
6 0.59609375 0.5967592592592592 0.0109375 0.028703703703703703
8 0.5947916666666667 0.5810185185185185 0.010416666666666666 0.026851851851851852
8 0.5763020833333333 0.5842592592592593 0.0078125 0.027777777777777776
8 0.5895833333333333 0.5893518518518519 0.010416666666666666 0.03796296296296296
6 0.58359375 0.5962962962962963 0.011979166666666667 0.03333333333333333
6 0.5765625 0.6 0.004166666666666667 0.025925925925925925
8 0.5815104166666667 0.5791666666666667 0.005729166666666666 0.017592592592592594
4 0.66640625 0.5939814814814814 0.10052083333333334 0.11388888888888889
9 0.7989583333333333 0.5351851851851852 0.005208333333333333 0.011111111111111112
9 0.8255208333333334 0.36666666666666664 0.023958333333333335 0.007407407407407408
10 0.809375 0.40879629629629627 0.01875 0.041666666666666664
10 0.9244791666666666 0.487962962962963 0.010416666666666666 0.03148148148148148
10 0.9244791666666666 0.5106481481481482 0.009375 0.006481481481481481
4 0.9322916666666666 0.5833333333333334 0.027083333333333334 0.04814814814814815
1 0.8932291666666666 0.5824074074074074 0.051041666666666666 0.07777777777777778
4 0.8106770833333333 0.5837962962962963 0.033854166666666664 0.06944444444444445
1 0.8481770833333333 0.5819444444444445 0.0421875 0.08981481481481482
1 0.7671875 0.586574074074074 0.046875 0.09907407407407408
6 0.7901041666666667 0.6240740740740741 0.03958333333333333 0.10925925925925926
8 0.7893229166666667 0.5981481481481481 0.0359375 0.11666666666666667
1 0.346875 0.5689814814814815 0.005208333333333333 0.008333333333333333
4 0.36796875 0.5953703703703703 0.05364583333333333 0.07592592592592592
1 0.3033854166666667 0.562037037037037 0.0234375 0.011111111111111112
4 0.32786458333333335 0.5861111111111111 0.0390625 0.05185185185185185
8 0.271875 0.5597222222222222 0.007291666666666667 0.008333333333333333
6 0.17708333333333334 0.6337962962962963 0.022916666666666665 0.05092592592592592
8 0.18072916666666666 0.5814814814814815 0.023958333333333335 0.06296296296296296
7 0.12109375 0.5726851851851852 0.013020833333333334 0.03796296296296296
9 0.21302083333333333 0.5444444444444444 0.007291666666666667 0.014814814814814815
4 0.22552083333333334 0.6138888888888889 0.07916666666666666 0.11481481481481481
4 0.27291666666666664 0.6462962962962963 0.14583333333333334 0.1648148148148148
6 0.2786458333333333 0.7203703703703703 0.07708333333333334 0.18888888888888888
8 0.2916666666666667 0.6462962962962963 0.04583333333333333 0.18333333333333332
8 0.27630208333333334 0.6541666666666667 0.07760416666666667 0.20092592592592592
8 0.03723958333333333 0.5851851851851851 0.015104166666666667 0.04814814814814815
8 0.096875 0.6226851851851852 0.05 0.15833333333333333
6 0.11041666666666666 0.6527777777777778 0.04791666666666667 0.13333333333333333
6 0.03515625 0.6134259259259259 0.0171875 0.03981481481481482
6 0.06901041666666667 0.8296296296296296 0.13802083333333334 0.3351851851851852
8 0.07395833333333333 0.7472222222222222 0.09895833333333333 0.37962962962962965
8 0.05026041666666667 0.7550925925925925 0.10052083333333334 0.4027777777777778
14 0.028645833333333332 0.5805555555555556 0.013541666666666667 0.044444444444444446
9 0.004427083333333333 0.27361111111111114 0.008854166666666666 0.028703703703703703