1 0.013802083333333333 0.5597222222222222 0.027604166666666666 0.0787037037037037
4 0.07994791666666666 0.5657407407407408 0.09427083333333333 0.07777777777777778
1 0.18645833333333334 0.5638888888888889 0.06666666666666667 0.0962962962962963
7 0.17447916666666666 0.5791666666666667 0.01875 0.09907407407407408
7 0.13229166666666667 0.5736111111111111 0.019791666666666666 0.10648148148148148
7 0.1515625 0.5763888888888888 0.020833333333333332 0.11203703703703703
1 0.3651041666666667 0.5953703703703703 0.084375 0.17592592592592593
1 0.26979166666666665 0.6231481481481481 0.115625 0.22777777777777777
4 0.46041666666666664 0.5097222222222222 0.011458333333333333 0.023148148148148147
4 0.4473958333333333 0.5222222222222223 0.023958333333333335 0.037037037037037035
4 0.5018229166666667 0.5092592592592593 0.022395833333333334 0.037037037037037035
14 0.4830729166666667 0.5009259259259259 0.0171875 0.018518518518518517
14 0.49270833333333336 0.4935185185185185 0.008333333333333333 0.014814814814814815
4 0.5255208333333333 0.5268518518518519 0.030208333333333334 0.046296296296296294
1 0.4822916666666667 0.5685185185185185 0.05416666666666667 0.12407407407407407
6 0.54609375 0.5546296296296296 0.016145833333333335 0.04814814814814815
8 0.5453125 0.5347222222222222 0.016666666666666666 0.06388888888888888
4 0.6052083333333333 0.5236111111111111 0.027083333333333334 0.030555555555555555
4 0.59140625 0.5143518518518518 0.019270833333333334 0.025
13 0.6041666666666666 0.4986111111111111 0.020833333333333332 0.032407407407407406
14 0.6276041666666666 0.5194444444444445 0.017708333333333333 0.037037037037037035
4 0.64765625 0.5398148148148149 0.025520833333333333 0.05925925925925926
4 0.6872395833333333 0.5388888888888889 0.059895833333333336 0.06111111111111111
8 0.7348958333333333 0.5222222222222223 0.008333333333333333 0.020370370370370372
7 0.7411458333333333 0.5194444444444445 0.013541666666666667 0.027777777777777776
7 0.7927083333333333 0.5226851851851851 0.017708333333333333 0.04351851851851852
4 0.8440104166666667 0.5805555555555556 0.09322916666666667 0.12222222222222222
4 0.7565104166666666 0.6958333333333333 0.27239583333333334 0.375
14 0.4822916666666667 0.48564814814814816 0.00625 0.010185185185185186
14 0.47552083333333334 0.48657407407407405 0.007291666666666667 0.013888888888888888
14 0.475 0.4773148148148148 0.004166666666666667 0.006481481481481481
14 0.48203125 0.475 0.005729166666666666 0.007407407407407408
4 0.48671875 0.48055555555555557 0.005729166666666666 0.007407407407407408
14 0.46979166666666666 0.49583333333333335 0.015625 0.023148148148148147
4 0.4479166666666667 0.5027777777777778 0.0125 0.009259259259259259
1 0.9614583333333333 0.5157407407407407 0.07604166666666666 0.027777777777777776
14 0.8919270833333334 0.5675925925925925 0.06197916666666667 0.13148148148148148
8 0.6171875 0.5092592592592593 0.007291666666666667 0.016666666666666666