4 0.009895833333333333 0.7467592592592592 0.01875 0.11944444444444445
1 0.5671875 0.5449074074074074 0.007291666666666667 0.008333333333333333
1 0.5484375 0.5504629629629629 0.009375 0.013888888888888888
14 0.5393229166666667 0.5439814814814815 0.0067708333333333336 0.008333333333333333
4 0.5416666666666666 0.5541666666666667 0.008333333333333333 0.013888888888888888
4 0.5348958333333333 0.5513888888888889 0.00625 0.012037037037037037
14 0.528125 0.5467592592592593 0.010416666666666666 0.006481481481481481
4 0.5294270833333333 0.5550925925925926 0.008854166666666666 0.010185185185185186
14 0.5158854166666667 0.5523148148148148 0.008854166666666666 0.01574074074074074
4 0.5236979166666667 0.5555555555555556 0.008854166666666666 0.014814814814814815
4 0.53125 0.5541666666666667 0.00625 0.01574074074074074
1 0.509375 0.5513888888888889 0.008333333333333333 0.01574074074074074
8 0.51953125 0.5611111111111111 0.0046875 0.012962962962962963
6 0.5283854166666667 0.5675925925925925 0.0036458333333333334 0.011111111111111112
8 0.5283854166666667 0.5592592592592592 0.0036458333333333334 0.007407407407407408
8 0.5111979166666667 0.562962962962963 0.0036458333333333334 0.009259259259259259
8 0.5145833333333333 0.5652777777777778 0.00625 0.012037037037037037
14 0.578125 0.5481481481481482 0.00625 0.011111111111111112
4 0.5697916666666667 0.5574074074074075 0.010416666666666666 0.016666666666666666
4 0.5825520833333333 0.5444444444444444 0.009895833333333333 0.012962962962962963
8 0.5721354166666667 0.5578703703703703 0.0036458333333333334 0.013888888888888888
4 0.5783854166666667 0.5722222222222222 0.015104166666666667 0.024074074074074074
4 0.5927083333333333 0.5777777777777777 0.021875 0.03148148148148148
7 0.6208333333333333 0.5726851851851852 0.005208333333333333 0.023148148148148147
4 0.653125 0.587037037037037 0.025 0.027777777777777776
14 0.5572916666666666 0.5472222222222223 0.004166666666666667 0.007407407407407408
1 0.5505208333333333 0.5958333333333333 0.03125 0.06574074074074074
6 0.5111979166666667 0.575462962962963 0.0046875 0.008333333333333333
6 0.521875 0.6476851851851851 0.03125 0.08796296296296297
8 0.525 0.6171296296296296 0.021875 0.08981481481481482
8 0.5216145833333333 0.6199074074074075 0.030729166666666665 0.10277777777777777
14 0.57890625 0.5550925925925926 0.0067708333333333336 0.008333333333333333
1 0.49713541666666666 0.5791666666666667 0.019270833333333334 0.041666666666666664
6 0.49661458333333336 0.6189814814814815 0.0171875 0.04722222222222222
8 0.49895833333333334 0.5875 0.019791666666666666 0.04351851851851852
4 0.4901041666666667 0.5592592592592592 0.010416666666666666 0.016666666666666666
4 0.4859375 0.5662037037037037 0.007291666666666667 0.017592592592592594
4 0.48151041666666666 0.5685185185185185 0.008854166666666666 0.020370370370370372
4 0.47630208333333335 0.5703703703703704 0.008854166666666666 0.024074074074074074
4 0.47291666666666665 0.5722222222222222 0.008333333333333333 0.025925925925925925
4 0.46770833333333334 0.575462962962963 0.008333333333333333 0.025
4 0.4625 0.5768518518518518 0.011458333333333333 0.03148148148148148
4 0.4544270833333333 0.5791666666666667 0.0171875 0.03425925925925926
7 0.42604166666666665 0.5615740740740741 0.003125 0.012037037037037037
4 0.43828125 0.5787037037037037 0.025520833333333333 0.04259259259259259
4 0.43046875 0.5763888888888888 0.022395833333333334 0.023148148148148147
4 0.4171875 0.5907407407407408 0.034375 0.044444444444444446
4 0.38984375 0.6041666666666666 0.025520833333333333 0.058333333333333334
4 0.31302083333333336 0.6162037037037037 0.057291666666666664 0.09537037037037037
1 0.3645833333333333 0.6180555555555556 0.059375 0.10648148148148148
4 0.228125 0.6342592592592593 0.14479166666666668 0.14444444444444443
4 0.09557291666666666 0.6643518518518519 0.19114583333333332 0.22314814814814815
6 0.44192708333333336 0.6203703703703703 0.0140625 0.05740740740740741
8 0.4421875 0.6018518518518519 0.015625 0.07777777777777778