9 0.5127604166666667 0.36712962962962964 0.033854166666666664 0.01574074074074074
9 0.5869791666666667 0.4162037037037037 0.015625 0.013888888888888888
13 0.4861979166666667 0.5912037037037037 0.011979166666666667 0.030555555555555555
5 0.49557291666666664 0.600925925925926 0.018229166666666668 0.022222222222222223
8 0.48098958333333336 0.6046296296296296 0.005729166666666666 0.020370370370370372
5 0.5127604166666667 0.6064814814814815 0.0109375 0.018518518518518517
1 0.43255208333333334 0.5995370370370371 0.016145833333333335 0.013888888888888888
4 0.44036458333333334 0.6074074074074074 0.0140625 0.018518518518518517
4 0.45338541666666665 0.6277777777777778 0.028645833333333332 0.05555555555555555
6 0.34401041666666665 0.6430555555555556 0.0078125 0.026851851851851852
8 0.3484375 0.6111111111111112 0.014583333333333334 0.03888888888888889
4 0.3692708333333333 0.6375 0.05520833333333333 0.09351851851851851
4 0.40520833333333334 0.6546296296296297 0.09270833333333334 0.12222222222222222
4 0.2591145833333333 0.6032407407407407 0.0109375 0.05462962962962963
6 0.2869791666666667 0.6763888888888889 0.03958333333333333 0.10277777777777777
8 0.28880208333333335 0.6347222222222222 0.0265625 0.1175925925925926
8 0.278125 0.6402777777777777 0.034375 0.11203703703703703
6 0.31692708333333336 0.6861111111111111 0.043229166666666666 0.1037037037037037
8 0.3171875 0.6407407407407407 0.041666666666666664 0.12407407407407407
6 0.21692708333333333 0.6601851851851852 0.025520833333333333 0.08333333333333333
8 0.20859375 0.6324074074074074 0.0296875 0.1
6 0.18020833333333333 0.725 0.06666666666666667 0.1648148148148148
8 0.19296875 0.6662037037037037 0.04114583333333333 0.18425925925925926
8 0.17604166666666668 0.6657407407407407 0.06041666666666667 0.18518518518518517
6 0.47161458333333334 0.6777777777777778 0.0359375 0.09814814814814815
8 0.47734375 0.6273148148148148 0.019270833333333334 0.08796296296296297
8 0.4703125 0.6407407407407407 0.041666666666666664 0.11481481481481481
4 0.4973958333333333 0.6240740740740741 0.030208333333333334 0.05185185185185185
4 0.5458333333333333 0.6472222222222223 0.06979166666666667 0.1388888888888889
14 0.5778645833333333 0.6101851851851852 0.008854166666666666 0.027777777777777776
7 0.5825520833333333 0.6319444444444444 0.013020833333333334 0.06944444444444445
14 0.5971354166666667 0.6 0.016145833333333335 0.03888888888888889
4 0.6015625 0.6273148148148148 0.041666666666666664 0.05462962962962963
14 0.6177083333333333 0.6129629629629629 0.011458333333333333 0.016666666666666666
4 0.6369791666666667 0.6310185185185185 0.03958333333333333 0.058333333333333334
14 0.6888020833333334 0.6129629629629629 0.016145833333333335 0.012962962962962963
4 0.671875 0.6407407407407407 0.04583333333333333 0.06296296296296296
4 0.7026041666666667 0.6412037037037037 0.03333333333333333 0.05648148148148148
8 0.7052083333333333 0.6106481481481482 0.005208333333333333 0.008333333333333333
6 0.7223958333333333 0.6527777777777778 0.025 0.05
8 0.7153645833333333 0.6356481481481482 0.011979166666666667 0.05648148148148148
8 0.7229166666666667 0.6351851851851852 0.011458333333333333 0.053703703703703705
6 0.7359375 0.6509259259259259 0.026041666666666668 0.05555555555555555
8 0.7455729166666667 0.6365740740740741 0.011979166666666667 0.062037037037037036
8 0.7380208333333333 0.6388888888888888 0.015625 0.06111111111111111
6 0.75859375 0.6537037037037037 0.0203125 0.05
8 0.7513020833333334 0.6333333333333333 0.0109375 0.046296296296296294
8 0.7596354166666667 0.6375 0.0171875 0.06018518518518518
4 0.7723958333333333 0.6430555555555556 0.028125 0.05092592592592592
6 0.7875 0.6537037037037037 0.027083333333333334 0.05555555555555555
8 0.7859375 0.6439814814814815 0.019791666666666666 0.0712962962962963
8 0.7908854166666667 0.6444444444444445 0.018229166666666668 0.06296296296296296
6 0.8098958333333334 0.6560185185185186 0.023958333333333335 0.05277777777777778
8 0.81015625 0.6476851851851851 0.015104166666666667 0.0712962962962963
1 0.8434895833333333 0.6472222222222223 0.04010416666666667 0.07407407407407407
7 0.9872395833333333 0.6314814814814815 0.015104166666666667 0.08333333333333333
7 0.07473958333333333 0.5949074074074074 0.0140625 0.05092592592592592
8 0.6091145833333333 0.6342592592592593 0.0234375 0.07037037037037037
6 0.6083333333333333 0.6412037037037037 0.020833333333333332 0.05277777777777778
6 0.634375 0.6453703703703704 0.023958333333333335 0.05185185185185185
8 0.6247395833333333 0.6365740740740741 0.018229166666666668 0.06574074074074074
8 0.6333333333333333 0.6342592592592593 0.019791666666666666 0.07407407407407407