13 0.4002604166666667 0.4986111111111111 0.033854166666666664 0.11203703703703703
7 0.36875 0.5212962962962963 0.013541666666666667 0.06296296296296296
7 0.35703125 0.5236111111111111 0.013020833333333334 0.0824074074074074
7 0.3484375 0.5291666666666667 0.011458333333333333 0.062037037037037036
7 0.33255208333333336 0.5310185185185186 0.011979166666666667 0.0712962962962963
7 0.30364583333333334 0.5606481481481481 0.026041666666666668 0.11203703703703703
7 0.28098958333333335 0.5518518518518518 0.0234375 0.12222222222222222
1 0.22135416666666666 0.5587962962962963 0.07291666666666667 0.13055555555555556
7 0.2109375 0.5375 0.029166666666666667 0.11574074074074074
7 0.12734375 0.5078703703703704 0.015104166666666667 0.019444444444444445
7 0.14713541666666666 0.5157407407407407 0.021354166666666667 0.037037037037037035
3 0.49635416666666665 0.5027777777777778 0.16666666666666666 0.29814814814814816
8 0.409375 0.5361111111111111 0.01875 0.04814814814814815
8 0.3921875 0.5453703703703704 0.023958333333333335 0.06851851851851852
4 0.4473958333333333 0.711574074074074 0.21875 0.33055555555555555
4 0.15182291666666667 0.6560185185185186 0.30364583333333334 0.43425925925925923
6 0.22057291666666667 0.8199074074074074 0.18802083333333333 0.2490740740740741
8 0.24296875 0.7296296296296296 0.1296875 0.3925925925925926
6 0.16979166666666667 0.8726851851851852 0.33958333333333335 0.25277777777777777
8 0.12447916666666667 0.7824074074074074 0.24791666666666667 0.43333333333333335
7 0.6674479166666667 0.5060185185185185 0.013020833333333334 0.025
7 0.7848958333333333 0.5037037037037037 0.0125 0.022222222222222223
8 0.7627604166666667 0.5268518518518519 0.0234375 0.05
4 0.68125 0.625462962962963 0.159375 0.23055555555555557
4 0.8419270833333333 0.7273148148148149 0.3151041666666667 0.5435185185185185