13 0.51875 0.5217592592592593 0.013541666666666667 0.032407407407407406
7 0.525 0.5273148148148148 0.004166666666666667 0.019444444444444445
14 0.54609375 0.5231481481481481 0.0078125 0.020370370370370372
8 0.5479166666666667 0.5592592592592592 0.014583333333333334 0.06851851851851852
6 0.5453125 0.5745370370370371 0.013541666666666667 0.06574074074074074
7 0.55625 0.5347222222222222 0.005208333333333333 0.030555555555555555
6 0.584375 0.5592592592592592 0.025 0.04259259259259259
6 0.6169270833333333 0.5875 0.0328125 0.07685185185185185
7 0.65859375 0.5592592592592592 0.019270833333333334 0.08888888888888889
7 0.7067708333333333 0.5712962962962963 0.015625 0.040740740740740744
7 0.72578125 0.5875 0.018229166666666668 0.049074074074074076
7 0.6885416666666667 0.6143518518518518 0.034375 0.1675925925925926
7 0.7692708333333333 0.5851851851851851 0.025 0.07037037037037037
7 0.9322916666666666 0.65 0.057291666666666664 0.1111111111111111
6 0.8572916666666667 0.6638888888888889 0.115625 0.13333333333333333
7 0.5059895833333333 0.5277777777777778 0.0078125 0.02962962962962963
14 0.49192708333333335 0.5388888888888889 0.013020833333333334 0.024074074074074074
7 0.49140625 0.5314814814814814 0.008854166666666666 0.037037037037037035
7 0.49895833333333334 0.5300925925925926 0.005208333333333333 0.025
7 0.47161458333333334 0.5268518518518519 0.005729166666666666 0.018518518518518517
7 0.4635416666666667 0.5333333333333333 0.004166666666666667 0.014814814814814815
6 0.4515625 0.5439814814814815 0.011458333333333333 0.03981481481481482
7 0.42994791666666665 0.5212962962962963 0.0078125 0.03518518518518519
7 0.41953125 0.5171296296296296 0.008854166666666666 0.030555555555555555
7 0.3690104166666667 0.5310185185185186 0.0109375 0.019444444444444445
8 0.41510416666666666 0.6060185185185185 0.053125 0.1824074074074074
6 0.4158854166666667 0.6583333333333333 0.0546875 0.17407407407407408
6 0.52578125 0.5342592592592592 0.0036458333333333334 0.012962962962962963
7 0.5309895833333333 0.5861111111111111 0.0234375 0.1537037037037037
7 0.24322916666666666 0.5518518518518518 0.021875 0.10555555555555556
7 0.31666666666666665 0.6416666666666667 0.04479166666666667 0.2037037037037037
7 0.17916666666666667 0.6152777777777778 0.036458333333333336 0.24722222222222223
7 0.05026041666666667 0.6476851851851851 0.04114583333333333 0.13796296296296295
6 0.21796875 0.5291666666666667 0.022395833333333334 0.03611111111111111
7 0.5888020833333333 0.5328703703703703 0.008854166666666666 0.030555555555555555