4 0.5973958333333333 0.5967592592592592 0.03958333333333333 0.14537037037037037
8 0.63203125 0.5615740740740741 0.03697916666666667 0.10092592592592593
8 0.6479166666666667 0.5671296296296297 0.03333333333333333 0.11018518518518519
6 0.6231770833333333 0.611574074074074 0.030729166666666665 0.08796296296296297
4 0.8010416666666667 0.7152777777777778 0.3958333333333333 0.46944444444444444
6 0.6744791666666666 0.8273148148148148 0.18541666666666667 0.33796296296296297
8 0.6528645833333333 0.7699074074074074 0.1609375 0.44907407407407407
3 0.42083333333333334 0.5032407407407408 0.3333333333333333 0.6138888888888889
6 0.19583333333333333 0.6800925925925926 0.08333333333333333 0.19722222222222222
8 0.19322916666666667 0.6300925925925925 0.07395833333333333 0.25462962962962965
6 0.1265625 0.8694444444444445 0.2520833333333333 0.2574074074074074
8 0.14166666666666666 0.7620370370370371 0.17083333333333334 0.4740740740740741
10 0.0453125 0.26296296296296295 0.090625 0.17037037037037037