4 0.5075520833333333 0.512962962962963 0.0390625 0.046296296296296294
4 0.5192708333333333 0.5694444444444444 0.07916666666666666 0.1259259259259259
14 0.4895833333333333 0.5032407407407408 0.005208333333333333 0.010185185185185186
7 0.4869791666666667 0.5120370370370371 0.00625 0.027777777777777776
6 0.4786458333333333 0.5222222222222223 0.008333333333333333 0.022222222222222223
8 0.4791666666666667 0.5115740740740741 0.009375 0.030555555555555555
4 0.41041666666666665 0.5787037037037037 0.09479166666666666 0.13703703703703704
7 0.3546875 0.5569444444444445 0.023958333333333335 0.12129629629629629
6 0.32057291666666665 0.6347222222222222 0.0578125 0.16203703703703703
8 0.32057291666666665 0.5898148148148148 0.0546875 0.16111111111111112
6 0.19036458333333334 0.7018518518518518 0.10572916666666667 0.2518518518518518
8 0.19739583333333333 0.6222222222222222 0.07604166666666666 0.2518518518518518
6 0.6096354166666667 0.5541666666666667 0.033854166666666664 0.032407407407407406
8 0.6127604166666667 0.5305555555555556 0.033854166666666664 0.07037037037037037
6 0.97265625 0.5967592592592592 0.049479166666666664 0.1175925925925926
8 0.9802083333333333 0.5578703703703703 0.035416666666666666 0.14907407407407408
4 0.72734375 0.6282407407407408 0.4401041666666667 0.3398148148148148
10 0.6455729166666667 0.5152777777777777 0.1046875 0.11574074074074074
14 0.4588541666666667 0.47962962962962963 0.010416666666666666 0.016666666666666666