14 0.3265625 0.45601851851851855 0.021875 0.026851851851851852
14 0.3515625 0.4634259259259259 0.028125 0.041666666666666664
13 0.4278645833333333 0.5111111111111111 0.008854166666666666 0.016666666666666666
4 0.5145833333333333 0.6212962962962963 0.12291666666666666 0.22777777777777777
14 0.5083333333333333 0.5013888888888889 0.014583333333333334 0.01574074074074074
10 0.5661458333333333 0.47453703703703703 0.019791666666666666 0.026851851851851852
4 0.43411458333333336 0.5254629629629629 0.011979166666666667 0.019444444444444445
6 0.4510416666666667 0.5601851851851852 0.019791666666666666 0.053703703703703705
4 0.4361979166666667 0.5356481481481481 0.009895833333333333 0.03611111111111111
4 0.44817708333333334 0.537962962962963 0.027604166666666666 0.04259259259259259
8 0.45078125 0.5462962962962963 0.016145833333333335 0.053703703703703705
7 0.428125 0.5435185185185185 0.009375 0.05555555555555555