14 0.5 0.5879629629629629 0.022916666666666665 0.03518518518518519
1 0.46770833333333334 0.5949074074074074 0.022916666666666665 0.04537037037037037
4 0.4440104166666667 0.6101851851851852 0.050520833333333334 0.06111111111111111
4 0.5177083333333333 0.6032407407407407 0.036458333333333336 0.05462962962962963
1 0.59765625 0.6800925925925926 0.18697916666666667 0.21944444444444444
7 0.6729166666666667 0.6472222222222223 0.020833333333333332 0.15
4 0.6114583333333333 0.5703703703703704 0.040625 0.018518518518518517
4 0.64453125 0.600462962962963 0.0515625 0.075
4 0.6872395833333333 0.6217592592592592 0.06197916666666667 0.1175925925925926
4 0.74609375 0.6555555555555556 0.10052083333333334 0.1259259259259259
6 0.49114583333333334 0.5976851851851852 0.007291666666666667 0.017592592592592594
8 0.4901041666666667 0.5842592592592593 0.007291666666666667 0.018518518518518517
7 0.4747395833333333 0.5930555555555556 0.009895833333333333 0.049074074074074076
7 0.32578125 0.600462962962963 0.0234375 0.075
7 0.25833333333333336 0.637962962962963 0.026041666666666668 0.1111111111111111
6 0.2716145833333333 0.7416666666666667 0.12239583333333333 0.16296296296296298
8 0.2669270833333333 0.6884259259259259 0.0390625 0.1935185185185185
1 0.05520833333333333 0.7726851851851851 0.11041666666666666 0.4527777777777778
10 0.221875 0.4898148148148148 0.065625 0.1111111111111111
10 0.22135416666666666 0.42314814814814816 0.03125 0.016666666666666666
14 0.33828125 0.6657407407407407 0.06614583333333333 0.08518518518518518