3 0.48333333333333334 0.5171296296296296 0.009375 0.025
8 0.49192708333333335 0.5222222222222223 0.0036458333333333334 0.011111111111111112
6 0.49244791666666665 0.5287037037037037 0.0036458333333333334 0.009259259259259259
3 0.5005208333333333 0.5157407407407407 0.011458333333333333 0.022222222222222223
8 0.5403645833333334 0.5259259259259259 0.0067708333333333336 0.016666666666666666
6 0.5403645833333334 0.537962962962963 0.0067708333333333336 0.022222222222222223
13 0.5708333333333333 0.525 0.03854166666666667 0.08148148148148149
4 0.6203125 0.5597222222222222 0.05416666666666667 0.07314814814814814
7 0.6731770833333334 0.5412037037037037 0.009895833333333333 0.04351851851851852
7 0.6817708333333333 0.5425925925925926 0.007291666666666667 0.024074074074074074
8 0.7018229166666666 0.5685185185185185 0.013020833333333334 0.08148148148148149
6 0.7028645833333333 0.5814814814814815 0.013020833333333334 0.07222222222222222
6 0.8106770833333333 0.6310185185185185 0.04635416666666667 0.10092592592592593
1 0.75 0.6060185185185185 0.09791666666666667 0.18796296296296297
6 0.86171875 0.6333333333333333 0.058854166666666666 0.10925925925925926
8 0.8455729166666667 0.5962962962962963 0.018229166666666668 0.11296296296296296
8 0.8638020833333333 0.6046296296296296 0.0421875 0.12407407407407407
14 0.46979166666666666 0.5120370370370371 0.00625 0.005555555555555556
4 0.47890625 0.5217592592592593 0.011979166666666667 0.021296296296296296
4 0.4700520833333333 0.5212962962962963 0.0078125 0.014814814814814815
14 0.4622395833333333 0.5199074074074074 0.009895833333333333 0.013888888888888888
1 0.453125 0.5217592592592593 0.010416666666666666 0.017592592592592594
4 0.44479166666666664 0.5203703703703704 0.007291666666666667 0.012962962962962963
4 0.43828125 0.5254629629629629 0.0171875 0.021296296296296296
4 0.4356770833333333 0.5138888888888888 0.009895833333333333 0.003703703703703704
8 0.45755208333333336 0.5217592592592593 0.0026041666666666665 0.010185185185185186
8 0.45625 0.5226851851851851 0.005208333333333333 0.012037037037037037
6 0.45598958333333334 0.5324074074074074 0.0036458333333333334 0.011111111111111112
8 0.46171875 0.5314814814814814 0.008854166666666666 0.03148148148148148
6 0.46171875 0.5425925925925926 0.008854166666666666 0.024074074074074074
13 0.4119791666666667 0.5162037037037037 0.028125 0.06388888888888888
4 0.41015625 0.5412037037037037 0.0067708333333333336 0.028703703703703703
1 0.3997395833333333 0.5370370370370371 0.0203125 0.04814814814814815
13 0.36875 0.5236111111111111 0.04375 0.09166666666666666
4 0.3109375 0.5662037037037037 0.023958333333333335 0.09351851851851851
1 0.2747395833333333 0.5657407407407408 0.0640625 0.11851851851851852
4 0.21145833333333333 0.5342592592592592 0.06666666666666667 0.06481481481481481
7 0.16692708333333334 0.5115740740740741 0.013020833333333334 0.026851851851851852
6 0.2609375 0.7287037037037037 0.10520833333333333 0.21851851851851853
8 0.2760416666666667 0.6393518518518518 0.06354166666666666 0.25462962962962965
8 0.25 0.6444444444444445 0.075 0.2574074074074074
1 0.022395833333333334 0.6203703703703703 0.04479166666666667 0.21481481481481482
13 0.91875 0.5592592592592592 0.16145833333333334 0.31851851851851853
13 0.5125 0.513425925925926 0.010416666666666666 0.03425925925925926
4 0.5354166666666667 0.5282407407407408 0.014583333333333334 0.019444444444444445
7 0.68515625 0.5615740740740741 0.005729166666666666 0.04537037037037037
8 0.8067708333333333 0.5981481481481481 0.028125 0.12037037037037036