10 0.46380208333333334 0.45092592592592595 0.0109375 0.020370370370370372
4 0.29739583333333336 0.5222222222222223 0.022916666666666665 0.027777777777777776
4 0.2578125 0.5185185185185185 0.053125 0.05185185185185185
4 0.23619791666666667 0.538425925925926 0.030729166666666665 0.06759259259259259
7 0.10494791666666667 0.5638888888888889 0.025520833333333333 0.07777777777777778
7 0.07994791666666666 0.5685185185185185 0.03177083333333333 0.1814814814814815
6 0.15625 0.6087962962962963 0.10729166666666666 0.10092592592592593
8 0.16067708333333333 0.5745370370370371 0.0328125 0.17314814814814813
6 0.33567708333333335 0.5291666666666667 0.0078125 0.019444444444444445
6 0.34661458333333334 0.5305555555555556 0.009895833333333333 0.016666666666666666
7 0.31640625 0.5347222222222222 0.018229166666666668 0.08425925925925926
13 0.85 0.49027777777777776 0.23333333333333334 0.2324074074074074
8 0.9432291666666667 0.5689814814814815 0.030208333333333334 0.06574074074074074
3 0.6408854166666667 0.5097222222222222 0.04739583333333333 0.062037037037037036
13 0.69453125 0.48564814814814816 0.0734375 0.10462962962962963
4 0.40677083333333336 0.5296296296296297 0.03229166666666667 0.04259259259259259
7 0.47265625 0.5143518518518518 0.0078125 0.032407407407407406
13 0.5611979166666666 0.49398148148148147 0.022395833333333334 0.03425925925925926
13 0.54140625 0.5120370370370371 0.013020833333333334 0.016666666666666666
4 0.5856770833333333 0.5305555555555556 0.022395833333333334 0.037037037037037035
4 0.5533854166666666 0.5166666666666667 0.013020833333333334 0.016666666666666666
4 0.5682291666666667 0.5171296296296296 0.014583333333333334 0.017592592592592594
4 0.6497395833333334 0.525 0.018229166666666668 0.025925925925925925
14 0.5658854166666667 0.5194444444444445 0.018229166666666668 0.016666666666666666
8 0.6145833333333334 0.5300925925925926 0.0125 0.019444444444444445
7 0.5153645833333333 0.5222222222222223 0.0067708333333333336 0.027777777777777776
14 0.5283854166666667 0.5166666666666667 0.009895833333333333 0.018518518518518517
6 0.4934895833333333 0.6032407407407407 0.04114583333333333 0.08055555555555556
7 0.4421875 0.5212962962962963 0.008333333333333333 0.04259259259259259
7 0.43072916666666666 0.5263888888888889 0.009375 0.05462962962962963
8 0.49114583333333334 0.5819444444444445 0.03333333333333333 0.11203703703703703
6 0.5247395833333334 0.5736111111111111 0.013020833333333334 0.04722222222222222
8 0.52734375 0.5462962962962963 0.019270833333333334 0.05
8 0.5390625 0.5541666666666667 0.025 0.06388888888888888
4 0.5802083333333333 0.6027777777777777 0.159375 0.13518518518518519
4 0.7440104166666667 0.6620370370370371 0.25677083333333334 0.34074074074074073
4 0.8666666666666667 0.7953703703703704 0.265625 0.4074074074074074
6 0.565625 0.6453703703703704 0.035416666666666666 0.13148148148148148
8 0.5755208333333334 0.6208333333333333 0.04583333333333333 0.19907407407407407
6 0.540625 0.6995370370370371 0.06666666666666667 0.18796296296296297
8 0.5708333333333333 0.6574074074074074 0.06354166666666666 0.2388888888888889
8 0.5489583333333333 0.6523148148148148 0.06979166666666667 0.20092592592592592
6 0.403125 0.6527777777777778 0.04791666666666667 0.12222222222222222
8 0.4125 0.6134259259259259 0.046875 0.18796296296296297
6 0.44973958333333336 0.7263888888888889 0.07552083333333333 0.27685185185185185
8 0.4484375 0.6402777777777777 0.07083333333333333 0.225
6 0.3458333333333333 0.8513888888888889 0.21875 0.2935185185185185
8 0.37994791666666666 0.7810185185185186 0.1328125 0.4361111111111111
8 0.30703125 0.7851851851851852 0.2046875 0.42777777777777776
8 0.5981770833333333 0.5189814814814815 0.0078125 0.017592592592592594
7 0.6080729166666666 0.5115740740740741 0.0067708333333333336 0.023148148148148147
14 0.6041666666666666 0.525 0.007291666666666667 0.024074074074074074
7 0.53828125 0.5180555555555556 0.0046875 0.013888888888888888
6 0.5901041666666667 0.5351851851851852 0.014583333333333334 0.022222222222222223
8 0.58828125 0.5314814814814814 0.009895833333333333 0.03148148148148148
10 0.6731770833333334 0.4722222222222222 0.0109375 0.027777777777777776
14 0.421875 0.5175925925925926 0.015625 0.03518518518518519
4 0.00390625 0.575925925925926 0.0078125 0.06851851851851852
7 0.6705729166666666 0.5069444444444444 0.009895833333333333 0.013888888888888888