10 0.12760416666666666 0.03981481481481482 0.05520833333333333 0.07777777777777778
10 0.34036458333333336 0.524074074074074 0.0078125 0.040740740740740744
10 0.31484375 0.45925925925925926 0.0359375 0.12222222222222222
10 0.30234375 0.549074074074074 0.05572916666666667 0.06481481481481481
13 0.11328125 0.5597222222222222 0.13072916666666667 0.19722222222222222
7 0.16822916666666668 0.6050925925925926 0.03854166666666667 0.12314814814814815
8 0.07838541666666667 0.7782407407407408 0.15260416666666668 0.44166666666666665
2 0.15442708333333333 0.9069444444444444 0.0765625 0.1824074074074074
14 0.46796875 0.5703703703703704 0.011979166666666667 0.020370370370370372
14 0.48854166666666665 0.5634259259259259 0.009375 0.010185185185185186
14 0.4921875 0.5726851851851852 0.03125 0.010185185185185186
3 0.50859375 0.5657407407407408 0.005729166666666666 0.020370370370370372
3 0.5 0.5606481481481481 0.010416666666666666 0.013888888888888888
4 0.4869791666666667 0.6444444444444445 0.209375 0.13333333333333333
1 0.7046875 0.6060185185185185 0.026041666666666668 0.05092592592592592
10 0.7182291666666667 0.5351851851851852 0.014583333333333334 0.03333333333333333
3 0.7729166666666667 0.5814814814814815 0.06354166666666666 0.13148148148148148
3 0.8911458333333333 0.5814814814814815 0.19791666666666666 0.2722222222222222
9 0.6265625 0.36944444444444446 0.04583333333333333 0.014814814814814815
10 0.6609375 0.4027777777777778 0.04895833333333333 0.044444444444444446
8 0.6411458333333333 0.7958333333333333 0.14895833333333333 0.4064814814814815
6 0.6411458333333333 0.8893518518518518 0.153125 0.21574074074074073
10 0.7174479166666666 0.5666666666666667 0.009895833333333333 0.020370370370370372
10 0.7184895833333333 0.5546296296296296 0.011979166666666667 0.014814814814814815