9 0.1703125 0.3087962962962963 0.027083333333333334 0.03981481481481482
9 0.19375 0.5481481481481482 0.014583333333333334 0.02962962962962963
6 0.11067708333333333 0.6574074074074074 0.059895833333333336 0.05740740740740741
8 0.11901041666666666 0.6402777777777777 0.0390625 0.09537037037037037
8 0.1015625 0.6342592592592593 0.0375 0.09259259259259259
7 0.13541666666666666 0.6337962962962963 0.013541666666666667 0.04537037037037037
9 0.20208333333333334 0.5125 0.01875 0.025
4 0.20885416666666667 0.6416666666666667 0.14583333333333334 0.0962962962962963
1 0.73046875 0.5958333333333333 0.016145833333333335 0.026851851851851852
6 0.71640625 0.6152777777777778 0.0067708333333333336 0.01574074074074074
8 0.7166666666666667 0.600462962962963 0.008333333333333333 0.021296296296296296
7 0.70859375 0.5921296296296297 0.0067708333333333336 0.013888888888888888
6 0.7109375 0.6175925925925926 0.008333333333333333 0.018518518518518517
8 0.71171875 0.6023148148148149 0.009895833333333333 0.030555555555555555
4 0.6942708333333333 0.6143518518518518 0.025 0.032407407407407406
6 0.6888020833333334 0.625 0.0067708333333333336 0.022222222222222223
8 0.6895833333333333 0.6013888888888889 0.009375 0.021296296296296296
6 0.6731770833333334 0.6180555555555556 0.0109375 0.026851851851851852
8 0.6736979166666667 0.6092592592592593 0.009895833333333333 0.03333333333333333
8 0.65234375 0.6060185185185185 0.0067708333333333336 0.026851851851851852
4 0.6174479166666667 0.6166666666666667 0.04114583333333333 0.044444444444444446
1 0.5838541666666667 0.6212962962962963 0.026041666666666668 0.044444444444444446
4 0.5205729166666667 0.6166666666666667 0.030729166666666665 0.040740740740740744
8 0.40911458333333334 0.6027777777777777 0.0171875 0.03518518518518519
6 0.65234375 0.6268518518518519 0.0067708333333333336 0.014814814814814815
6 0.6572916666666667 0.6263888888888889 0.01875 0.049074074074074076
8 0.6591145833333333 0.6148148148148148 0.013020833333333334 0.053703703703703705
6 0.60703125 0.6476851851851851 0.011979166666666667 0.04351851851851852
8 0.6096354166666667 0.6087962962962963 0.0140625 0.03796296296296296
6 0.6229166666666667 0.6699074074074074 0.025 0.06018518518518518
8 0.6229166666666667 0.6282407407407408 0.030208333333333334 0.08425925925925926
4 0.45807291666666666 0.663425925925926 0.1390625 0.15092592592592594
8 0.22369791666666666 0.5939814814814814 0.016145833333333335 0.03425925925925926
8 0.20755208333333333 0.5981481481481481 0.0234375 0.044444444444444446
4 0.0703125 0.7222222222222222 0.140625 0.26481481481481484
6 0.5731770833333333 0.6689814814814815 0.03177083333333333 0.1175925925925926
8 0.5755208333333334 0.6055555555555555 0.026041666666666668 0.05555555555555555
8 0.5661458333333333 0.637962962962963 0.03854166666666667 0.13333333333333333
6 0.5505208333333333 0.7074074074074074 0.05625 0.17777777777777778
8 0.5458333333333333 0.6606481481481481 0.053125 0.19166666666666668
9 0.5776041666666667 0.30185185185185187 0.04895833333333333 0.027777777777777776
14 0.8036458333333333 0.586574074074074 0.017708333333333333 0.041666666666666664
3 0.8557291666666667 0.5800925925925926 0.09375 0.075
9 0.9177083333333333 0.5263888888888889 0.017708333333333333 0.025
7 0.9903645833333333 0.6087962962962963 0.0171875 0.10092592592592593
7 0.934375 0.6129629629629629 0.011458333333333333 0.10925925925925926
7 0.8403645833333333 0.6148148148148148 0.0140625 0.07407407407407407
7 0.846875 0.6166666666666667 0.026041666666666668 0.09814814814814815
7 0.78359375 0.6069444444444444 0.019270833333333334 0.09722222222222222
7 0.8893229166666666 0.5773148148148148 0.019270833333333334 0.03796296296296296
9 0.9197916666666667 0.4564814814814815 0.014583333333333334 0.05185185185185185
4 0.26276041666666666 0.7652777777777777 0.37447916666666664 0.3712962962962963
6 0.26796875 0.8648148148148148 0.21927083333333333 0.26851851851851855
7 0.8875 0.6375 0.03229166666666667 0.13240740740740742
7 0.9166666666666666 0.6388888888888888 0.029166666666666667 0.15925925925925927
7 0.9755208333333333 0.6435185185185185 0.030208333333333334 0.17592592592592593
7 0.9455729166666667 0.6541666666666667 0.03802083333333333 0.18981481481481483
2 0.7643229166666666 0.6620370370370371 0.0390625 0.09259259259259259
8 0.7604166666666666 0.6273148148148148 0.03125 0.1361111111111111
8 0.28567708333333336 0.8004629629629629 0.17239583333333333 0.3972222222222222