14 0.5416666666666666 0.5407407407407407 0.015625 0.012962962962962963
14 0.5625 0.5333333333333333 0.0125 0.014814814814814815
14 0.575 0.5425925925925926 0.010416666666666666 0.014814814814814815
14 0.5533854166666666 0.55 0.0140625 0.014814814814814815
14 0.5213541666666667 0.5523148148148148 0.015625 0.010185185185185186
1 0.5369791666666667 0.5541666666666667 0.014583333333333334 0.006481481481481481
8 0.54375 0.5476851851851852 0.00625 0.019444444444444445
14 0.5653645833333333 0.5472222222222223 0.009895833333333333 0.012962962962962963
4 0.54140625 0.5740740740740741 0.0171875 0.03148148148148148
10 0.49609375 0.5370370370370371 0.0109375 0.020370370370370372
8 0.5502604166666667 0.5763888888888888 0.0109375 0.03796296296296296
4 0.5359375 0.5699074074074074 0.014583333333333334 0.021296296296296296
13 0.5963541666666666 0.5305555555555556 0.036458333333333336 0.06111111111111111
8 0.59375 0.512962962962963 0.007291666666666667 0.020370370370370372
8 0.5825520833333333 0.5074074074074074 0.008854166666666666 0.027777777777777776
4 0.5901041666666667 0.5393518518518519 0.014583333333333334 0.03796296296296296
6 0.7109375 0.5884259259259259 0.025 0.07314814814814814
7 0.7794270833333333 0.5546296296296296 0.0171875 0.044444444444444446
7 0.79375 0.5787037037037037 0.022916666666666665 0.08333333333333333
6 0.69921875 0.6333333333333333 0.03697916666666667 0.08888888888888889
6 0.7143229166666667 0.6388888888888888 0.033854166666666664 0.09259259259259259
8 0.5166666666666667 0.5657407407407408 0.028125 0.018518518518518517
7 0.41744791666666664 0.5782407407407407 0.005729166666666666 0.01574074074074074
7 0.41067708333333336 0.5777777777777777 0.009895833333333333 0.022222222222222223
1 0.44192708333333336 0.5907407407407408 0.03697916666666667 0.04814814814814815
14 0.46171875 0.5949074074074074 0.0078125 0.026851851851851852
4 0.43359375 0.6328703703703704 0.0609375 0.10277777777777777
8 0.40729166666666666 0.6199074074074075 0.020833333333333332 0.0824074074074074
6 0.41067708333333336 0.6791666666666667 0.015104166666666667 0.05648148148148148
7 0.25416666666666665 0.5916666666666667 0.015625 0.04814814814814815
8 0.24036458333333333 0.6074074074074074 0.0171875 0.022222222222222223
7 0.16354166666666667 0.625 0.016666666666666666 0.10185185185185185
2 0.08880208333333334 0.6782407407407407 0.0515625 0.09351851851851851
8 0.09192708333333334 0.6449074074074074 0.03697916666666667 0.13240740740740742
1 0.48802083333333335 0.600462962962963 0.05416666666666667 0.08055555555555556
6 0.4309895833333333 0.6675925925925926 0.043229166666666666 0.10740740740740741
8 0.4283854166666667 0.6444444444444445 0.04010416666666667 0.14629629629629629
6 0.12734375 0.7537037037037037 0.08072916666666667 0.17777777777777778
4 0.21510416666666668 0.7152777777777778 0.10416666666666667 0.2101851851851852
4 0.5700520833333333 0.5930555555555556 0.04114583333333333 0.07685185185185185
4 0.5880208333333333 0.6138888888888889 0.0625 0.1111111111111111
8 0.5973958333333333 0.5574074074074075 0.007291666666666667 0.012962962962962963
4 0.6294270833333333 0.65 0.10052083333333334 0.15185185185185185
4 0.82890625 0.7888888888888889 0.3411458333333333 0.4203703703703704
14 0.004166666666666667 0.8763888888888889 0.008333333333333333 0.049074074074074076
4 0.06536458333333334 0.9490740740740741 0.13072916666666667 0.1
6 0.49973958333333335 0.7300925925925926 0.06822916666666666 0.2175925925925926
8 0.50234375 0.6449074074074074 0.0515625 0.13796296296296295
8 0.49661458333333336 0.687962962962963 0.06614583333333333 0.21296296296296297
4 0.5104166666666666 0.662962962962963 0.10833333333333334 0.17592592592592593
1 0.3346354166666667 0.7263888888888889 0.1609375 0.31574074074074077