3 0.3502604166666667 0.39444444444444443 0.11302083333333333 0.12407407407407407
3 0.4276041666666667 0.4097222222222222 0.021875 0.04351851851851852
3 0.4596354166666667 0.40879629629629627 0.05572916666666667 0.06388888888888888
1 0.28463541666666664 0.4162037037037037 0.024479166666666666 0.021296296296296296
1 0.43385416666666665 0.43148148148148147 0.025 0.03148148148148148
4 0.5356770833333333 0.4398148148148148 0.024479166666666666 0.05925925925925926
4 0.51953125 0.45092592592592595 0.0421875 0.07777777777777778
13 0.5596354166666667 0.4097222222222222 0.0265625 0.03796296296296296
4 0.559375 0.4305555555555556 0.029166666666666667 0.02962962962962963
4 0.4859375 0.41712962962962963 0.029166666666666667 0.012037037037037037
4 0.5018229166666667 0.4162037037037037 0.0078125 0.010185185185185186
1 0.4830729166666667 0.42777777777777776 0.030729166666666665 0.024074074074074074
4 0.5046875 0.48055555555555557 0.058333333333333334 0.12037037037037036
4 0.4140625 0.4546296296296296 0.05 0.05185185185185185
8 0.42473958333333334 0.4486111111111111 0.028645833333333332 0.05277777777777778
4 0.4765625 0.5550925925925926 0.12395833333333334 0.23425925925925925
8 0.5606770833333333 0.4356481481481482 0.0109375 0.021296296296296296
9 0.5809895833333333 0.36157407407407405 0.0067708333333333336 0.023148148148148147
4 0.62578125 0.4287037037037037 0.005729166666666666 0.014814814814814815
4 0.6364583333333333 0.43148148148148147 0.020833333333333332 0.025925925925925925
3 0.6861979166666666 0.42592592592592593 0.0453125 0.04814814814814815
7 0.6390625 0.42824074074074076 0.007291666666666667 0.030555555555555555
7 0.6427083333333333 0.42777777777777776 0.005208333333333333 0.025925925925925925
4 0.6544270833333333 0.43333333333333335 0.015104166666666667 0.018518518518518517
7 0.6494791666666667 0.43148148148148147 0.005208333333333333 0.018518518518518517
7 0.65546875 0.43148148148148147 0.005729166666666666 0.020370370370370372
1 0.8463541666666666 0.4476851851851852 0.03854166666666667 0.04351851851851852
13 0.8986979166666667 0.44166666666666665 0.08697916666666666 0.08888888888888889
14 0.7067708333333333 0.42083333333333334 0.042708333333333334 0.05092592592592592
3 0.9890625 0.41712962962962963 0.01875 0.08055555555555556
4 0.97109375 0.4648148148148148 0.05677083333333333 0.05185185185185185
9 0.6658854166666667 0.36064814814814816 0.009895833333333333 0.04722222222222222
8 0.3229166666666667 0.43194444444444446 0.015625 0.021296296296296296
1 0.3653645833333333 0.44583333333333336 0.0765625 0.06018518518518518
8 0.3184895833333333 0.44814814814814813 0.022395833333333334 0.022222222222222223
8 0.29270833333333335 0.43842592592592594 0.014583333333333334 0.041666666666666664
8 0.2643229166666667 0.41574074074074074 0.013020833333333334 0.018518518518518517
8 0.21588541666666666 0.41759259259259257 0.0140625 0.03148148148148148
1 0.24270833333333333 0.4675925925925926 0.09479166666666666 0.1
6 0.17005208333333333 0.5310185185185186 0.0578125 0.1527777777777778
8 0.17890625 0.49444444444444446 0.0328125 0.13703703703703704
8 0.16953125 0.5018518518518519 0.0390625 0.1425925925925926
4 0.3033854166666667 0.725462962962963 0.3140625 0.5472222222222223
6 0.11614583333333334 0.45740740740740743 0.021875 0.06296296296296296
8 0.11171875 0.43287037037037035 0.0140625 0.06388888888888888
6 0.13203125 0.4462962962962963 0.0171875 0.03888888888888889
6 0.15182291666666667 0.4361111111111111 0.0171875 0.040740740740740744
13 0.058854166666666666 0.39861111111111114 0.11770833333333333 0.7435185185185185
10 0.7940104166666667 0.25555555555555554 0.049479166666666664 0.09259259259259259
14 0.4127604166666667 0.4162037037037037 0.0109375 0.01574074074074074
8 0.44973958333333336 0.4310185185185185 0.0078125 0.025
8 0.46484375 0.4310185185185185 0.0067708333333333336 0.023148148148148147
8 0.45755208333333336 0.43194444444444446 0.013020833333333334 0.023148148148148147
14 0.7286458333333333 0.4324074074074074 0.026041666666666668 0.04259259259259259
10 0.5921875 0.34120370370370373 0.011458333333333333 0.025
9 0.5809895833333333 0.3587962962962963 0.0036458333333333334 0.026851851851851852
13 0.9552083333333333 0.4162037037037037 0.059375 0.03981481481481482
1 0.93984375 0.45 0.013020833333333334 0.03333333333333333
1 0.9666666666666667 0.4393518518518518 0.028125 0.01574074074074074
7 0.9380208333333333 0.4444444444444444 0.004166666666666667 0.020370370370370372
9 0.5161458333333333 0.3578703703703704 0.0125 0.006481481481481481
8 0.41328125 0.42314814814814816 0.0067708333333333336 0.012962962962962963
8 0.32083333333333336 0.4337962962962963 0.013541666666666667 0.013888888888888888
7 0.18776041666666668 0.4046296296296296 0.005729166666666666 0.016666666666666666