7 0.44817708333333334 0.5532407407407407 0.005729166666666666 0.006481481481481481
4 0.47760416666666666 0.575462962962963 0.027083333333333334 0.03611111111111111
14 0.5065104166666666 0.5648148148148148 0.03177083333333333 0.020370370370370372
4 0.5252604166666667 0.5833333333333334 0.0421875 0.04259259259259259
4 0.7364583333333333 0.5949074074074074 0.03333333333333333 0.041666666666666664
3 0.8755208333333333 0.5472222222222223 0.24791666666666667 0.29074074074074074
7 0.8119791666666667 0.5671296296296297 0.03229166666666667 0.18796296296296297
8 0.5278645833333333 0.5638888888888889 0.0078125 0.011111111111111112
1 0.46015625 0.5782407407407407 0.0203125 0.049074074074074076
7 0.43125 0.5550925925925926 0.00625 0.012037037037037037
4 0.41119791666666666 0.5722222222222222 0.04010416666666667 0.03148148148148148
7 0.42161458333333335 0.5699074074074074 0.005729166666666666 0.041666666666666664
7 0.41119791666666666 0.5726851851851852 0.0046875 0.04537037037037037
7 0.4015625 0.5699074074074074 0.004166666666666667 0.03796296296296296
7 0.38697916666666665 0.5606481481481481 0.005208333333333333 0.03796296296296296
1 0.44453125 0.5976851851851852 0.0390625 0.0824074074074074
4 0.5088541666666667 0.6314814814814815 0.07916666666666666 0.12037037037037036
7 0.31276041666666665 0.5472222222222223 0.022395833333333334 0.03333333333333333
7 0.24557291666666667 0.5546296296296296 0.011979166666666667 0.03518518518518519
7 0.21822916666666667 0.5541666666666667 0.013541666666666667 0.049074074074074076
1 0.35911458333333335 0.6277777777777778 0.06510416666666667 0.14444444444444443
6 0.05260416666666667 0.5967592592592592 0.041666666666666664 0.09351851851851851
6 0.07864583333333333 0.6013888888888889 0.04791666666666667 0.08055555555555556
6 0.01484375 0.5967592592592592 0.0296875 0.10648148148148148
7 0.015625 0.6069444444444444 0.03125 0.19722222222222222
6 0.13098958333333333 0.7513888888888889 0.059895833333333336 0.13796296296296295
8 0.14739583333333334 0.6337962962962963 0.051041666666666666 0.13240740740740742
4 0.26145833333333335 0.7027777777777777 0.22916666666666666 0.29074074074074074
1 0.4828125 0.5555555555555556 0.016666666666666666 0.009259259259259259
14 0.59296875 0.575925925925926 0.016145833333333335 0.03148148148148148