7 0.16979166666666667 0.4810185185185185 0.013541666666666667 0.06388888888888888
7 0.0375 0.5087962962962963 0.022916666666666665 0.09351851851851851
6 0.038802083333333334 0.5203703703703704 0.03697916666666667 0.06296296296296296
6 0.09401041666666667 0.5152777777777777 0.049479166666666664 0.041666666666666664
6 0.10390625 0.5069444444444444 0.0453125 0.05092592592592592
6 0.13255208333333332 0.49212962962962964 0.011979166666666667 0.05462962962962963
8 0.15390625 0.5662037037037037 0.0703125 0.23796296296296296
6 0.15546875 0.6166666666666667 0.08802083333333334 0.22037037037037038
6 0.18515625 0.4898148148148148 0.015104166666666667 0.03333333333333333
4 0.1984375 0.48518518518518516 0.014583333333333334 0.04814814814814815
1 0.3296875 0.500462962962963 0.25833333333333336 0.6620370370370371
8 0.45390625 0.4212962962962963 0.0036458333333333334 0.007407407407407408
4 0.45729166666666665 0.42314814814814816 0.005208333333333333 0.009259259259259259
1 0.46380208333333334 0.42314814814814816 0.0046875 0.009259259259259259
4 0.45364583333333336 0.43194444444444446 0.005208333333333333 0.01574074074074074
8 0.45989583333333334 0.425462962962963 0.005208333333333333 0.01574074074074074
8 0.45859375 0.4425925925925926 0.011979166666666667 0.037037037037037035
6 0.46067708333333335 0.4546296296296296 0.0140625 0.037037037037037035
4 0.46953125 0.41898148148148145 0.0078125 0.012037037037037037
8 0.5080729166666667 0.43842592592592594 0.0078125 0.019444444444444445
4 0.46875 0.42314814814814816 0.009375 0.009259259259259259
4 0.47109375 0.43472222222222223 0.016145833333333335 0.026851851851851852
4 0.48671875 0.4597222222222222 0.04114583333333333 0.06944444444444445
8 0.49244791666666665 0.4203703703703704 0.0067708333333333336 0.009259259259259259
8 0.48880208333333336 0.4212962962962963 0.0026041666666666665 0.009259259259259259
8 0.50234375 0.4273148148148148 0.0067708333333333336 0.01574074074074074
14 0.4986979166666667 0.41805555555555557 0.009895833333333333 0.008333333333333333
14 0.5013020833333334 0.42962962962962964 0.013020833333333334 0.014814814814814815
4 0.5119791666666667 0.42592592592592593 0.0125 0.020370370370370372
4 0.521875 0.43333333333333335 0.0125 0.02962962962962963
4 0.5307291666666667 0.4356481481481482 0.017708333333333333 0.03611111111111111
4 0.5408854166666667 0.44212962962962965 0.0171875 0.04351851851851852
4 0.54765625 0.4449074074074074 0.016145833333333335 0.041666666666666664
4 0.55625 0.44722222222222224 0.019791666666666666 0.044444444444444446
14 0.5580729166666667 0.42268518518518516 0.013020833333333334 0.010185185185185186
4 0.5765625 0.44351851851851853 0.030208333333333334 0.06666666666666667
4 0.6138020833333333 0.44814814814814813 0.0609375 0.09444444444444444
4 0.6450520833333333 0.42685185185185187 0.018229166666666668 0.020370370370370372
7 0.66015625 0.425462962962963 0.005729166666666666 0.017592592592592594
7 0.66953125 0.4212962962962963 0.0067708333333333336 0.020370370370370372
4 0.659375 0.4773148148148148 0.075 0.09351851851851851
4 0.7208333333333333 0.4981481481481482 0.12708333333333333 0.15
4 0.7848958333333333 0.4708333333333333 0.075 0.07314814814814814
8 0.8393229166666667 0.4356481481481482 0.013020833333333334 0.030555555555555555
8 0.84765625 0.4361111111111111 0.013020833333333334 0.027777777777777776
4 0.89921875 0.45555555555555555 0.10572916666666667 0.09259259259259259
8 0.8950520833333333 0.4462962962962963 0.008854166666666666 0.012962962962962963
8 0.9138020833333333 0.44722222222222224 0.018229166666666668 0.03148148148148148
8 0.9658854166666667 0.46574074074074073 0.021354166666666667 0.07222222222222222
8 0.9841145833333333 0.4689814814814815 0.030729166666666665 0.0712962962962963
6 0.9778645833333334 0.49583333333333335 0.0421875 0.019444444444444445
4 0.86171875 0.5180555555555556 0.17864583333333334 0.14537037037037037
4 0.8421875 0.7486111111111111 0.3145833333333333 0.5009259259259259
8 0.51328125 0.48009259259259257 0.03697916666666667 0.11018518518518519
6 0.5122395833333333 0.5050925925925925 0.03802083333333333 0.10277777777777777
8 0.48046875 0.42268518518518516 0.005729166666666666 0.006481481481481481
7 0.6880208333333333 0.425 0.007291666666666667 0.018518518518518517
7 0.8278645833333333 0.4324074074074074 0.016145833333333335 0.03333333333333333