13 0.503125 0.5337962962962963 0.030208333333333334 0.08611111111111111
7 0.425 0.549537037037037 0.005208333333333333 0.019444444444444445
7 0.43072916666666666 0.5523148148148148 0.004166666666666667 0.017592592592592594
4 0.4549479166666667 0.5527777777777778 0.034895833333333334 0.05925925925925926
4 0.5549479166666667 0.5481481481481482 0.022395833333333334 0.040740740740740744
8 0.5919270833333333 0.5472222222222223 0.008854166666666666 0.040740740740740744
6 0.59140625 0.5615740740740741 0.009895833333333333 0.04351851851851852
4 0.6182291666666667 0.5546296296296296 0.046875 0.06111111111111111
8 0.6268229166666667 0.5592592592592592 0.0203125 0.07222222222222222
6 0.6283854166666667 0.5722222222222222 0.025520833333333333 0.05925925925925926
13 0.7158854166666667 0.5421296296296296 0.10572916666666667 0.1935185185185185
8 0.8549479166666667 0.5791666666666667 0.033854166666666664 0.10462962962962963
6 0.8546875 0.6037037037037037 0.04375 0.10185185185185185
8 0.9427083333333334 0.5439814814814815 0.015625 0.023148148148148147
4 0.946875 0.6523148148148148 0.10520833333333333 0.1935185185185185
8 0.2669270833333333 0.6277777777777778 0.050520833333333334 0.18888888888888888
8 0.2484375 0.6231481481481481 0.06145833333333333 0.19814814814814816
6 0.26614583333333336 0.6768518518518518 0.06354166666666666 0.18333333333333332
10 0.15390625 0.3527777777777778 0.021354166666666667 0.06666666666666667
8 0.0875 0.6462962962962963 0.075 0.20555555555555555
6 0.07760416666666667 0.7055555555555556 0.10729166666666666 0.2222222222222222
7 0.009375 0.5861111111111111 0.017708333333333333 0.20185185185185187
7 0.024739583333333332 0.6041666666666666 0.0421875 0.22685185185185186
4 0.15260416666666668 0.5449074074074074 0.07708333333333334 0.08425925925925926
10 0.68046875 0.3907407407407407 0.03177083333333333 0.05
10 0.68046875 0.43194444444444446 0.03177083333333333 0.017592592592592594