10 0.20494791666666667 0.30648148148148147 0.009895833333333333 0.07222222222222222
13 0.43802083333333336 0.41944444444444445 0.025 0.03333333333333333
14 0.46979166666666666 0.4115740740740741 0.0125 0.026851851851851852
8 0.4544270833333333 0.4212962962962963 0.0046875 0.009259259259259259
8 0.45625 0.41805555555555557 0.003125 0.010185185185185186
3 0.4713541666666667 0.41574074074074074 0.014583333333333334 0.024074074074074074
8 0.46067708333333335 0.42314814814814816 0.0046875 0.012962962962962963
8 0.45598958333333334 0.425 0.0046875 0.009259259259259259
8 0.46822916666666664 0.4212962962962963 0.004166666666666667 0.009259259259259259
4 0.47109375 0.4236111111111111 0.011979166666666667 0.006481481481481481
14 0.4864583333333333 0.4115740740740741 0.008333333333333333 0.01574074074074074
8 0.478125 0.4236111111111111 0.005208333333333333 0.008333333333333333
4 0.48072916666666665 0.5203703703703704 0.1125 0.19444444444444445
14 0.4861979166666667 0.4217592592592593 0.0067708333333333336 0.013888888888888888
14 0.4979166666666667 0.4222222222222222 0.021875 0.012962962962962963
8 0.5122395833333333 0.425 0.005729166666666666 0.016666666666666666
4 0.51796875 0.42777777777777776 0.005729166666666666 0.016666666666666666
4 0.53359375 0.4444444444444444 0.0296875 0.05925925925925926
1 0.5755208333333334 0.449537037037037 0.028125 0.03611111111111111
4 0.5861979166666667 0.47638888888888886 0.03697916666666667 0.07685185185185185
4 0.6182291666666667 0.4962962962962963 0.06145833333333333 0.1
7 0.653125 0.4550925925925926 0.025 0.03425925925925926
4 0.7143229166666667 0.5652777777777778 0.1734375 0.22314814814814815
6 0.7697916666666667 0.5023148148148148 0.011458333333333333 0.030555555555555555
7 0.55078125 0.462037037037037 0.0171875 0.08518518518518518
7 0.5653645833333333 0.47685185185185186 0.018229166666666668 0.08148148148148149
7 0.3927083333333333 0.45 0.014583333333333334 0.05740740740740741
1 0.4200520833333333 0.4861111111111111 0.0546875 0.12222222222222222
7 0.4 0.42824074074074076 0.009375 0.019444444444444445
13 0.3515625 0.4287037037037037 0.06458333333333334 0.09259259259259259
4 0.3263020833333333 0.4564814814814815 0.03177083333333333 0.046296296296296294
6 0.33515625 0.4930555555555556 0.0359375 0.05277777777777778
6 0.32395833333333335 0.5023148148148148 0.022916666666666665 0.07314814814814814
6 0.32916666666666666 0.5009259259259259 0.030208333333333334 0.05185185185185185
8 0.3796875 0.5337962962962963 0.059375 0.20462962962962963
8 0.3776041666666667 0.45555555555555555 0.026041666666666668 0.03148148148148148
6 0.37864583333333335 0.5935185185185186 0.06770833333333333 0.19444444444444445
8 0.3033854166666667 0.48842592592592593 0.0328125 0.13796296296296295
6 0.3020833333333333 0.5231481481481481 0.05 0.13703703703703704
7 0.2825520833333333 0.5171296296296296 0.024479166666666666 0.16203703703703703
6 0.25859375 0.513425925925926 0.06510416666666667 0.11018518518518519
6 0.22916666666666666 0.5194444444444445 0.06979166666666667 0.12407407407407407
6 0.2171875 0.5351851851851852 0.09166666666666666 0.12407407407407407
6 0.16901041666666666 0.55 0.11197916666666667 0.17777777777777778
6 0.11171875 0.587037037037037 0.14322916666666666 0.17222222222222222
6 0.03046875 0.6754629629629629 0.0609375 0.17314814814814813
7 0.2546875 0.5333333333333333 0.035416666666666666 0.22407407407407406