7 0.5041666666666667 0.5287037037037037 0.00625 0.03148148148148148
7 0.5096354166666667 0.5287037037037037 0.008854166666666666 0.03148148148148148
7 0.5223958333333333 0.5217592592592593 0.005208333333333333 0.017592592592592594
8 0.5153645833333333 0.5231481481481481 0.011979166666666667 0.018518518518518517
7 0.4979166666666667 0.5291666666666667 0.00625 0.03796296296296296
7 0.4934895833333333 0.5393518518518519 0.0109375 0.05648148148148148
7 0.48854166666666665 0.5305555555555556 0.007291666666666667 0.03333333333333333
7 0.48333333333333334 0.5300925925925926 0.00625 0.03611111111111111
7 0.46328125 0.5324074074074074 0.0078125 0.024074074074074074
7 0.46822916666666664 0.537962962962963 0.010416666666666666 0.05185185185185185
7 0.3567708333333333 0.5342592592592592 0.011458333333333333 0.025925925925925925
7 0.3299479166666667 0.5518518518518518 0.0203125 0.04814814814814815
7 0.3411458333333333 0.5537037037037037 0.015625 0.06111111111111111
7 0.2984375 0.5324074074074074 0.019791666666666666 0.07222222222222222
7 0.26015625 0.5296296296296297 0.0171875 0.07777777777777778
1 0.20286458333333332 0.5523148148148148 0.10052083333333334 0.11574074074074074
13 0.021875 0.5222222222222223 0.04375 0.17222222222222222
7 0.13125 0.6166666666666667 0.040625 0.0962962962962963
7 0.23177083333333334 0.6402777777777777 0.05520833333333333 0.10277777777777777
14 0.40651041666666665 0.6055555555555555 0.024479166666666666 0.06111111111111111
14 0.3692708333333333 0.6148148148148148 0.058333333333333334 0.07037037037037037
6 0.44869791666666664 0.6356481481481482 0.043229166666666666 0.10833333333333334
7 0.44817708333333334 0.5208333333333334 0.005729166666666666 0.013888888888888888
7 0.4546875 0.5236111111111111 0.005208333333333333 0.017592592592592594
7 0.45651041666666664 0.5425925925925926 0.0078125 0.020370370370370372
8 0.44765625 0.5981481481481481 0.0421875 0.1425925925925926
13 0.5416666666666666 0.512962962962963 0.029166666666666667 0.027777777777777776
6 0.53515625 0.524537037037037 0.016145833333333335 0.008333333333333333
8 0.5375 0.5217592592592593 0.008333333333333333 0.01574074074074074
7 0.55546875 0.5226851851851851 0.0067708333333333336 0.01574074074074074
7 0.5703125 0.524074074074074 0.005208333333333333 0.022222222222222223
6 0.56171875 0.5388888888888889 0.011979166666666667 0.027777777777777776
8 0.5625 0.524537037037037 0.010416666666666666 0.021296296296296296
7 0.5799479166666667 0.5375 0.0109375 0.049074074074074076
1 0.5986979166666667 0.524074074074074 0.025520833333333333 0.024074074074074074
1 0.6247395833333333 0.5560185185185185 0.0390625 0.08981481481481482
2 0.5833333333333334 0.587037037037037 0.004166666666666667 0.03333333333333333
7 0.6013020833333333 0.5652777777777778 0.019270833333333334 0.10092592592592593
7 0.6223958333333334 0.5671296296296297 0.025 0.10092592592592593
7 0.66171875 0.5314814814814814 0.0140625 0.037037037037037035
7 0.5901041666666667 0.5689814814814815 0.021875 0.10092592592592593
6 0.64453125 0.5879629629629629 0.030729166666666665 0.07777777777777778
7 0.69140625 0.5925925925925926 0.013020833333333334 0.046296296296296294
7 0.6731770833333334 0.6111111111111112 0.03802083333333333 0.18518518518518517
7 0.8080729166666667 0.5453703703703704 0.009895833333333333 0.05185185185185185
7 0.8174479166666667 0.5287037037037037 0.0067708333333333336 0.009259259259259259
7 0.8213541666666667 0.5268518518518519 0.00625 0.011111111111111112
7 0.8567708333333334 0.5444444444444444 0.010416666666666666 0.037037037037037035
7 0.8643229166666667 0.5416666666666666 0.0067708333333333336 0.02962962962962963
7 0.8697916666666666 0.5537037037037037 0.010416666666666666 0.046296296296296294
7 0.8747395833333333 0.575 0.011979166666666667 0.06111111111111111
7 0.8955729166666667 0.5800925925925926 0.0328125 0.1638888888888889
7 0.9325520833333333 0.5745370370370371 0.04010416666666667 0.1527777777777778
6 0.9145833333333333 0.9226851851851852 0.06979166666666667 0.1527777777777778
8 0.96875 0.7875 0.06145833333333333 0.42314814814814816
7 0.7638020833333333 0.5796296296296296 0.0203125 0.04259259259259259
7 0.74296875 0.6037037037037037 0.03697916666666667 0.17037037037037037
7 0.7216145833333333 0.6305555555555555 0.025520833333333333 0.14629629629629629
4 0.5377604166666666 0.5851851851851851 0.0765625 0.11296296296296296
7 0.23984375 0.5643518518518519 0.028645833333333332 0.062037037037037036
7 0.8372395833333334 0.6273148148148148 0.0453125 0.06944444444444445