8 0.48671875 0.5050925925925925 0.005729166666666666 0.008333333333333333
6 0.4861979166666667 0.5125 0.0036458333333333334 0.010185185185185186
4 0.49947916666666664 0.5064814814814815 0.009375 0.020370370370370372
7 0.5018229166666667 0.5037037037037037 0.0036458333333333334 0.014814814814814815
7 0.5208333333333334 0.5185185185185185 0.005208333333333333 0.027777777777777776
7 0.5268229166666667 0.5175925925925926 0.0067708333333333336 0.03333333333333333
4 0.5752604166666667 0.513425925925926 0.0515625 0.026851851851851852
14 0.55625 0.5296296296296297 0.025 0.03333333333333333
7 0.5671875 0.5138888888888888 0.009375 0.02962962962962963
7 0.5395833333333333 0.5254629629629629 0.010416666666666666 0.04722222222222222
7 0.5401041666666667 0.5226851851851851 0.007291666666666667 0.06388888888888888
6 0.58203125 0.5148148148148148 0.008854166666666666 0.012962962962962963
6 0.5776041666666667 0.5222222222222223 0.027083333333333334 0.03148148148148148
6 0.5908854166666667 0.5199074074074074 0.021354166666666667 0.025
6 0.59921875 0.5236111111111111 0.0296875 0.04537037037037037
2 0.6325520833333333 0.5587962962962963 0.059895833333333336 0.07685185185185185
8 0.6283854166666667 0.5421296296296296 0.025520833333333333 0.11388888888888889
7 0.6588541666666666 0.5407407407407407 0.01875 0.1111111111111111
13 0.7755208333333333 0.5222222222222223 0.13958333333333334 0.11666666666666667
7 0.746875 0.5458333333333333 0.021875 0.08425925925925926
7 0.78203125 0.625462962962963 0.0390625 0.08796296296296297
7 0.6807291666666667 0.6041666666666666 0.04791666666666667 0.21388888888888888
14 0.8427083333333333 0.6231481481481481 0.090625 0.1425925925925926
7 0.8481770833333333 0.6680555555555555 0.0546875 0.17314814814814813
6 0.9072916666666667 0.8407407407407408 0.184375 0.3148148148148148
8 0.921875 0.7675925925925926 0.146875 0.45925925925925926
7 0.5166666666666667 0.524537037037037 0.009375 0.06018518518518518
6 0.50390625 0.5324074074074074 0.011979166666666667 0.037037037037037035
8 0.5041666666666667 0.5212962962962963 0.0125 0.053703703703703705
7 0.4817708333333333 0.5041666666666667 0.004166666666666667 0.013888888888888888
14 0.43515625 0.5087962962962963 0.03177083333333333 0.04722222222222222
4 0.46927083333333336 0.5212962962962963 0.022916666666666665 0.04814814814814815
7 0.4322916666666667 0.5 0.004166666666666667 0.024074074074074074
7 0.4518229166666667 0.5226851851851851 0.0067708333333333336 0.04722222222222222
7 0.44192708333333336 0.5259259259259259 0.0067708333333333336 0.04259259259259259
8 0.43515625 0.5152777777777777 0.008854166666666666 0.025
6 0.434375 0.5342592592592592 0.010416666666666666 0.014814814814814815
14 0.4041666666666667 0.5055555555555555 0.034375 0.04814814814814815
7 0.3971354166666667 0.5166666666666667 0.005729166666666666 0.024074074074074074
7 0.40572916666666664 0.5189814814814815 0.008333333333333333 0.023148148148148147
7 0.3768229166666667 0.5277777777777778 0.011979166666666667 0.040740740740740744
6 0.42864583333333334 0.5486111111111112 0.022916666666666665 0.06759259259259259
8 0.4276041666666667 0.5393518518518519 0.01875 0.06388888888888888
6 0.3924479166666667 0.5509259259259259 0.021354166666666667 0.05
7 0.2986979166666667 0.5578703703703703 0.0140625 0.12129629629629629
7 0.25807291666666665 0.5314814814814814 0.0203125 0.05185185185185185
1 0.2559895833333333 0.5717592592592593 0.1015625 0.10648148148148148
6 0.34765625 0.5944444444444444 0.04114583333333333 0.0962962962962963
8 0.34791666666666665 0.5722222222222222 0.034375 0.12407407407407407
8 0.340625 0.5666666666666667 0.022916666666666665 0.07037037037037037
8 0.31614583333333335 0.5824074074074074 0.034375 0.12222222222222222
6 0.2609375 0.7592592592592593 0.10208333333333333 0.2759259259259259
8 0.26848958333333334 0.6689814814814815 0.06822916666666666 0.262037037037037
8 0.24140625 0.6800925925925926 0.07552083333333333 0.27314814814814814
4 0.1234375 0.5958333333333333 0.17604166666666668 0.16203703703703703
6 0.48098958333333336 0.5310185185185186 0.011979166666666667 0.028703703703703703
8 0.4822916666666667 0.5222222222222223 0.011458333333333333 0.03888888888888889
14 0.4921875 0.5064814814814815 0.009375 0.012962962962962963