14 0.5630208333333333 0.5518518518518518 0.020833333333333332 0.037037037037037035
14 0.5380208333333333 0.55 0.026041666666666668 0.025925925925925925
14 0.4973958333333333 0.5564814814814815 0.01875 0.016666666666666666
13 0.5161458333333333 0.55 0.021875 0.027777777777777776
13 0.6252604166666667 0.549074074074074 0.013020833333333334 0.024074074074074074
14 0.6427083333333333 0.5425925925925926 0.022916666666666665 0.024074074074074074
14 0.64609375 0.55 0.0171875 0.018518518518518517
14 0.6638020833333333 0.5476851851851852 0.018229166666666668 0.01574074074074074
1 0.6796875 0.5458333333333333 0.015625 0.017592592592592594
1 0.69296875 0.5444444444444444 0.0140625 0.014814814814814815
1 0.7041666666666667 0.5462962962962963 0.011458333333333333 0.024074074074074074
4 0.7236979166666667 0.5824074074074074 0.0453125 0.05555555555555555
4 0.8653645833333333 0.5805555555555556 0.07239583333333334 0.07962962962962963
13 0.59296875 0.5412037037037037 0.05572916666666667 0.08425925925925926
8 0.5919270833333333 0.5657407407407408 0.013020833333333334 0.020370370370370372
8 0.58125 0.5652777777777778 0.010416666666666666 0.017592592592592594
4 0.62578125 0.5847222222222223 0.043229166666666666 0.06574074074074074
4 0.6658854166666667 0.6231481481481481 0.08177083333333333 0.15185185185185185
13 0.39947916666666666 0.5638888888888889 0.022916666666666665 0.024074074074074074
13 0.42291666666666666 0.5578703703703703 0.03229166666666667 0.04351851851851852
1 0.42526041666666664 0.5796296296296296 0.015104166666666667 0.03333333333333333
1 0.49895833333333334 0.5879629629629629 0.025 0.06296296296296296
4 0.4122395833333333 0.6097222222222223 0.0421875 0.0787037037037037
13 0.30807291666666664 0.5671296296296297 0.06822916666666666 0.09907407407407408
1 0.0140625 0.6171296296296296 0.028125 0.030555555555555555
8 0.26276041666666666 0.5935185185185186 0.0109375 0.022222222222222223
4 0.3059895833333333 0.637962962962963 0.07864583333333333 0.10555555555555556
8 0.33151041666666664 0.5837962962962963 0.0078125 0.01574074074074074
4 0.38046875 0.6375 0.09427083333333333 0.12129629629629629
4 0.17421875 0.7833333333333333 0.3484375 0.43148148148148147
4 0.5026041666666666 0.6143518518518518 0.027083333333333334 0.09907407407407408
1 0.5390625 0.6166666666666667 0.052083333333333336 0.12777777777777777
4 0.5815104166666667 0.6601851851851852 0.1171875 0.18703703703703703
1 0.4609375 0.6319444444444444 0.07083333333333333 0.15648148148148147
6 0.7036458333333333 0.6972222222222222 0.07083333333333333 0.1685185185185185
8 0.7002604166666667 0.6435185185185185 0.04739583333333333 0.15925925925925927
6 0.6013020833333333 0.8319444444444445 0.1203125 0.33425925925925926
8 0.5981770833333333 0.7398148148148148 0.09114583333333333 0.3388888888888889
4 0.8765625 0.7870370370370371 0.24583333333333332 0.42407407407407405
8 0.1484375 0.5694444444444444 0.01875 0.03148148148148148
14 0.06666666666666667 0.562962962962963 0.041666666666666664 0.022222222222222223
8 0.5125 0.5736111111111111 0.005208333333333333 0.03611111111111111
14 0.71015625 0.549537037037037 0.0140625 0.008333333333333333