1 0.5036458333333333 0.40046296296296297 0.008333333333333333 0.032407407407407406
4 0.515625 0.4027777777777778 0.01875 0.03333333333333333
14 0.5338541666666666 0.3912037037037037 0.016666666666666666 0.008333333333333333
4 0.5169270833333334 0.4097222222222222 0.011979166666666667 0.03425925925925926
4 0.52890625 0.41712962962962963 0.0296875 0.041666666666666664
4 0.56015625 0.4305555555555556 0.025520833333333333 0.05925925925925926
7 0.5424479166666667 0.39814814814814814 0.0046875 0.014814814814814815
6 0.5455729166666666 0.45046296296296295 0.025520833333333333 0.062037037037037036
8 0.5458333333333333 0.43472222222222223 0.020833333333333332 0.07685185185185185
4 0.5869791666666667 0.4583333333333333 0.05520833333333333 0.08518518518518518
4 0.65625 0.5138888888888888 0.12708333333333333 0.18333333333333332
6 0.71328125 0.4708333333333333 0.0234375 0.05648148148148148
4 0.8924479166666667 0.7106481481481481 0.2140625 0.5287037037037037
3 0.4713541666666667 0.33935185185185185 0.057291666666666664 0.025
4 0.38177083333333334 0.4199074074074074 0.10104166666666667 0.14351851851851852
1 0.46145833333333336 0.4444444444444444 0.08229166666666667 0.19074074074074074
6 0.40390625 0.5074074074074074 0.05572916666666667 0.15925925925925927
8 0.40338541666666666 0.46435185185185185 0.04635416666666667 0.16203703703703703