14 0.5526041666666667 0.5509259259259259 0.008333333333333333 0.014814814814814815
4 0.5567708333333333 0.5615740740740741 0.016666666666666666 0.030555555555555555
14 0.5666666666666667 0.562962962962963 0.00625 0.022222222222222223
8 0.57421875 0.5467592592592593 0.008854166666666666 0.025
6 0.5739583333333333 0.5671296296296297 0.008333333333333333 0.032407407407407406
8 0.5825520833333333 0.5555555555555556 0.015104166666666667 0.05
6 0.5828125 0.5736111111111111 0.013541666666666667 0.04351851851851852
7 0.59765625 0.5601851851851852 0.008854166666666666 0.044444444444444446
2 0.6177083333333333 0.5805555555555556 0.017708333333333333 0.05
8 0.6171875 0.5648148148148148 0.015625 0.06481481481481481
7 0.6653645833333334 0.5643518518518519 0.011979166666666667 0.05277777777777778
1 0.5388020833333333 0.5611111111111111 0.024479166666666666 0.06111111111111111
14 0.5158854166666667 0.549074074074074 0.021354166666666667 0.05555555555555555
14 0.4953125 0.5606481481481481 0.029166666666666667 0.06574074074074074
8 0.5286458333333334 0.5560185185185185 0.013541666666666667 0.04722222222222222
6 0.5315104166666667 0.5791666666666667 0.0078125 0.06018518518518518
8 0.5177083333333333 0.5712962962962963 0.025 0.08518518518518518
6 0.51796875 0.6064814814814815 0.021354166666666667 0.053703703703703705
7 0.16484375 0.7407407407407407 0.1265625 0.5148148148148148