3 0.32578125 0.5291666666666667 0.20052083333333334 0.38796296296296295
7 0.21927083333333333 0.5222222222222223 0.017708333333333333 0.08148148148148149
7 0.18046875 0.5162037037037037 0.021354166666666667 0.09351851851851851
4 0.17265625 0.787962962962963 0.34427083333333336 0.4185185185185185
4 0.4510416666666667 0.5560185185185185 0.05520833333333333 0.0787037037037037
4 0.5036458333333333 0.5884259259259259 0.06041666666666667 0.11944444444444445
4 0.58671875 0.6277777777777778 0.16822916666666668 0.2388888888888889
6 0.72890625 0.5972222222222222 0.0453125 0.09074074074074075
7 0.9283854166666666 0.5777777777777777 0.025520833333333333 0.10185185185185185
8 0.72421875 0.5791666666666667 0.0234375 0.08981481481481482
4 0.8346354166666666 0.8180555555555555 0.3296875 0.35833333333333334