14 0.5747395833333333 0.5148148148148148 0.009895833333333333 0.014814814814814815
6 0.5736979166666667 0.5236111111111111 0.005729166666666666 0.012037037037037037
8 0.5731770833333333 0.5166666666666667 0.0046875 0.014814814814814815
14 0.5692708333333333 0.5189814814814815 0.005208333333333333 0.013888888888888888
7 0.56484375 0.5185185185185185 0.0036458333333333334 0.020370370370370372
7 0.56015625 0.512962962962963 0.0036458333333333334 0.009259259259259259
4 0.5489583333333333 0.513425925925926 0.010416666666666666 0.013888888888888888
7 0.5520833333333334 0.513425925925926 0.004166666666666667 0.013888888888888888
7 0.5575520833333333 0.5125 0.0036458333333333334 0.013888888888888888
8 0.5479166666666667 0.5236111111111111 0.008333333333333333 0.017592592592592594
1 0.5838541666666667 0.5199074074074074 0.010416666666666666 0.023148148148148147
4 0.5916666666666667 0.5180555555555556 0.007291666666666667 0.01574074074074074
6 0.5533854166666666 0.537962962962963 0.0067708333333333336 0.014814814814814815
7 0.5385416666666667 0.5194444444444445 0.00625 0.018518518518518517
7 0.534375 0.524074074074074 0.008333333333333333 0.02962962962962963
7 0.5424479166666667 0.5449074074074074 0.019270833333333334 0.07314814814814814
7 0.53046875 0.5555555555555556 0.008854166666666666 0.053703703703703705
7 0.521875 0.5189814814814815 0.004166666666666667 0.01574074074074074
7 0.5125 0.5166666666666667 0.00625 0.012962962962962963
7 0.5182291666666666 0.5180555555555556 0.005208333333333333 0.01574074074074074
7 0.5158854166666667 0.5550925925925926 0.0203125 0.0824074074074074
7 0.50859375 0.5268518518518519 0.0067708333333333336 0.020370370370370372
7 0.5015625 0.5231481481481481 0.013541666666666667 0.027777777777777776
7 0.48723958333333334 0.5351851851851852 0.008854166666666666 0.027777777777777776
7 0.4979166666666667 0.5833333333333334 0.040625 0.14444444444444443
7 0.48098958333333336 0.5259259259259259 0.008854166666666666 0.018518518518518517
7 0.48098958333333336 0.5402777777777777 0.0067708333333333336 0.028703703703703703
7 0.47708333333333336 0.5513888888888889 0.008333333333333333 0.028703703703703703
7 0.5104166666666666 0.5958333333333333 0.021875 0.1175925925925926
7 0.46979166666666666 0.5819444444444445 0.028125 0.0712962962962963
7 0.4630208333333333 0.5476851851851852 0.010416666666666666 0.03981481481481482
7 0.42890625 0.6111111111111112 0.03802083333333333 0.22777777777777777
7 0.44635416666666666 0.6305555555555555 0.04791666666666667 0.2351851851851852
6 0.3763020833333333 0.6773148148148148 0.06927083333333334 0.20092592592592592
8 0.3770833333333333 0.638425925925926 0.08125 0.24537037037037038
7 0.32005208333333335 0.6620370370370371 0.05364583333333333 0.25
13 0.25442708333333336 0.4925925925925926 0.1078125 0.13703703703703704
14 0.24791666666666667 0.6550925925925926 0.10625 0.125
7 0.20182291666666666 0.6152777777777778 0.027604166666666666 0.20833333333333334
7 0.08046875 0.6337962962962963 0.0328125 0.23425925925925925
7 0.5940104166666667 0.538425925925926 0.008854166666666666 0.05462962962962963
13 0.61875 0.5268518518518519 0.041666666666666664 0.08703703703703704
13 0.6515625 0.5013888888888889 0.03229166666666667 0.03981481481481482
4 0.6671875 0.6037037037037037 0.1125 0.17037037037037037
4 0.7783854166666667 0.562037037037037 0.11614583333333334 0.08518518518518518
4 0.9239583333333333 0.5944444444444444 0.14895833333333333 0.1425925925925926
8 0.94609375 0.6087962962962963 0.03697916666666667 0.15092592592592594
8 0.9666666666666667 0.6458333333333334 0.052083333333333336 0.21574074074074073
8 0.9838541666666667 0.6560185185185186 0.028125 0.2101851851851852
6 0.9924479166666667 0.7523148148148148 0.013020833333333334 0.1675925925925926
7 0.8963541666666667 0.5791666666666667 0.035416666666666666 0.09537037037037037
6 0.5614583333333333 0.611574074074074 0.041666666666666664 0.12129629629629629
8 0.5619791666666667 0.5824074074074074 0.040625 0.12777777777777777
6 0.896875 0.8430555555555556 0.20416666666666666 0.31203703703703706
8 0.8979166666666667 0.7680555555555556 0.11354166666666667 0.44722222222222224
7 0.23125 0.6453703703703704 0.052083333333333336 0.25925925925925924