8 0.3966145833333333 0.5416666666666666 0.013020833333333334 0.046296296296296294
6 0.3958333333333333 0.5550925925925926 0.010416666666666666 0.026851851851851852
3 0.3453125 0.5083333333333333 0.08854166666666667 0.14629629629629629
8 0.3151041666666667 0.5467592592592593 0.022916666666666665 0.05462962962962963
8 0.27682291666666664 0.549537037037037 0.027604166666666666 0.05092592592592592
8 0.28984375 0.549074074074074 0.04010416666666667 0.05
8 0.3458333333333333 0.5509259259259259 0.030208333333333334 0.04814814814814815
8 0.37161458333333336 0.5578703703703703 0.03802083333333333 0.06944444444444445
3 0.18229166666666666 0.4912037037037037 0.18958333333333333 0.2916666666666667
6 0.07578125 0.6680555555555555 0.12135416666666667 0.15462962962962962
8 0.09036458333333333 0.5537037037037037 0.0234375 0.0962962962962963
8 0.04114583333333333 0.5726851851851852 0.013541666666666667 0.04351851851851852
8 0.08567708333333333 0.6296296296296297 0.0796875 0.19444444444444445
8 0.06588541666666667 0.7027777777777777 0.0859375 0.3814814814814815
6 0.00546875 0.7106481481481481 0.0109375 0.125
8 0.015364583333333333 0.7513888888888889 0.030729166666666665 0.18611111111111112
6 0.05859375 0.8 0.07239583333333334 0.13703703703703704
8 0.18151041666666667 0.5560185185185185 0.04635416666666667 0.08611111111111111
4 0.9223958333333333 0.638425925925926 0.15416666666666667 0.24537037037037038
3 0.6231770833333333 0.4625 0.4484375 0.6620370370370371
4 0.24479166666666666 0.7861111111111111 0.4239583333333333 0.42592592592592593
6 0.34713541666666664 0.5638888888888889 0.034895833333333334 0.03333333333333333
8 0.38619791666666664 0.562037037037037 0.018229166666666668 0.06851851851851852
8 0.30052083333333335 0.5208333333333334 0.004166666666666667 0.01574074074074074