9 0.3815104166666667 0.5171296296296296 0.0046875 0.013888888888888888
8 0.33984375 0.5509259259259259 0.0046875 0.007407407407407408
7 0.34739583333333335 0.5481481481481482 0.005208333333333333 0.012962962962962963
4 0.34348958333333335 0.5657407407407408 0.015104166666666667 0.027777777777777776
1 0.33541666666666664 0.5675925925925925 0.008333333333333333 0.03333333333333333
7 0.22291666666666668 0.5782407407407407 0.008333333333333333 0.06759259259259259
7 0.2125 0.5796296296296296 0.014583333333333334 0.06296296296296296
7 0.18255208333333334 0.5763888888888888 0.015104166666666667 0.06574074074074074
10 0.1125 0.5462962962962963 0.013541666666666667 0.03148148148148148
10 0.05572916666666667 0.4675925925925926 0.021875 0.044444444444444446
7 0.40859375 0.5481481481481482 0.0046875 0.014814814814814815
7 0.3606770833333333 0.5481481481481482 0.0046875 0.012962962962962963
1 0.3578125 0.5680555555555555 0.01875 0.03796296296296296
8 0.36953125 0.5685185185185185 0.0078125 0.03518518518518519
6 0.3690104166666667 0.5763888888888888 0.005729166666666666 0.019444444444444445
8 0.36041666666666666 0.5699074074074074 0.021875 0.03796296296296296
8 0.31197916666666664 0.5708333333333333 0.010416666666666666 0.023148148148148147
8 0.30703125 0.5726851851851852 0.019270833333333334 0.028703703703703703
7 0.3729166666666667 0.5509259259259259 0.004166666666666667 0.018518518518518517
8 0.37786458333333334 0.5597222222222222 0.0067708333333333336 0.026851851851851852
8 0.4161458333333333 0.549537037037037 0.005208333333333333 0.01574074074074074
7 0.42161458333333335 0.5564814814814815 0.0046875 0.024074074074074074
10 0.5015625 0.4898148148148148 0.014583333333333334 0.018518518518518517
1 0.52265625 0.5652777777777778 0.016145833333333335 0.03796296296296296
14 0.5026041666666666 0.5486111111111112 0.017708333333333333 0.006481481481481481
8 0.48723958333333334 0.549074074074074 0.0036458333333333334 0.009259259259259259
8 0.48463541666666665 0.55 0.0036458333333333334 0.011111111111111112
8 0.48802083333333335 0.5541666666666667 0.004166666666666667 0.01574074074074074
1 0.47369791666666666 0.5541666666666667 0.0171875 0.013888888888888888
8 0.48072916666666665 0.5541666666666667 0.004166666666666667 0.006481481481481481
8 0.4596354166666667 0.5527777777777778 0.0036458333333333334 0.011111111111111112
8 0.45546875 0.5560185185185185 0.005729166666666666 0.013888888888888888
8 0.4622395833333333 0.5606481481481481 0.0067708333333333336 0.021296296296296296
6 0.4640625 0.5810185185185185 0.005208333333333333 0.017592592592592594
6 0.45807291666666666 0.5828703703703704 0.009895833333333333 0.025
8 0.4583333333333333 0.5666666666666667 0.011458333333333333 0.027777777777777776
8 0.48984375 0.5671296296296297 0.0078125 0.030555555555555555
6 0.4895833333333333 0.5745370370370371 0.005208333333333333 0.017592592592592594
4 0.4752604166666667 0.5722222222222222 0.0234375 0.03333333333333333
6 0.4739583333333333 0.5837962962962963 0.0125 0.03796296296296296
8 0.4739583333333333 0.5712962962962963 0.015625 0.046296296296296294
4 0.525 0.5712962962962963 0.017708333333333333 0.037037037037037035
4 0.5346354166666667 0.575 0.0265625 0.044444444444444446
7 0.5559895833333334 0.5699074074074074 0.008854166666666666 0.03981481481481482
6 0.5690104166666666 0.6064814814814815 0.0140625 0.037037037037037035
8 0.5684895833333333 0.5824074074074074 0.018229166666666668 0.06111111111111111
14 0.64453125 0.5634259259259259 0.0067708333333333336 0.012037037037037037
14 0.7096354166666666 0.5560185185185185 0.018229166666666668 0.012037037037037037
1 0.7286458333333333 0.5578703703703703 0.011458333333333333 0.010185185185185186
7 0.8197916666666667 0.5527777777777778 0.008333333333333333 0.012962962962962963
1 0.8276041666666667 0.5708333333333333 0.0375 0.028703703703703703
1 0.7994791666666666 0.5615740740740741 0.019791666666666666 0.013888888888888888
1 0.9380208333333333 0.5875 0.04583333333333333 0.058333333333333334
4 0.44375 0.5699074074074074 0.027083333333333334 0.03796296296296296
9 0.38229166666666664 0.5449074074074074 0.004166666666666667 0.008333333333333333
4 0.40546875 0.5625 0.015104166666666667 0.01574074074074074
8 0.40520833333333334 0.5611111111111111 0.008333333333333333 0.018518518518518517
6 0.40598958333333335 0.5819444444444445 0.0036458333333333334 0.023148148148148147
6 0.40911458333333334 0.5800925925925926 0.0078125 0.030555555555555555
8 0.41171875 0.5625 0.008854166666666666 0.025
6 0.4166666666666667 0.587037037037037 0.015625 0.05
8 0.4158854166666667 0.5717592592592593 0.0140625 0.03981481481481482
4 0.38958333333333334 0.5773148148148148 0.030208333333333334 0.04537037037037037
1 0.50390625 0.5791666666666667 0.027604166666666666 0.062037037037037036
4 0.27890625 0.549074074074074 0.10989583333333333 0.12777777777777777
4 0.30833333333333335 0.7407407407407407 0.234375 0.31666666666666665
10 0.11015625 0.5717592592592593 0.011979166666666667 0.010185185185185186
7 0.43125 0.5652777777777778 0.00625 0.03425925925925926