14 0.51875 0.5157407407407407 0.015625 0.012962962962962963
4 0.5276041666666667 0.524537037037037 0.010416666666666666 0.013888888888888888
4 0.5200520833333333 0.524074074074074 0.0140625 0.009259259259259259
4 0.52421875 0.5504629629629629 0.0296875 0.04722222222222222
13 0.50703125 0.5152777777777777 0.011979166666666667 0.023148148148148147
1 0.5036458333333333 0.524537037037037 0.009375 0.01574074074074074
4 0.5002604166666667 0.5333333333333333 0.016145833333333335 0.022222222222222223
7 0.48541666666666666 0.5333333333333333 0.007291666666666667 0.03148148148148148
6 0.47604166666666664 0.5458333333333333 0.010416666666666666 0.026851851851851852
8 0.47578125 0.5398148148148149 0.0109375 0.03518518518518519
6 0.4625 0.549074074074074 0.009375 0.02962962962962963
7 0.45416666666666666 0.5518518518518518 0.0125 0.06296296296296296
7 0.44192708333333336 0.5527777777777778 0.013020833333333334 0.06111111111111111
7 0.5140625 0.575 0.01875 0.09074074074074075
1 0.38359375 0.6305555555555555 0.09635416666666667 0.2037037037037037
4 0.2609375 0.5958333333333333 0.026041666666666668 0.12129629629629629
1 0.16640625 0.6208333333333333 0.16822916666666668 0.3638888888888889
8 0.4940104166666667 0.6 0.03802083333333333 0.13148148148148148
6 0.49296875 0.6444444444444445 0.0390625 0.11296296296296296
4 0.5458333333333333 0.5236111111111111 0.015625 0.021296296296296296
1 0.559375 0.5319444444444444 0.020833333333333332 0.05092592592592592
1 0.5734375 0.5407407407407407 0.020833333333333332 0.027777777777777776
6 0.5828125 0.5638888888888889 0.041666666666666664 0.03333333333333333
6 0.5890625 0.5731481481481482 0.04375 0.03518518518518519
6 0.59609375 0.5814814814814815 0.04739583333333333 0.040740740740740744
14 0.6015625 0.5851851851851851 0.040625 0.04259259259259259
7 0.71015625 0.5847222222222223 0.024479166666666666 0.12129629629629629
0 0.46901041666666665 0.5555555555555556 0.005729166666666666 0.014814814814814815
7 0.4671875 0.5273148148148148 0.005208333333333333 0.025
7 0.48932291666666666 0.524074074074074 0.0036458333333333334 0.018518518518518517
1 0.5453125 0.5328703703703703 0.013541666666666667 0.03611111111111111