7 0.24583333333333332 0.4097222222222222 0.005208333333333333 0.030555555555555555
3 0.35052083333333334 0.39861111111111114 0.0625 0.03981481481481482
14 0.38697916666666665 0.4064814814814815 0.052083333333333336 0.1537037037037037
4 0.3546875 0.4083333333333333 0.017708333333333333 0.03518518518518519
4 0.30494791666666665 0.41712962962962963 0.0067708333333333336 0.021296296296296296
13 0.32734375 0.4074074074074074 0.04114583333333333 0.06111111111111111
6 0.28411458333333334 0.42777777777777776 0.033854166666666664 0.040740740740740744
6 0.27005208333333336 0.4393518518518518 0.028645833333333332 0.03981481481481482
6 0.2591145833333333 0.4486111111111111 0.0203125 0.041666666666666664
4 0.34427083333333336 0.4263888888888889 0.029166666666666667 0.028703703703703703
4 0.3658854166666667 0.4324074074074074 0.025520833333333333 0.03333333333333333
8 0.3494791666666667 0.42407407407407405 0.015625 0.025925925925925925
1 0.32135416666666666 0.4597222222222222 0.041666666666666664 0.08796296296296297
8 0.29401041666666666 0.4532407407407407 0.018229166666666668 0.06574074074074074
6 0.29453125 0.4791666666666667 0.021354166666666667 0.04722222222222222
13 0.4817708333333333 0.4148148148148148 0.15416666666666667 0.22777777777777777
8 0.39895833333333336 0.4689814814814815 0.03229166666666667 0.09537037037037037
6 0.39869791666666665 0.4898148148148148 0.04010416666666667 0.07962962962962963
4 0.34739583333333335 0.48935185185185187 0.084375 0.10833333333333334
8 0.44921875 0.48148148148148145 0.0390625 0.11851851851851852
6 0.45234375 0.5092592592592593 0.04635416666666667 0.10740740740740741
8 0.48541666666666666 0.5069444444444444 0.053125 0.1675925925925926
6 0.49140625 0.5342592592592592 0.0515625 0.14814814814814814
13 0.6880208333333333 0.47129629629629627 0.35208333333333336 0.43703703703703706
13 0.8807291666666667 0.49953703703703706 0.23645833333333333 0.9990740740740741
13 0.2677083333333333 0.41574074074074074 0.03958333333333333 0.08333333333333333