7 0.6067708333333334 0.549537037037037 0.01875 0.075
7 0.47942708333333334 0.549537037037037 0.019270833333333334 0.0824074074074074
7 0.45208333333333334 0.5268518518518519 0.023958333333333335 0.053703703703703705
7 0.4317708333333333 0.5310185185185186 0.01875 0.05462962962962963
7 0.41328125 0.549074074074074 0.016145833333333335 0.08518518518518518
7 0.44453125 0.5953703703703703 0.04114583333333333 0.16666666666666666
7 0.346875 0.5412037037037037 0.016666666666666666 0.10833333333333334
8 0.38619791666666664 0.6060185185185185 0.044270833333333336 0.17685185185185184
8 0.38203125 0.5912037037037037 0.03177083333333333 0.09907407407407408
6 0.3815104166666667 0.6189814814814815 0.044270833333333336 0.125
6 0.3640625 0.6828703703703703 0.071875 0.16944444444444445
13 0.2565104166666667 0.5023148148148148 0.1703125 0.14722222222222223
7 0.12239583333333333 0.5439814814814815 0.036458333333333336 0.13796296296296295
7 0.057291666666666664 0.5800925925925926 0.029166666666666667 0.08981481481481482
7 0.115625 0.700462962962963 0.08854166666666667 0.3731481481481482
8 0.32265625 0.6921296296296297 0.0859375 0.33425925925925926
6 0.30625 0.7560185185185185 0.09166666666666666 0.23425925925925925
13 0.54140625 0.5444444444444444 0.1140625 0.2611111111111111
7 0.7375 0.5282407407407408 0.015625 0.06018518518518518
7 0.7411458333333333 0.5800925925925926 0.011458333333333333 0.10648148148148148
7 0.7513020833333334 0.5782407407407407 0.028645833333333332 0.15648148148148147
7 0.7630208333333334 0.524074074074074 0.010416666666666666 0.07777777777777778
7 0.7682291666666666 0.5439814814814815 0.014583333333333334 0.08796296296296297
7 0.7791666666666667 0.549537037037037 0.028125 0.13796296296296295
8 0.85 0.5398148148148149 0.027083333333333334 0.1037037037037037
6 0.8421875 0.5601851851851852 0.04791666666666667 0.053703703703703705
7 0.8770833333333333 0.5675925925925925 0.041666666666666664 0.09814814814814815
7 0.91015625 0.5518518518518518 0.0359375 0.15
7 0.9380208333333333 0.5907407407407408 0.0375 0.18703703703703703
7 0.9552083333333333 0.6731481481481482 0.075 0.25925925925925924
8 0.81328125 0.7916666666666666 0.1453125 0.4148148148148148
8 0.86328125 0.7953703703703704 0.1921875 0.4074074074074074
6 0.8609375 0.9004629629629629 0.253125 0.19722222222222222
7 0.42239583333333336 0.5421296296296296 0.013541666666666667 0.025
7 0.61328125 0.5444444444444444 0.011979166666666667 0.07592592592592592
7 0.68984375 0.5546296296296296 0.013020833333333334 0.03888888888888889
7 0.7 0.5569444444444445 0.017708333333333333 0.032407407407407406
7 0.9828125 0.6333333333333333 0.03333333333333333 0.1037037037037037