13 0.41848958333333336 0.43148148148148147 0.0328125 0.05555555555555555
4 0.40208333333333335 0.44537037037037036 0.0125 0.040740740740740744
4 0.3684895833333333 0.4685185185185185 0.07447916666666667 0.1111111111111111
1 0.34348958333333335 0.49907407407407406 0.1046875 0.15555555555555556
8 0.5184895833333333 0.43703703703703706 0.0046875 0.022222222222222223
8 0.5247395833333334 0.4615740740740741 0.015104166666666667 0.062037037037037036
6 0.5234375 0.48148148148148145 0.014583333333333334 0.046296296296296294
1 0.5861979166666667 0.4671296296296296 0.024479166666666666 0.0712962962962963
1 0.55625 0.475462962962963 0.04375 0.08611111111111111
8 0.6393229166666666 0.5101851851851852 0.04114583333333333 0.1259259259259259
6 0.6388020833333333 0.5462962962962963 0.04635416666666667 0.1259259259259259
4 0.8466145833333333 0.6976851851851852 0.30572916666666666 0.41944444444444445
3 0.4747395833333333 0.45601851851851855 0.08385416666666666 0.18981481481481483
6 0.47552083333333334 0.586574074074074 0.059375 0.20277777777777778
8 0.4713541666666667 0.5300925925925926 0.051041666666666666 0.1935185185185185
7 0.41953125 0.4449074074074074 0.0067708333333333336 0.04537037037037037
7 0.4122395833333333 0.4425925925925926 0.0067708333333333336 0.046296296296296294
7 0.6151041666666667 0.462037037037037 0.013541666666666667 0.06481481481481481
7 0.6458333333333334 0.45092592592592595 0.013541666666666667 0.05555555555555555
7 0.6604166666666667 0.4537037037037037 0.014583333333333334 0.06481481481481481
7 0.5794270833333334 0.4310185185185185 0.008854166666666666 0.019444444444444445
7 0.5283854166666667 0.43657407407407406 0.0046875 0.026851851851851852
7 0.53828125 0.4351851851851852 0.0046875 0.020370370370370372
7 0.5330729166666667 0.4356481481481482 0.0067708333333333336 0.025
7 0.5255208333333333 0.43472222222222223 0.003125 0.017592592592592594
10 0.3888020833333333 0.4097222222222222 0.0078125 0.012037037037037037