3 0.33880208333333334 0.41712962962962963 0.018229166666666668 0.019444444444444445
3 0.31614583333333335 0.4060185185185185 0.028125 0.041666666666666664
10 0.27734375 0.30185185185185187 0.09010416666666667 0.05555555555555555
3 0.25234375 0.3921296296296296 0.10885416666666667 0.13796296296296295
8 0.2911458333333333 0.42685185185185187 0.013541666666666667 0.011111111111111112
8 0.16875 0.4462962962962963 0.020833333333333332 0.053703703703703705
8 0.17890625 0.4666666666666667 0.030729166666666665 0.07407407407407407
8 0.20651041666666667 0.4449074074074074 0.0203125 0.017592592592592594
6 0.14635416666666667 0.5912037037037037 0.059375 0.1675925925925926
8 0.14635416666666667 0.5421296296296296 0.065625 0.23055555555555557
10 0.13776041666666666 0.3143518518518518 0.0078125 0.049074074074074076
6 0.03125 0.4828703703703704 0.009375 0.017592592592592594
6 0.05546875 0.5287037037037037 0.03177083333333333 0.06666666666666667
8 0.03333333333333333 0.4930555555555556 0.06666666666666667 0.13055555555555556
6 0.05234375 0.6921296296296297 0.10364583333333334 0.31203703703703706
8 0.04401041666666667 0.6481481481481481 0.08802083333333334 0.40555555555555556
7 0.7424479166666667 0.45046296296296295 0.0109375 0.05092592592592592
7 0.7247395833333333 0.449537037037037 0.0067708333333333336 0.03425925925925926
7 0.6640625 0.4412037037037037 0.007291666666666667 0.023148148148148147
7 0.6434895833333333 0.44027777777777777 0.0067708333333333336 0.032407407407407406
7 0.6325520833333333 0.4486111111111111 0.0078125 0.03611111111111111
7 0.6361979166666667 0.45092592592592595 0.0078125 0.040740740740740744
4 0.6005208333333333 0.48055555555555557 0.015625 0.10555555555555556
4 0.40260416666666665 0.4361111111111111 0.025 0.025925925925925925
4 0.43020833333333336 0.47129629629629627 0.05520833333333333 0.08333333333333333
4 0.3645833333333333 0.42824074074074076 0.058333333333333334 0.01574074074074074
4 0.5236979166666667 0.5078703703703704 0.15677083333333333 0.25277777777777777
4 0.4231770833333333 0.5689814814814815 0.0453125 0.25092592592592594
4 0.9635416666666666 0.6356481481481482 0.071875 0.2824074074074074
4 0.8015625 0.6842592592592592 0.34270833333333334 0.4203703703703704
1 0.30546875 0.7134259259259259 0.2838541666666667 0.5675925925925925
6 0.5302083333333333 0.6143518518518518 0.07083333333333333 0.23425925925925925
8 0.5247395833333334 0.575462962962963 0.08072916666666667 0.2638888888888889
8 0.5229166666666667 0.5476851851851852 0.07604166666666666 0.25092592592592594