4 0.30390625 0.4287037037037037 0.0109375 0.020370370370370372
4 0.3098958333333333 0.4337962962962963 0.011458333333333333 0.03425925925925926
13 0.35208333333333336 0.42314814814814816 0.03854166666666667 0.06296296296296296
8 0.3536458333333333 0.4976851851851852 0.052083333333333336 0.1824074074074074
2 0.36432291666666666 0.5407407407407407 0.08177083333333333 0.12037037037037036
6 0.28463541666666664 0.4398148148148148 0.0359375 0.06111111111111111
4 0.19166666666666668 0.4986111111111111 0.16458333333333333 0.19537037037037036
4 0.04869791666666667 0.4199074074074074 0.03177083333333333 0.0824074074074074
13 0.5260416666666666 0.4425925925925926 0.3177083333333333 0.6314814814814815
6 0.753125 0.5430555555555555 0.036458333333333336 0.14537037037037037
8 0.76171875 0.47638888888888886 0.04635416666666667 0.0824074074074074
4 0.8997395833333334 0.537962962962963 0.1484375 0.23703703703703705
4 0.98359375 0.5208333333333334 0.03177083333333333 0.1527777777777778
6 0.7958333333333333 0.587037037037037 0.09583333333333334 0.15
8 0.7921875 0.5055555555555555 0.09375 0.1537037037037037
6 0.80546875 0.799074074074074 0.1640625 0.39444444444444443
8 0.7921875 0.7412037037037037 0.15104166666666666 0.5083333333333333
4 0.9453125 0.7685185185185185 0.10833333333333334 0.45740740740740743