4 0.4661458333333333 0.5467592592592593 0.041666666666666664 0.075
7 0.4921875 0.5453703703703704 0.016666666666666666 0.07777777777777778
7 0.4432291666666667 0.5305555555555556 0.005208333333333333 0.018518518518518517
13 0.13828125 0.5527777777777778 0.12239583333333333 0.13333333333333333
13 0.2796875 0.5782407407407407 0.16666666666666666 0.1824074074074074
6 0.4322916666666667 0.5412037037037037 0.026041666666666668 0.023148148148148147
6 0.45364583333333336 0.5763888888888888 0.017708333333333333 0.05648148148148148
6 0.42890625 0.5777777777777777 0.030729166666666665 0.06296296296296296
6 0.4203125 0.5935185185185186 0.020833333333333332 0.06851851851851852
7 0.41458333333333336 0.5458333333333333 0.014583333333333334 0.06574074074074074
7 0.40520833333333334 0.5601851851851852 0.014583333333333334 0.0962962962962963
7 0.3828125 0.549074074074074 0.014583333333333334 0.06666666666666667
8 0.23854166666666668 0.5486111111111112 0.036458333333333336 0.05648148148148148
7 0.18307291666666667 0.5550925925925926 0.018229166666666668 0.06944444444444445
7 0.16744791666666667 0.5972222222222222 0.0265625 0.14814814814814814
7 0.12630208333333334 0.5583333333333333 0.025520833333333333 0.07592592592592592
7 0.14479166666666668 0.5907407407407408 0.017708333333333333 0.1388888888888889
7 0.25026041666666665 0.6504629629629629 0.033854166666666664 0.07685185185185185
7 0.2109375 0.6555555555555556 0.057291666666666664 0.12222222222222222
7 0.18802083333333333 0.6726851851851852 0.06354166666666666 0.1361111111111111
6 0.05625 0.5791666666666667 0.020833333333333332 0.058333333333333334
8 0.05364583333333333 0.5453703703703704 0.020833333333333332 0.05740740740740741
8 0.06875 0.5675925925925925 0.017708333333333333 0.07037037037037037
6 0.011458333333333333 0.7245370370370371 0.022916666666666665 0.09351851851851851
6 0.03723958333333333 0.7703703703703704 0.07447916666666667 0.26296296296296295
7 0.09583333333333334 0.7680555555555556 0.084375 0.4564814814814815
6 0.36770833333333336 0.6935185185185185 0.06875 0.2037037037037037
8 0.36744791666666665 0.6342592592592593 0.06197916666666667 0.2111111111111111
6 0.5052083333333334 0.5388888888888889 0.014583333333333334 0.03148148148148148
7 0.5143229166666666 0.5296296296296297 0.0078125 0.037037037037037035
7 0.5216145833333333 0.5300925925925926 0.0078125 0.05092592592592592
1 0.5619791666666667 0.525 0.014583333333333334 0.03888888888888889
6 0.5299479166666666 0.5587962962962963 0.016145833333333335 0.04722222222222222
8 0.5299479166666666 0.5342592592592592 0.0171875 0.053703703703703705
7 0.5817708333333333 0.5347222222222222 0.015625 0.06388888888888888
7 0.5955729166666667 0.5689814814814815 0.0234375 0.12685185185185185
14 0.6018229166666667 0.5291666666666667 0.028645833333333332 0.03796296296296296
7 0.5596354166666667 0.5837962962962963 0.0453125 0.15092592592592594
7 0.61875 0.5402777777777777 0.008333333333333333 0.05092592592592592
1 0.66015625 0.5402777777777777 0.03177083333333333 0.04722222222222222
7 0.6315104166666666 0.5722222222222222 0.022395833333333334 0.13703703703703704
7 0.6403645833333333 0.5796296296296296 0.033854166666666664 0.1537037037037037
13 0.7145833333333333 0.5333333333333333 0.084375 0.15
7 0.6888020833333334 0.5939814814814814 0.0203125 0.12314814814814815
7 0.7140625 0.611574074074074 0.05 0.21574074074074073
7 0.67421875 0.6439814814814815 0.059895833333333336 0.21203703703703702
7 0.7825520833333334 0.5555555555555556 0.028645833333333332 0.08888888888888889
7 0.8 0.5648148148148148 0.03125 0.09444444444444444
7 0.9020833333333333 0.6375 0.05625 0.23425925925925925
8 0.5513020833333333 0.5199074074074074 0.005729166666666666 0.013888888888888888
14 0.5442708333333334 0.5282407407407408 0.00625 0.025
7 0.6690104166666667 0.5416666666666666 0.013020833333333334 0.06481481481481481
7 0.45 0.5648148148148148 0.020833333333333332 0.09074074074074075