9 0.459375 0.3902777777777778 0.022916666666666665 0.021296296296296296
3 0.5104166666666666 0.48518518518518516 0.05520833333333333 0.08333333333333333
14 0.5611979166666666 0.5018518518518519 0.0359375 0.016666666666666666
8 0.64921875 0.5087962962962963 0.009895833333333333 0.017592592592592594
4 0.70390625 0.5069444444444444 0.019270833333333334 0.023148148148148147
4 0.72890625 0.5328703703703703 0.044270833333333336 0.05462962962962963
1 0.8333333333333334 0.5388888888888889 0.04375 0.06666666666666667
6 0.6489583333333333 0.5138888888888888 0.005208333333333333 0.007407407407407408
1 0.97265625 0.562962962962963 0.05364583333333333 0.1259259259259259
4 0.7817708333333333 0.7851851851851852 0.3229166666666667 0.42777777777777776
4 0.6778645833333333 0.5694444444444444 0.10364583333333334 0.11666666666666667
4 0.59375 0.5393518518518519 0.042708333333333334 0.0712962962962963
4 0.5565104166666667 0.5125 0.024479166666666666 0.017592592592592594
8 0.5455729166666666 0.5018518518518519 0.0046875 0.012962962962962963
3 0.47109375 0.49675925925925923 0.058854166666666666 0.0787037037037037
4 0.5278645833333333 0.5453703703703704 0.0390625 0.07222222222222222
8 0.5869791666666667 0.5194444444444445 0.016666666666666666 0.040740740740740744
6 0.50234375 0.575462962962963 0.022395833333333334 0.05648148148148148
8 0.49947916666666664 0.5365740740740741 0.029166666666666667 0.06574074074074074
4 0.5583333333333333 0.5958333333333333 0.1 0.15092592592592594
7 0.3502604166666667 0.5314814814814814 0.008854166666666666 0.05555555555555555
6 0.38723958333333336 0.5430555555555555 0.03802083333333333 0.058333333333333334
4 0.4453125 0.6444444444444445 0.13333333333333333 0.22777777777777777
7 0.16484375 0.5597222222222222 0.016145833333333335 0.125
7 0.1953125 0.5398148148148149 0.011458333333333333 0.07777777777777778
7 0.18020833333333333 0.538425925925926 0.017708333333333333 0.07685185185185185
6 0.31692708333333336 0.7481481481481481 0.09739583333333333 0.2722222222222222
8 0.3190104166666667 0.6569444444444444 0.08072916666666667 0.25092592592592594
6 0.054947916666666666 0.6212962962962963 0.07239583333333334 0.12407407407407407
6 0.19921875 0.8740740740740741 0.2203125 0.24074074074074073
8 0.22395833333333334 0.7810185185185186 0.159375 0.41759259259259257
8 0.16536458333333334 0.7837962962962963 0.2015625 0.4101851851851852
10 0.19947916666666668 0.25 0.140625 0.2740740740740741
7 0.8317708333333333 0.5 0.00625 0.014814814814814815
7 0.3572916666666667 0.5333333333333333 0.010416666666666666 0.053703703703703705