3 0.4505208333333333 0.4351851851851852 0.029166666666666667 0.040740740740740744
13 0.4361979166666667 0.4356481481481482 0.022395833333333334 0.04537037037037037
13 0.4192708333333333 0.4462962962962963 0.03333333333333333 0.06481481481481481
13 0.37552083333333336 0.4546296296296296 0.052083333333333336 0.09074074074074075
7 0.16197916666666667 0.4652777777777778 0.017708333333333333 0.09351851851851851
7 0.17161458333333332 0.47175925925925927 0.018229166666666668 0.09537037037037037
7 0.14765625 0.46944444444444444 0.0265625 0.09259259259259259
6 0.209375 0.48657407407407405 0.05520833333333333 0.1361111111111111
8 0.40729166666666666 0.45416666666666666 0.009375 0.030555555555555555
8 0.4044270833333333 0.4652777777777778 0.011979166666666667 0.032407407407407406
4 0.4276041666666667 0.4625 0.03333333333333333 0.032407407407407406
8 0.43463541666666666 0.45046296296296295 0.0078125 0.017592592592592594
8 0.4205729166666667 0.4925925925925926 0.018229166666666668 0.07407407407407407
6 0.421875 0.5111111111111111 0.023958333333333335 0.044444444444444446
8 0.38046875 0.48194444444444445 0.0171875 0.058333333333333334
6 0.37994791666666666 0.4935185185185185 0.018229166666666668 0.05185185185185185
6 0.4036458333333333 0.5166666666666667 0.027083333333333334 0.06666666666666667
8 0.4041666666666667 0.4976851851851852 0.021875 0.07314814814814814
14 0.478125 0.4222222222222222 0.040625 0.1037037037037037
13 0.55546875 0.4587962962962963 0.13697916666666668 0.20277777777777778
1 0.4505208333333333 0.5050925925925925 0.04895833333333333 0.10462962962962963
4 0.49765625 0.5263888888888889 0.09739583333333333 0.13425925925925927
13 0.6638020833333333 0.5009259259259259 0.19947916666666668 0.3037037037037037
13 0.8434895833333333 0.5287037037037037 0.31197916666666664 0.9388888888888889
6 0.7768229166666667 0.8060185185185185 0.25052083333333336 0.38425925925925924
8 0.7901041666666667 0.7305555555555555 0.18958333333333333 0.5333333333333333
7 0.024479166666666666 0.45046296296296295 0.025 0.1712962962962963