8 0.9270833333333334 0.5939814814814814 0.01875 0.03611111111111111
6 0.28880208333333335 0.6013888888888889 0.03802083333333333 0.11203703703703703
7 0.3125 0.5851851851851851 0.026041666666666668 0.15
7 0.37057291666666664 0.5893518518518519 0.025520833333333333 0.09907407407407408
1 0.5557291666666667 0.5574074074074075 0.014583333333333334 0.011111111111111112
14 0.5333333333333333 0.5592592592592592 0.030208333333333334 0.012962962962962963
4 0.5611979166666666 0.5731481481481482 0.0234375 0.027777777777777776
4 0.6044270833333333 0.5819444444444445 0.08697916666666666 0.05648148148148148
4 0.67578125 0.6157407407407407 0.05364583333333333 0.10185185185185185
4 0.7291666666666666 0.6412037037037037 0.11458333333333333 0.15092592592592594
9 0.8494791666666667 0.525 0.007291666666666667 0.02962962962962963
14 0.5223958333333333 0.562962962962963 0.041666666666666664 0.018518518518518517
4 0.5481770833333334 0.5842592592592593 0.0234375 0.046296296296296294
4 0.5263020833333333 0.6175925925925926 0.0359375 0.1037037037037037
6 0.5348958333333333 0.6523148148148148 0.03229166666666667 0.08796296296296297
8 0.5361979166666667 0.6050925925925926 0.0296875 0.09166666666666666
1 0.4515625 0.6972222222222222 0.13125 0.28703703703703703
4 0.6111979166666667 0.6773148148148148 0.1234375 0.2064814814814815
9 0.5606770833333333 0.4773148148148148 0.018229166666666668 0.008333333333333333
9 0.8309895833333333 0.4236111111111111 0.027604166666666666 0.008333333333333333
7 0.4270833333333333 0.5523148148148148 0.0125 0.023148148148148147
7 0.44427083333333334 0.5481481481481482 0.00625 0.016666666666666666
7 0.44947916666666665 0.5467592592592593 0.005208333333333333 0.017592592592592594
7 0.4557291666666667 0.5504629629629629 0.00625 0.008333333333333333
7 0.46432291666666664 0.5476851851851852 0.0067708333333333336 0.010185185185185186
7 0.45807291666666666 0.5462962962962963 0.0046875 0.007407407407407408
7 0.4786458333333333 0.549537037037037 0.005208333333333333 0.010185185185185186
7 0.48515625 0.5476851851851852 0.0046875 0.010185185185185186
7 0.4947916666666667 0.5509259259259259 0.007291666666666667 0.009259259259259259
6 0.17604166666666668 0.9328703703703703 0.28229166666666666 0.13240740740740742
8 0.15729166666666666 0.8148148148148148 0.303125 0.3685185185185185
6 0.9317708333333333 0.6273148148148148 0.023958333333333335 0.05648148148148148
9 0.8450520833333334 0.5476851851851852 0.0078125 0.013888888888888888