9 0.5005208333333333 0.42962962962962964 0.015625 0.009259259259259259
3 0.7291666666666666 0.5643518518518519 0.051041666666666666 0.10092592592592593
8 0.778125 0.5800925925925926 0.0125 0.026851851851851852
4 0.76328125 0.586574074074074 0.0296875 0.04722222222222222
8 0.8177083333333334 0.5722222222222222 0.011458333333333333 0.018518518518518517
8 0.8346354166666666 0.5685185185185185 0.016145833333333335 0.024074074074074074
4 0.9221354166666667 0.5842592592592593 0.028645833333333332 0.03518518518518519
4 0.9635416666666666 0.6314814814814815 0.071875 0.15555555555555556
14 0.6216145833333333 0.5689814814814815 0.05364583333333333 0.058333333333333334
1 0.67578125 0.5703703703703704 0.059895833333333336 0.037037037037037035
4 0.6875 0.6430555555555556 0.09270833333333334 0.14722222222222223
4 0.8721354166666667 0.7199074074074074 0.2546875 0.28055555555555556
4 0.5658854166666667 0.5662037037037037 0.06197916666666667 0.041666666666666664
14 0.45364583333333336 0.5638888888888889 0.029166666666666667 0.025925925925925925
7 0.40677083333333336 0.5648148148148148 0.008333333333333333 0.05185185185185185
7 0.4 0.5671296296296297 0.007291666666666667 0.05277777777777778
8 0.4276041666666667 0.5726851851851852 0.011458333333333333 0.025
7 0.39453125 0.5689814814814815 0.008854166666666666 0.058333333333333334
7 0.38645833333333335 0.5657407407407408 0.011458333333333333 0.053703703703703705
7 0.37526041666666665 0.5643518518518519 0.015104166666666667 0.06388888888888888
4 0.35260416666666666 0.5694444444444444 0.028125 0.037037037037037035
6 0.38229166666666664 0.6768518518518518 0.04791666666666667 0.1388888888888889
8 0.37838541666666664 0.6375 0.04114583333333333 0.14537037037037037
4 0.4270833333333333 0.6671296296296296 0.06354166666666666 0.21203703703703702
6 0.7270833333333333 0.7412037037037037 0.08854166666666667 0.23981481481481481
8 0.71796875 0.6939814814814815 0.0765625 0.27314814814814814
6 0.6177083333333333 0.7680555555555556 0.06875 0.21574074074074073
8 0.6252604166666667 0.7092592592592593 0.0796875 0.2777777777777778
1 0.5049479166666667 0.7541666666666667 0.1828125 0.4027777777777778
7 0.06510416666666667 0.611574074074074 0.0375 0.2101851851851852
7 0.025 0.612037037037037 0.04583333333333333 0.22962962962962963
7 0.09244791666666667 0.6199074074074075 0.05677083333333333 0.2564814814814815
1 0.021354166666666667 0.8388888888888889 0.042708333333333334 0.32037037037037036
10 0.45338541666666665 0.5120370370370371 0.015104166666666667 0.025925925925925925
4 0.6190104166666667 0.6796296296296296 0.1046875 0.21481481481481482