13 0.5174479166666667 0.4828703703703704 0.06822916666666666 0.19907407407407407
4 0.61171875 0.5476851851851852 0.0390625 0.05277777777777778
7 0.30104166666666665 0.49537037037037035 0.00625 0.014814814814814815
6 0.3078125 0.5 0.00625 0.009259259259259259
6 0.31953125 0.513425925925926 0.0067708333333333336 0.017592592592592594
6 0.33229166666666665 0.5148148148148148 0.008333333333333333 0.018518518518518517
7 0.36744791666666665 0.512962962962963 0.008854166666666666 0.04814814814814815
7 0.35104166666666664 0.5064814814814815 0.008333333333333333 0.046296296296296294
7 0.3390625 0.5143518518518518 0.013541666666666667 0.05648148148148148
7 0.35494791666666664 0.5254629629629629 0.013020833333333334 0.06944444444444445
7 0.2859375 0.5208333333333334 0.019791666666666666 0.07685185185185185
6 0.46510416666666665 0.5861111111111111 0.029166666666666667 0.07592592592592592
6 0.4075520833333333 0.5935185185185186 0.0359375 0.1037037037037037
8 0.46458333333333335 0.5587962962962963 0.025 0.09537037037037037
8 0.40677083333333336 0.5634259259259259 0.03125 0.11388888888888889
14 0.5640625 0.5115740740740741 0.00625 0.013888888888888888
7 0.9130208333333333 0.5611111111111111 0.016666666666666666 0.09074074074074075