14 0.5046875 0.44074074074074077 0.0125 0.018518518518518517
3 0.4856770833333333 0.42916666666666664 0.028645833333333332 0.05462962962962963
14 0.46979166666666666 0.43657407407407406 0.017708333333333333 0.04722222222222222
3 0.434375 0.4546296296296296 0.06145833333333333 0.13333333333333333
1 0.3494791666666667 0.4726851851851852 0.035416666666666666 0.075
4 0.3125 0.49398148148148147 0.06145833333333333 0.09722222222222222
10 0.25390625 0.375 0.013020833333333334 0.037037037037037035
4 0.23645833333333333 0.5087962962962963 0.13854166666666667 0.15462962962962962
7 0.11119791666666666 0.4685185185185185 0.0328125 0.06851851851851852
4 0.084375 0.600925925925926 0.16875 0.23333333333333334
4 0.46979166666666666 0.46620370370370373 0.016666666666666666 0.03425925925925926
6 0.5395833333333333 0.4601851851851852 0.016666666666666666 0.014814814814814815
4 0.4984375 0.5013888888888889 0.07604166666666666 0.10462962962962963
6 0.57578125 0.46944444444444444 0.011979166666666667 0.03518518518518519
8 0.5752604166666667 0.45092592592592595 0.008854166666666666 0.012962962962962963
7 0.6372395833333333 0.4638888888888889 0.011979166666666667 0.053703703703703705
7 0.6471354166666666 0.4597222222222222 0.0109375 0.05462962962962963
6 0.6924479166666667 0.4787037037037037 0.03802083333333333 0.03333333333333333
7 0.7361979166666667 0.4550925925925926 0.011979166666666667 0.03796296296296296
10 0.71953125 0.40324074074074073 0.0140625 0.028703703703703703
7 0.7161458333333334 0.47638888888888886 0.015625 0.07685185185185185
7 0.6955729166666667 0.4861111111111111 0.021354166666666667 0.08703703703703704
6 0.73984375 0.5074074074074074 0.05364583333333333 0.05185185185185185
8 0.74140625 0.49398148148148147 0.025520833333333333 0.0824074074074074
7 0.9471354166666667 0.46944444444444444 0.018229166666666668 0.08888888888888889
6 0.59609375 0.6171296296296296 0.09010416666666667 0.23796296296296296
8 0.5856770833333333 0.5550925925925926 0.06614583333333333 0.20462962962962963