14 0.46979166666666666 0.5018518518518519 0.008333333333333333 0.012962962962962963
4 0.48489583333333336 0.5083333333333333 0.01875 0.016666666666666666
13 0.5018229166666667 0.49166666666666664 0.022395833333333334 0.022222222222222223
14 0.5111979166666667 0.49722222222222223 0.024479166666666666 0.007407407407407408
4 0.5125 0.5115740740740741 0.03854166666666667 0.025
4 0.50703125 0.5166666666666667 0.050520833333333334 0.022222222222222223
8 0.4861979166666667 0.5078703703703704 0.011979166666666667 0.023148148148148147
8 0.46901041666666665 0.5120370370370371 0.011979166666666667 0.02962962962962963
8 0.4765625 0.5115740740740741 0.01875 0.03611111111111111
13 0.46041666666666664 0.49907407407407406 0.013541666666666667 0.016666666666666666
4 0.44895833333333335 0.5032407407407408 0.026041666666666668 0.019444444444444445
8 0.45078125 0.5018518518518519 0.005729166666666666 0.005555555555555556
8 0.44453125 0.5023148148148148 0.0067708333333333336 0.006481481481481481
8 0.4393229166666667 0.5027777777777778 0.0046875 0.007407407407407408
4 0.44869791666666664 0.5199074074074074 0.03697916666666667 0.030555555555555555
13 0.41041666666666665 0.5041666666666667 0.028125 0.0824074074074074
1 0.4080729166666667 0.5194444444444445 0.013020833333333334 0.04814814814814815
6 0.4140625 0.5592592592592592 0.015625 0.05185185185185185
8 0.41302083333333334 0.5337962962962963 0.014583333333333334 0.06018518518518518
8 0.43255208333333334 0.5398148148148149 0.0171875 0.07592592592592592
8 0.42734375 0.5402777777777777 0.024479166666666666 0.06944444444444445
3 0.3489583333333333 0.537962962962963 0.13229166666666667 0.2222222222222222
6 0.446875 0.5546296296296296 0.017708333333333333 0.07037037037037037
6 0.4276041666666667 0.5634259259259259 0.021875 0.06018518518518518
4 0.5033854166666667 0.6430555555555556 0.1546875 0.23981481481481481
6 0.27838541666666666 0.5875 0.013020833333333334 0.05648148148148148
8 0.2794270833333333 0.5393518518518519 0.0109375 0.05092592592592592
6 0.25104166666666666 0.5625 0.040625 0.04537037037037037
8 0.24140625 0.5486111111111112 0.022395833333333334 0.0712962962962963
8 0.253125 0.5509259259259259 0.030208333333333334 0.08518518518518518
6 0.23697916666666666 0.6125 0.07395833333333333 0.10833333333333334
8 0.23098958333333333 0.586574074074074 0.044270833333333336 0.125
6 0.16744791666666667 0.5986111111111111 0.0515625 0.08611111111111111
8 0.16848958333333333 0.575 0.043229166666666666 0.1111111111111111
7 0.1375 0.5365740740740741 0.023958333333333335 0.09722222222222222
7 0.0734375 0.5310185185185186 0.026041666666666668 0.09537037037037037
7 0.05286458333333333 0.5296296296296297 0.019270833333333334 0.07962962962962963
8 0.05625 0.5564814814814815 0.034375 0.05
8 0.002864583333333333 0.5606481481481481 0.0046875 0.03981481481481482
4 0.12473958333333333 0.7865740740740741 0.24947916666666667 0.42314814814814816
7 0.9744791666666667 0.5254629629629629 0.016666666666666666 0.06018518518518518
7 0.9565104166666667 0.5203703703703704 0.021354166666666667 0.044444444444444446
7 0.93125 0.5097222222222222 0.01875 0.030555555555555555
7 0.9111979166666667 0.5101851851851852 0.015104166666666667 0.024074074074074074
14 0.8513020833333333 0.5476851851851852 0.0078125 0.01574074074074074
14 0.9869791666666666 0.5722222222222222 0.023958333333333335 0.025925925925925925
4 0.91796875 0.600925925925926 0.16197916666666667 0.16296296296296298
7 0.8567708333333334 0.5189814814814815 0.0125 0.05277777777777778
7 0.84453125 0.5212962962962963 0.013020833333333334 0.07407407407407407
7 0.83828125 0.5273148148148148 0.008854166666666666 0.06388888888888888
2 0.8255208333333334 0.5601851851851852 0.017708333333333333 0.044444444444444446
13 0.76015625 0.5361111111111111 0.12447916666666667 0.23703703703703705
4 0.665625 0.537962962962963 0.051041666666666666 0.06851851851851852
3 0.5901041666666667 0.5143518518518518 0.020833333333333332 0.021296296296296296
6 0.6013020833333333 0.5287037037037037 0.008854166666666666 0.018518518518518517
8 0.6015625 0.5199074074074074 0.009375 0.03425925925925926
7 0.6072916666666667 0.5152777777777777 0.00625 0.023148148148148147
14 0.6114583333333333 0.5157407407407407 0.005208333333333333 0.009259259259259259
7 0.6143229166666667 0.5101851851851852 0.0036458333333333334 0.011111111111111112
7 0.6184895833333334 0.5050925925925925 0.0026041666666666665 0.006481481481481481
7 0.6203125 0.5064814814814815 0.0020833333333333333 0.005555555555555556
4 0.63984375 0.549537037037037 0.05572916666666667 0.08425925925925926
10 0.008333333333333333 0.3333333333333333 0.016666666666666666 0.07222222222222222
10 0.47317708333333336 0.47175925925925927 0.008854166666666666 0.012037037037037037