1 0.38255208333333335 0.5125 0.008854166666666666 0.01574074074074074
8 0.3893229166666667 0.5120370370370371 0.0078125 0.014814814814814815
4 0.3966145833333333 0.549074074074074 0.0359375 0.07037037037037037
7 0.190625 0.5342592592592592 0.01875 0.05
8 0.21354166666666666 0.5425925925925926 0.016666666666666666 0.03333333333333333
3 0.30078125 0.5120370370370371 0.1671875 0.2796296296296296
7 0.42630208333333336 0.5125 0.008854166666666666 0.017592592592592594
4 0.43723958333333335 0.5388888888888889 0.030729166666666665 0.04259259259259259
4 0.43802083333333336 0.5574074074074075 0.03333333333333333 0.06851851851851852
4 0.4796875 0.5824074074074074 0.09479166666666666 0.15185185185185185
4 0.5684895833333333 0.5277777777777778 0.0515625 0.040740740740740744
4 0.53984375 0.6513888888888889 0.12447916666666667 0.24166666666666667
1 0.8153645833333333 0.5777777777777777 0.10677083333333333 0.12407407407407407
13 0.9432291666666667 0.549537037037037 0.1125 0.10092592592592593
7 0.10260416666666666 0.5398148148148149 0.029166666666666667 0.12222222222222222
4 0.20130208333333333 0.725925925925926 0.2755208333333333 0.34814814814814815
4 0.7145833333333333 0.7736111111111111 0.4083333333333333 0.44351851851851853
6 0.4080729166666667 0.6615740740740741 0.06510416666666667 0.16018518518518518
8 0.39375 0.6300925925925925 0.04479166666666667 0.20277777777777778
8 0.4140625 0.6037037037037037 0.05416666666666667 0.16296296296296298
6 0.93671875 0.586574074074074 0.0265625 0.032407407407407406