4 0.4036458333333333 0.4875 0.009375 0.013888888888888888
4 0.38828125 0.4898148148148148 0.013020833333333334 0.027777777777777776
8 0.4080729166666667 0.4935185185185185 0.0046875 0.011111111111111112
6 0.4075520833333333 0.5055555555555555 0.005729166666666666 0.014814814814814815
8 0.4122395833333333 0.4981481481481482 0.005729166666666666 0.020370370370370372
6 0.41354166666666664 0.5106481481481482 0.009375 0.019444444444444445
3 0.44973958333333336 0.49166666666666664 0.043229166666666666 0.07407407407407407
8 0.43411458333333336 0.5046296296296297 0.0078125 0.020370370370370372
6 0.43385416666666665 0.5189814814814815 0.008333333333333333 0.023148148148148147
8 0.42578125 0.5069444444444444 0.011979166666666667 0.026851851851851852
6 0.42552083333333335 0.5226851851851851 0.010416666666666666 0.03611111111111111
8 0.4635416666666667 0.5027777777777778 0.00625 0.020370370370370372
8 0.46875 0.5074074074074074 0.010416666666666666 0.02962962962962963
6 0.46770833333333334 0.5254629629629629 0.011458333333333333 0.030555555555555555
8 0.48723958333333334 0.5027777777777778 0.0067708333333333336 0.020370370370370372
6 0.4875 0.5217592592592593 0.009375 0.017592592592592594
8 0.4828125 0.5166666666666667 0.011458333333333333 0.04814814814814815
6 0.4822916666666667 0.5370370370370371 0.013541666666666667 0.037037037037037035
8 0.4510416666666667 0.5236111111111111 0.019791666666666666 0.06574074074074074
6 0.45 0.5425925925925926 0.019791666666666666 0.05555555555555555
8 0.51484375 0.5092592592592593 0.018229166666666668 0.03333333333333333
6 0.5153645833333333 0.524074074074074 0.019270833333333334 0.020370370370370372
6 0.51328125 0.5921296296296297 0.03177083333333333 0.09166666666666666
8 0.5153645833333333 0.5416666666666666 0.025520833333333333 0.07407407407407407
4 0.8783854166666667 0.7328703703703704 0.24114583333333334 0.3861111111111111
4 0.37005208333333334 0.5268518518518519 0.0390625 0.053703703703703705
13 0.2872395833333333 0.5032407407407408 0.0796875 0.09351851851851851
4 0.27395833333333336 0.5263888888888889 0.08541666666666667 0.06388888888888888
7 0.35651041666666666 0.5986111111111111 0.03802083333333333 0.2064814814814815
7 0.09713541666666667 0.6398148148148148 0.09322916666666667 0.3925925925925926
4 0.41119791666666666 0.4837962962962963 0.0067708333333333336 0.012037037037037037
4 0.39817708333333335 0.4861111111111111 0.005729166666666666 0.016666666666666666
4 0.4075520833333333 0.4777777777777778 0.0067708333333333336 0.007407407407407408