6 0.33151041666666664 0.6939814814814815 0.06822916666666666 0.18796296296296297
8 0.31145833333333334 0.6393518518518518 0.07291666666666667 0.2490740740740741
7 0.4393229166666667 0.5486111111111112 0.0265625 0.10277777777777777
7 0.5130208333333334 0.5337962962962963 0.008333333333333333 0.04537037037037037
3 0.65234375 0.5148148148148148 0.08072916666666667 0.13518518518518519
4 0.6856770833333333 0.5361111111111111 0.0703125 0.040740740740740744
13 0.15442708333333333 0.5995370370370371 0.3078125 0.799074074074074
3 0.7364583333333333 0.5083333333333333 0.020833333333333332 0.03518518518518519
7 0.7143229166666667 0.5148148148148148 0.0046875 0.018518518518518517
6 0.7294270833333333 0.5342592592592592 0.0067708333333333336 0.016666666666666666
8 0.72890625 0.524537037037037 0.005729166666666666 0.017592592592592594
8 0.7403645833333333 0.5185185185185185 0.008854166666666666 0.011111111111111112
8 0.7471354166666667 0.5194444444444445 0.0046875 0.007407407407407408
8 0.7520833333333333 0.5194444444444445 0.007291666666666667 0.009259259259259259
8 0.7450520833333333 0.5194444444444445 0.0067708333333333336 0.007407407407407408
8 0.7346354166666667 0.5296296296296297 0.0078125 0.022222222222222223
6 0.7223958333333333 0.5430555555555555 0.008333333333333333 0.013888888888888888
8 0.72265625 0.5259259259259259 0.0109375 0.025925925925925925
4 0.7442708333333333 0.5435185185185185 0.03125 0.03888888888888889
6 0.759375 0.5726851851851852 0.020833333333333332 0.05648148148148148
8 0.7614583333333333 0.5504629629629629 0.021875 0.06388888888888888
4 0.6924479166666667 0.6708333333333333 0.17447916666666666 0.24351851851851852
7 0.53671875 0.537962962962963 0.011979166666666667 0.06666666666666667