4 0.5356770833333333 0.425 0.034895833333333334 0.04814814814814815
7 0.5565104166666667 0.42592592592592593 0.011979166666666667 0.053703703703703705
4 0.59140625 0.4546296296296296 0.06510416666666667 0.09074074074074075
3 0.84921875 0.4356481481481482 0.1453125 0.11944444444444445
13 0.71484375 0.42407407407407405 0.1265625 0.17407407407407408
9 0.6609375 0.30185185185185187 0.0125 0.04814814814814815
9 0.6578125 0.33055555555555555 0.013541666666666667 0.014814814814814815
6 0.59296875 0.4648148148148148 0.022395833333333334 0.03148148148148148
8 0.5942708333333333 0.44537037037037036 0.021875 0.05185185185185185
4 0.7153645833333333 0.4875 0.0296875 0.11018518518518519
4 0.64921875 0.49907407407407406 0.13697916666666668 0.15555555555555556
1 0.7893229166666667 0.4935185185185185 0.07239583333333334 0.1425925925925926
4 0.8369791666666667 0.4842592592592593 0.03333333333333333 0.07222222222222222
10 0.8770833333333333 0.3939814814814815 0.028125 0.05277777777777778
7 0.4661458333333333 0.40324074074074073 0.009375 0.032407407407407406
7 0.478125 0.40370370370370373 0.008333333333333333 0.03333333333333333
7 0.48463541666666665 0.42314814814814816 0.009895833333333333 0.053703703703703705
14 0.44869791666666664 0.44675925925925924 0.0234375 0.03796296296296296
7 0.4153645833333333 0.44027777777777777 0.011979166666666667 0.03981481481481482
7 0.3880208333333333 0.4388888888888889 0.011458333333333333 0.05925925925925926
14 0.23098958333333333 0.4305555555555556 0.03802083333333333 0.06481481481481481
6 0.19921875 0.462037037037037 0.025520833333333333 0.040740740740740744
8 0.19375 0.4439814814814815 0.016666666666666666 0.05462962962962963
8 0.19479166666666667 0.449537037037037 0.015625 0.062037037037037036
1 0.15182291666666667 0.4476851851851852 0.0359375 0.06944444444444445
1 0.10833333333333334 0.44351851851851853 0.052083333333333336 0.06851851851851852
6 0.12291666666666666 0.4787037037037037 0.008333333333333333 0.007407407407407408
7 0.5078125 0.41805555555555557 0.008333333333333333 0.04351851851851852
7 0.49713541666666666 0.41712962962962963 0.0109375 0.032407407407407406
7 0.5143229166666666 0.4078703703703704 0.0067708333333333336 0.021296296296296296
7 0.5028645833333333 0.44027777777777777 0.0078125 0.05462962962962963
7 0.496875 0.4398148148148148 0.014583333333333334 0.05740740740740741
7 0.51796875 0.42453703703703705 0.009895833333333333 0.032407407407407406
7 0.5106770833333333 0.4388888888888889 0.008854166666666666 0.06111111111111111
7 0.47760416666666666 0.43287037037037035 0.010416666666666666 0.058333333333333334
7 0.5158854166666667 0.4439814814814815 0.013020833333333334 0.062037037037037036
6 0.54453125 0.49166666666666664 0.028645833333333332 0.07407407407407407
8 0.5447916666666667 0.46805555555555556 0.030208333333333334 0.09351851851851851
9 0.2518229166666667 0.3476851851851852 0.011979166666666667 0.03611111111111111
9 0.2546875 0.37962962962962965 0.008333333333333333 0.014814814814814815
9 0.20572916666666666 0.26990740740740743 0.019791666666666666 0.09351851851851851
9 0.21223958333333334 0.3837962962962963 0.0234375 0.03425925925925926
3 0.3151041666666667 0.4546296296296296 0.14270833333333333 0.17962962962962964
7 0.24947916666666667 0.500462962962963 0.030208333333333334 0.1287037037037037
7 0.2828125 0.5092592592592593 0.035416666666666666 0.16666666666666666
6 0.3658854166666667 0.5287037037037037 0.04010416666666667 0.07407407407407407
8 0.3640625 0.5074074074074074 0.041666666666666664 0.14814814814814814
4 0.45338541666666665 0.6467592592592593 0.24322916666666666 0.36018518518518516
4 0.9046875 0.5356481481481481 0.18958333333333333 0.1638888888888889
4 0.91875 0.6722222222222223 0.16145833333333334 0.31666666666666665
6 0.16744791666666667 0.4638888888888889 0.033854166666666664 0.044444444444444446
8 0.16666666666666666 0.44074074074074077 0.020833333333333332 0.05925925925925926
7 0.4278645833333333 0.43333333333333335 0.015104166666666667 0.05740740740740741
7 0.4635416666666667 0.4310185185185185 0.014583333333333334 0.05648148148148148