4 0.53515625 0.5685185185185185 0.0067708333333333336 0.014814814814814815
8 0.5294270833333333 0.5699074074074074 0.0067708333333333336 0.021296296296296296
6 0.5286458333333334 0.5763888888888888 0.008333333333333333 0.013888888888888888
4 0.5229166666666667 0.5703703703703704 0.011458333333333333 0.020370370370370372
4 0.5127604166666667 0.5666666666666667 0.0109375 0.022222222222222223
8 0.5 0.5689814814814815 0.008333333333333333 0.026851851851851852
4 0.5109375 0.5777777777777777 0.025 0.040740740740740744
4 0.54609375 0.5717592592592593 0.016145833333333335 0.021296296296296296
4 0.5596354166666667 0.5722222222222222 0.025520833333333333 0.025925925925925925
6 0.565625 0.5847222222222223 0.025 0.025
8 0.5677083333333334 0.575 0.007291666666666667 0.03148148148148148
4 0.5903645833333333 0.5907407407407408 0.033854166666666664 0.053703703703703705
4 0.6013020833333333 0.5972222222222222 0.030729166666666665 0.05925925925925926
4 0.61796875 0.6013888888888889 0.0453125 0.06759259259259259
4 0.628125 0.6171296296296296 0.06354166666666666 0.08425925925925926
4 0.6565104166666667 0.6361111111111111 0.0734375 0.10555555555555556
6 0.7419270833333333 0.649074074074074 0.06302083333333333 0.09259259259259259
6 0.7015625 0.7097222222222223 0.057291666666666664 0.15648148148148147
6 0.7502604166666667 0.6930555555555555 0.04739583333333333 0.14351851851851852
6 0.8111979166666666 0.6861111111111111 0.09010416666666667 0.14444444444444443
6 0.8330729166666667 0.7125 0.11197916666666667 0.15092592592592594
4 0.9359375 0.8027777777777778 0.12708333333333333 0.28888888888888886
8 0.48671875 0.5685185185185185 0.0078125 0.024074074074074074
6 0.48541666666666666 0.5731481481481482 0.008333333333333333 0.014814814814814815
4 0.46484375 0.5736111111111111 0.0265625 0.03981481481481482
1 0.43385416666666665 0.5796296296296296 0.026041666666666668 0.05740740740740741
7 0.3997395833333333 0.5912037037037037 0.015104166666666667 0.07314814814814814
6 0.36744791666666665 0.5703703703703704 0.028645833333333332 0.03518518518518519
6 0.36223958333333334 0.5736111111111111 0.024479166666666666 0.030555555555555555
6 0.3567708333333333 0.5763888888888888 0.017708333333333333 0.030555555555555555
4 0.22864583333333333 0.5847222222222223 0.0875 0.09907407407407408
4 0.17421875 0.5842592592592593 0.06197916666666667 0.1
4 0.13307291666666668 0.5930555555555556 0.0953125 0.1287037037037037
4 0.05234375 0.5888888888888889 0.1046875 0.15185185185185185
4 0.009114583333333334 0.5777777777777777 0.018229166666666668 0.1259259259259259
4 0.10651041666666666 0.8166666666666667 0.21302083333333333 0.3648148148148148
10 0.4348958333333333 0.5222222222222223 0.016666666666666666 0.03333333333333333
10 0.4348958333333333 0.5023148148148148 0.00625 0.004629629629629629
7 0.8184895833333333 0.5990740740740741 0.021354166666666667 0.12407407407407407
7 0.9528645833333333 0.5569444444444445 0.0171875 0.05277777777777778
7 0.9354166666666667 0.6351851851851852 0.020833333333333332 0.1537037037037037
7 0.96171875 0.6282407407407408 0.027604166666666666 0.1824074074074074
8 0.66171875 0.6564814814814814 0.05260416666666667 0.1685185185185185
6 0.6611979166666667 0.6800925925925926 0.0515625 0.1287037037037037