1 0.40651041666666665 0.5106481481481482 0.011979166666666667 0.010185185185185186
4 0.44609375 0.524074074074074 0.024479166666666666 0.025925925925925925
6 0.6479166666666667 0.6523148148148148 0.04479166666666667 0.12129629629629629
8 0.6458333333333334 0.600462962962963 0.04375 0.1361111111111111
14 0.6666666666666666 0.5319444444444444 0.015625 0.01574074074074074
6 0.43828125 0.525 0.005729166666666666 0.020370370370370372
7 0.4484375 0.5273148148148148 0.00625 0.028703703703703703
7 0.4609375 0.5212962962962963 0.005208333333333333 0.018518518518518517
7 0.45598958333333334 0.5212962962962963 0.0046875 0.022222222222222223
7 0.4354166666666667 0.5222222222222223 0.005208333333333333 0.027777777777777776
7 0.42890625 0.524074074074074 0.0067708333333333336 0.027777777777777776
7 0.42083333333333334 0.524074074074074 0.008333333333333333 0.027777777777777776
3 0.49609375 0.5009259259259259 0.059895833333333336 0.05925925925925926
13 0.49609375 0.4962962962962963 0.0484375 0.06666666666666667
13 0.6125 0.4898148148148148 0.078125 0.13148148148148148
8 0.6614583333333334 0.5351851851851852 0.00625 0.012962962962962963
4 0.6184895833333334 0.5504629629629629 0.05364583333333333 0.03796296296296296
4 0.67890625 0.5875 0.05260416666666667 0.09537037037037037
8 0.6075520833333333 0.5504629629629629 0.021354166666666667 0.05092592592592592
6 0.60234375 0.5828703703703704 0.021354166666666667 0.06759259259259259
8 0.6190104166666667 0.562962962962963 0.025520833333333333 0.05555555555555555
6 0.61953125 0.5995370370370371 0.027604166666666666 0.09351851851851851
13 0.89921875 0.5296296296296297 0.19947916666666668 0.27037037037037037
3 0.7908854166666667 0.5087962962962963 0.021354166666666667 0.06759259259259259
4 0.7502604166666667 0.6291666666666667 0.17239583333333333 0.19537037037037036
6 0.9627604166666667 0.750462962962963 0.0734375 0.21574074074074073
8 0.9817708333333334 0.7615740740740741 0.035416666666666666 0.10648148148148148
8 0.9703125 0.687962962962963 0.058333333333333334 0.24074074074074073
6 0.8372395833333334 0.8666666666666667 0.1984375 0.2611111111111111
8 0.8114583333333333 0.7796296296296297 0.15 0.43703703703703706
4 0.49713541666666666 0.5217592592592593 0.050520833333333334 0.012037037037037037
14 0.409375 0.5259259259259259 0.020833333333333332 0.020370370370370372
4 0.42864583333333334 0.6203703703703703 0.04583333333333333 0.1685185185185185
1 0.48671875 0.6370370370370371 0.10364583333333334 0.21851851851851853
4 0.19427083333333334 0.7134259259259259 0.0375 0.20092592592592592
1 0.31692708333333336 0.7601851851851852 0.2421875 0.4740740740740741
4 0.5604166666666667 0.5972222222222222 0.08125 0.17407407407407408
6 0.04973958333333333 0.8907407407407407 0.09947916666666666 0.21481481481481482
8 0.015625 0.9375 0.03125 0.12129629629629629
1 0.6940104166666666 0.5347222222222222 0.0203125 0.017592592592592594