13 0.4546875 0.5148148148148148 0.013541666666666667 0.014814814814814815
4 0.46067708333333335 0.5203703703703704 0.011979166666666667 0.011111111111111112
6 0.46822916666666664 0.5277777777777778 0.004166666666666667 0.011111111111111112
8 0.46796875 0.5212962962962963 0.0046875 0.011111111111111112
6 0.4765625 0.5300925925925926 0.004166666666666667 0.012037037037037037
8 0.47630208333333335 0.5226851851851851 0.005729166666666666 0.017592592592592594
14 0.5020833333333333 0.524074074074074 0.009375 0.014814814814814815
4 0.5205729166666667 0.5259259259259259 0.008854166666666666 0.016666666666666666
1 0.57890625 0.5430555555555555 0.027604166666666666 0.05092592592592592
4 0.45234375 0.5212962962962963 0.008854166666666666 0.012962962962962963
13 0.44453125 0.5199074074074074 0.0109375 0.025
8 0.4484375 0.5282407407407408 0.008333333333333333 0.026851851851851852
6 0.44869791666666664 0.5342592592592592 0.008854166666666666 0.020370370370370372
4 0.42682291666666666 0.5273148148148148 0.030729166666666665 0.032407407407407406
10 0.38776041666666666 0.47453703703703703 0.0078125 0.01574074074074074
10 0.38828125 0.4875 0.008854166666666666 0.006481481481481481
10 0.32395833333333335 0.45185185185185184 0.013541666666666667 0.024074074074074074
10 0.2877604166666667 0.475 0.011979166666666667 0.022222222222222223
10 0.28984375 0.49398148148148147 0.011979166666666667 0.008333333333333333
6 0.05859375 0.524074074074074 0.018229166666666668 0.02962962962962963
6 0.07109375 0.524537037037037 0.0171875 0.023148148148148147
6 0.08463541666666667 0.5268518518518519 0.0171875 0.024074074074074074
6 0.09869791666666666 0.5282407407407408 0.018229166666666668 0.021296296296296296
6 0.10729166666666666 0.5314814814814814 0.015625 0.022222222222222223
6 0.12682291666666667 0.5296296296296297 0.027604166666666666 0.020370370370370372
6 0.13567708333333334 0.5337962962962963 0.022395833333333334 0.017592592592592594
6 0.15026041666666667 0.5370370370370371 0.0234375 0.020370370370370372
6 0.16927083333333334 0.5439814814814815 0.03333333333333333 0.028703703703703703
6 0.18151041666666667 0.5527777777777778 0.0296875 0.044444444444444446
6 0.19765625 0.5662037037037037 0.043229166666666666 0.058333333333333334
6 0.2140625 0.5625 0.046875 0.075
1 0.27578125 0.5879629629629629 0.0765625 0.1425925925925926
4 0.1203125 0.7685185185185185 0.240625 0.46111111111111114
6 0.41119791666666666 0.7037037037037037 0.0734375 0.23333333333333334
8 0.40859375 0.6050925925925926 0.0609375 0.12314814814814815
8 0.41119791666666666 0.6430555555555556 0.07239583333333334 0.2324074074074074
7 0.8838541666666667 0.5726851851851852 0.01875 0.09907407407407408
6 0.01015625 0.5300925925925926 0.018229166666666668 0.01574074074074074