10 0.22916666666666666 0.3189814814814815 0.022916666666666665 0.05462962962962963
13 0.5588541666666667 0.4726851851851852 0.015625 0.021296296296296296
4 0.61953125 0.4925925925925926 0.019270833333333334 0.012962962962962963
3 0.5880208333333333 0.48842592592592593 0.046875 0.08425925925925926
1 0.70546875 0.500462962962963 0.015104166666666667 0.017592592592592594
4 0.51484375 0.4949074074074074 0.0078125 0.019444444444444445
4 0.5450520833333333 0.4875 0.013020833333333334 0.004629629629629629
4 0.5591145833333333 0.4912037037037037 0.011979166666666667 0.012037037037037037
4 0.5505208333333333 0.49537037037037035 0.026041666666666668 0.018518518518518517
1 0.528125 0.4875 0.023958333333333335 0.010185185185185186
4 0.5265625 0.5273148148148148 0.040625 0.06944444444444445
4 0.5736979166666667 0.5 0.043229166666666666 0.009259259259259259
3 0.5161458333333333 0.4726851851851852 0.013541666666666667 0.030555555555555555
3 0.4979166666666667 0.48564814814814816 0.026041666666666668 0.09722222222222222
13 0.45703125 0.4824074074074074 0.0640625 0.12962962962962962
7 0.40182291666666664 0.487962962962963 0.0109375 0.02962962962962963
7 0.38645833333333335 0.5023148148148148 0.014583333333333334 0.05277777777777778
7 0.34453125 0.49398148148148147 0.016145833333333335 0.05092592592592592
7 0.35911458333333335 0.5125 0.018229166666666668 0.08981481481481482
8 0.41171875 0.5 0.0109375 0.011111111111111112
8 0.40078125 0.5106481481481482 0.015104166666666667 0.03611111111111111
6 0.3463541666666667 0.5824074074074074 0.052083333333333336 0.10740740740740741
8 0.35520833333333335 0.5537037037037037 0.023958333333333335 0.1111111111111111
6 0.37786458333333334 0.6083333333333333 0.015104166666666667 0.09074074074074075
8 0.38177083333333334 0.5458333333333333 0.026041666666666668 0.07685185185185185
4 0.5635416666666667 0.562037037037037 0.0875 0.10740740740740741
14 0.7653645833333333 0.4675925925925926 0.11302083333333333 0.07962962962962963
1 0.7794270833333333 0.5962962962962963 0.1453125 0.22037037037037038
6 0.5515625 0.5726851851851852 0.015625 0.03425925925925926
8 0.565625 0.549074074074074 0.03854166666666667 0.09814814814814815
4 0.6796875 0.7481481481481481 0.3229166666666667 0.4388888888888889
13 0.915625 0.5361111111111111 0.165625 0.6222222222222222
9 0.7885416666666667 0.2851851851851852 0.019791666666666666 0.07037037037037037
4 0.4395833333333333 0.6064814814814815 0.13125 0.20925925925925926
6 0.14140625 0.6504629629629629 0.06614583333333333 0.18425925925925926
8 0.13098958333333333 0.6226851851851852 0.06197916666666667 0.2175925925925926
10 0.22447916666666667 0.3675925925925926 0.026041666666666668 0.02962962962962963
13 0.5484375 0.47314814814814815 0.009375 0.024074074074074074
14 0.678125 0.524074074074074 0.06875 0.022222222222222223