7 0.29010416666666666 0.5199074074074074 0.03333333333333333 0.06574074074074074
6 0.271875 0.5777777777777777 0.13020833333333334 0.21296296296296297
6 0.40651041666666665 0.48935185185185187 0.08802083333333334 0.10092592592592593
6 0.39296875 0.5564814814814815 0.1140625 0.1925925925925926
7 0.45364583333333336 0.5587962962962963 0.065625 0.2712962962962963
1 0.59453125 0.7217592592592592 0.3328125 0.5546296296296296
6 0.26875 0.7337962962962963 0.23229166666666667 0.33055555555555555
8 0.2796875 0.649074074074074 0.11041666666666666 0.32222222222222224
6 0.8140625 0.5157407407407407 0.019791666666666666 0.04814814814814815
7 0.7971354166666667 0.49675925925925923 0.025520833333333333 0.1361111111111111
7 0.8203125 0.4935185185185185 0.022916666666666665 0.12777777777777777
1 0.8473958333333333 0.47129629629629627 0.028125 0.07407407407407407
1 0.8927083333333333 0.5231481481481481 0.07604166666666666 0.18703703703703703
1 0.95 0.5486111111111112 0.09895833333333333 0.24722222222222223
6 0.8533854166666667 0.6592592592592592 0.09322916666666667 0.26851851851851855
8 0.8567708333333334 0.5949074074074074 0.07708333333333334 0.2638888888888889
8 0.8408854166666667 0.6032407407407407 0.07447916666666667 0.2638888888888889
14 0.9127604166666666 0.4166666666666667 0.028645833333333332 0.024074074074074074