14 0.4505208333333333 0.4263888888888889 0.010416666666666666 0.023148148148148147
14 0.44192708333333336 0.4212962962962963 0.011979166666666667 0.016666666666666666
4 0.45677083333333335 0.42777777777777776 0.0125 0.014814814814814815
7 0.43255208333333334 0.4300925925925926 0.0046875 0.013888888888888888
4 0.4828125 0.4791666666666667 0.06145833333333333 0.09537037037037037
6 0.4296875 0.4361111111111111 0.00625 0.012962962962962963
8 0.43020833333333336 0.4263888888888889 0.00625 0.013888888888888888
7 0.24973958333333332 0.4787037037037037 0.019270833333333334 0.1
1 0.14401041666666667 0.5745370370370371 0.17135416666666667 0.287962962962963
6 0.3653645833333333 0.5222222222222223 0.043229166666666666 0.1259259259259259
8 0.36666666666666664 0.4976851851851852 0.03958333333333333 0.125
4 0.44166666666666665 0.44212962962962965 0.01875 0.032407407407407406
3 0.5640625 0.42268518518518516 0.041666666666666664 0.05648148148148148
1 0.60546875 0.44074074074074077 0.0234375 0.040740740740740744
1 0.6828125 0.4537037037037037 0.03854166666666667 0.06851851851851852
6 0.9434895833333333 0.5291666666666667 0.06822916666666666 0.10833333333333334
7 0.8083333333333333 0.4449074074074074 0.014583333333333334 0.06944444444444445