7 0.115625 0.5699074074074074 0.059375 0.13240740740740742
6 0.3260416666666667 0.5097222222222222 0.035416666666666666 0.08981481481481482
7 0.3690104166666667 0.4986111111111111 0.033854166666666664 0.1175925925925926
4 0.39296875 0.49074074074074076 0.034895833333333334 0.03333333333333333
7 0.41458333333333336 0.46805555555555556 0.011458333333333333 0.06759259259259259
7 0.4002604166666667 0.4981481481481482 0.0265625 0.12962962962962962
4 0.55 0.425 0.04375 0.03148148148148148
4 0.58359375 0.4375 0.0453125 0.013888888888888888
4 0.6190104166666667 0.5449074074074074 0.11822916666666666 0.21388888888888888
7 0.64609375 0.44027777777777777 0.0171875 0.032407407407407406
7 0.68671875 0.42824074074074076 0.0109375 0.06574074074074074
7 0.6786458333333333 0.47962962962962963 0.020833333333333332 0.10740740740740741
7 0.72578125 0.43657407407407406 0.013020833333333334 0.0787037037037037
6 0.6575520833333334 0.47638888888888886 0.022395833333333334 0.062037037037037036
4 0.8546875 0.5462962962962963 0.275 0.34074074074074073
7 0.7013020833333333 0.5370370370370371 0.033854166666666664 0.2
7 0.7203125 0.5328703703703703 0.053125 0.22314814814814815
1 0.49973958333333335 0.6101851851851852 0.18489583333333334 0.40185185185185185
7 0.7229166666666667 0.39861111111111114 0.013541666666666667 0.028703703703703703
7 0.044270833333333336 0.6893518518518519 0.0875 0.16944444444444445