14 0.44765625 0.4166666666666667 0.030729166666666665 0.03333333333333333
14 0.43723958333333335 0.44027777777777777 0.033854166666666664 0.06018518518518518
14 0.4856770833333333 0.42777777777777776 0.043229166666666666 0.018518518518518517
14 0.5106770833333333 0.42777777777777776 0.0203125 0.016666666666666666
4 0.5296875 0.43657407407407406 0.021875 0.04351851851851852
8 0.5158854166666667 0.4398148148148148 0.009895833333333333 0.03148148148148148
4 0.5252604166666667 0.44907407407407407 0.018229166666666668 0.046296296296296294
4 0.5510416666666667 0.44074074074074077 0.052083333333333336 0.06111111111111111
4 0.58125 0.4486111111111111 0.046875 0.03981481481481482
4 0.5630208333333333 0.4634259259259259 0.08229166666666667 0.049074074074074076
4 0.6471354166666666 0.537962962962963 0.12864583333333332 0.1814814814814815
4 0.7747395833333334 0.4587962962962963 0.06197916666666667 0.08981481481481482
4 0.9294270833333333 0.4888888888888889 0.14010416666666667 0.14629629629629629
7 0.9953125 0.5166666666666667 0.008333333333333333 0.25555555555555554
8 0.5080729166666667 0.449537037037037 0.018229166666666668 0.04722222222222222
1 0.46640625 0.45185185185185184 0.07447916666666667 0.05555555555555555
1 0.39609375 0.4847222222222222 0.06510416666666667 0.11203703703703703
3 0.2518229166666667 0.43796296296296294 0.26614583333333336 0.2833333333333333
1 0.08984375 0.7277777777777777 0.1796875 0.5425925925925926
4 0.28932291666666665 0.5953703703703703 0.1921875 0.26481481481481484
4 0.49635416666666665 0.700925925925926 0.30625 0.4666666666666667
8 0.28203125 0.6212962962962963 0.1078125 0.3037037037037037
8 0.2921875 0.6388888888888888 0.10833333333333334 0.34074074074074073
6 0.2869791666666667 0.6972222222222222 0.10833333333333334 0.3148148148148148
4 0.028385416666666666 0.9606481481481481 0.05677083333333333 0.07685185185185185
10 0.7140625 0.31712962962962965 0.065625 0.08981481481481482
10 0.7174479166666666 0.41064814814814815 0.05364583333333333 0.09351851851851851
10 0.71328125 0.26064814814814813 0.0265625 0.010185185185185186
10 0.7385416666666667 0.4949074074074074 0.014583333333333334 0.07314814814814814