14 0.47421875 0.5583333333333333 0.013020833333333334 0.018518518518518517
1 0.47994791666666664 0.5606481481481481 0.0171875 0.012037037037037037
8 0.4674479166666667 0.5587962962962963 0.005729166666666666 0.008333333333333333
8 0.4630208333333333 0.5726851851851852 0.009375 0.025
8 0.4674479166666667 0.5712962962962963 0.0067708333333333336 0.022222222222222223
8 0.45807291666666666 0.5648148148148148 0.0067708333333333336 0.022222222222222223
8 0.4557291666666667 0.5884259259259259 0.011458333333333333 0.05462962962962963
1 0.4322916666666667 0.5935185185185186 0.042708333333333334 0.07222222222222222
7 0.4015625 0.5657407407407408 0.011458333333333333 0.03148148148148148
7 0.4046875 0.5606481481481481 0.005208333333333333 0.021296296296296296
7 0.4158854166666667 0.5587962962962963 0.005729166666666666 0.010185185185185186
7 0.42239583333333336 0.5574074074074075 0.004166666666666667 0.009259259259259259
8 0.42942708333333335 0.5560185185185185 0.0036458333333333334 0.006481481481481481
4 0.484375 0.5902777777777778 0.042708333333333334 0.058333333333333334
4 0.49375 0.5634259259259259 0.025 0.01574074074074074
1 0.5088541666666667 0.5606481481481481 0.013541666666666667 0.013888888888888888
4 0.5111979166666667 0.5532407407407407 0.0109375 0.006481481481481481
4 0.5002604166666667 0.5532407407407407 0.0140625 0.006481481481481481
13 0.5255208333333333 0.5481481481481482 0.016666666666666666 0.024074074074074074
1 0.5424479166666667 0.5587962962962963 0.0171875 0.008333333333333333
4 0.55859375 0.5625 0.0203125 0.013888888888888888
8 0.57265625 0.5708333333333333 0.0078125 0.019444444444444445
1 0.5934895833333333 0.5888888888888889 0.0296875 0.06851851851851852
4 0.6138020833333333 0.5652777777777778 0.011979166666666667 0.008333333333333333
4 0.61171875 0.5791666666666667 0.0109375 0.021296296296296296
4 0.6328125 0.6037037037037037 0.05520833333333333 0.11296296296296296
4 0.7046875 0.6657407407407407 0.16354166666666667 0.23333333333333334
4 0.49609375 0.6069444444444444 0.05364583333333333 0.08055555555555556
4 0.5208333333333334 0.5717592592592593 0.016666666666666666 0.023148148148148147
4 0.5328125 0.5740740740740741 0.01875 0.024074074074074074
4 0.5505208333333333 0.575 0.03854166666666667 0.020370370370370372
6 0.375 0.5851851851851851 0.03333333333333333 0.03333333333333333
6 0.33984375 0.5847222222222223 0.034895833333333334 0.05277777777777778
4 0.1203125 0.6407407407407407 0.240625 0.18333333333333332
4 0.16770833333333332 0.8171296296296297 0.33541666666666664 0.36203703703703705
4 0.40390625 0.6657407407407407 0.1203125 0.17222222222222222
8 0.446875 0.6625 0.04791666666666667 0.1787037037037037
6 0.4427083333333333 0.7226851851851852 0.05 0.15648148148148147
8 0.4947916666666667 0.7046296296296296 0.08125 0.2537037037037037
6 0.49453125 0.8166666666666667 0.08802083333333334 0.24259259259259258
4 0.5635416666666667 0.6805555555555556 0.115625 0.2037037037037037
8 0.8828125 0.7361111111111112 0.10416666666666667 0.29259259259259257
6 0.8890625 0.825462962962963 0.12708333333333333 0.3472222222222222