14 0.6940104166666666 0.5259259259259259 0.0109375 0.04259259259259259
6 0.6950520833333333 0.5425925925925926 0.0046875 0.011111111111111112
8 0.6955729166666667 0.5351851851851852 0.0046875 0.011111111111111112
13 0.6763020833333333 0.524537037037037 0.0296875 0.06944444444444445
13 0.64609375 0.5407407407407407 0.0140625 0.04814814814814815
13 0.6536458333333334 0.5412037037037037 0.020833333333333332 0.04722222222222222
4 0.6744791666666666 0.5458333333333333 0.028125 0.03611111111111111
4 0.6669270833333333 0.5708333333333333 0.0515625 0.0712962962962963
6 0.6341145833333334 0.5541666666666667 0.008854166666666666 0.021296296296296296
8 0.63203125 0.5435185185185185 0.0046875 0.022222222222222223
8 0.6356770833333333 0.5453703703703704 0.0078125 0.022222222222222223
4 0.61171875 0.5611111111111111 0.050520833333333334 0.07407407407407407
7 0.5817708333333333 0.5453703703703704 0.009375 0.05
7 0.55 0.5351851851851852 0.008333333333333333 0.03518518518518519
7 0.5372395833333333 0.5273148148148148 0.0067708333333333336 0.025
7 0.45 0.5412037037037037 0.014583333333333334 0.06018518518518518
4 0.51796875 0.6041666666666666 0.10364583333333334 0.13425925925925927
2 0.3658854166666667 0.6268518518518519 0.0390625 0.10555555555555556
7 0.4203125 0.6717592592592593 0.06041666666666667 0.31203703703703706
8 0.6611979166666667 0.5898148148148148 0.0359375 0.1111111111111111
6 0.66171875 0.6226851851851852 0.04010416666666667 0.10277777777777777
4 0.74921875 0.5587962962962963 0.0203125 0.05462962962962963
8 0.7502604166666667 0.5583333333333333 0.011979166666666667 0.04259259259259259
6 0.7486979166666666 0.5731481481481482 0.013020833333333334 0.046296296296296294
4 0.834375 0.5648148148148148 0.0625 0.15925925925925927