13 0.47265625 0.5657407407407408 0.011979166666666667 0.02962962962962963
4 0.5078125 0.575 0.0125 0.020370370370370372
1 0.5861979166666667 0.5828703703703704 0.028645833333333332 0.05462962962962963
6 0.50234375 0.5833333333333334 0.0078125 0.022222222222222223
8 0.5026041666666666 0.5773148148148148 0.008333333333333333 0.028703703703703703
6 0.49140625 0.5763888888888888 0.0036458333333333334 0.012037037037037037
8 0.4908854166666667 0.5694444444444444 0.0036458333333333334 0.005555555555555556
6 0.4859375 0.5736111111111111 0.003125 0.008333333333333333
8 0.4861979166666667 0.5694444444444444 0.0036458333333333334 0.007407407407407408
1 0.47890625 0.5768518518518518 0.0140625 0.03148148148148148
6 0.621875 0.6458333333333334 0.040625 0.10092592592592593
8 0.6223958333333334 0.6175925925925926 0.03229166666666667 0.1
7 0.4552083333333333 0.575 0.004166666666666667 0.018518518518518517
7 0.46458333333333335 0.5791666666666667 0.003125 0.017592592592592594
7 0.46067708333333335 0.575925925925926 0.0036458333333333334 0.020370370370370372
4 0.4231770833333333 0.5805555555555556 0.025520833333333333 0.037037037037037035
4 0.39453125 0.5814814814814815 0.034895833333333334 0.044444444444444446
7 0.4015625 0.586574074074074 0.016666666666666666 0.05462962962962963
6 0.4328125 0.5930555555555556 0.015625 0.04537037037037037
8 0.43359375 0.5824074074074074 0.013020833333333334 0.04814814814814815
6 0.39557291666666666 0.6430555555555556 0.033854166666666664 0.07314814814814814
6 0.36822916666666666 0.7824074074074074 0.07708333333333334 0.2111111111111111
8 0.3671875 0.7046296296296296 0.07395833333333333 0.24259259259259258
4 0.5236979166666667 0.5828703703703704 0.0265625 0.032407407407407406
4 0.8721354166666667 0.7763888888888889 0.2546875 0.44537037037037036