3 0.4361979166666667 0.5171296296296296 0.025520833333333333 0.10833333333333334
3 0.5151041666666667 0.5060185185185185 0.14270833333333333 0.287962962962963
4 0.6184895833333334 0.5523148148148148 0.04010416666666667 0.03425925925925926
8 0.6471354166666666 0.5416666666666666 0.019270833333333334 0.03148148148148148
3 0.7036458333333333 0.5083333333333333 0.11666666666666667 0.10185185185185185
8 0.7825520833333334 0.5481481481481482 0.015104166666666667 0.03888888888888889
13 0.9859375 0.5027777777777778 0.027083333333333334 0.08148148148148149
1 0.9591145833333333 0.6185185185185185 0.08072916666666667 0.16296296296296298
6 0.9760416666666667 0.6939814814814815 0.04583333333333333 0.1361111111111111
1 0.8565104166666667 0.6393518518518518 0.1484375 0.24166666666666667
8 0.7653645833333333 0.5523148148148148 0.0140625 0.023148148148148147
8 0.7473958333333334 0.5476851851851852 0.016666666666666666 0.025
8 0.72890625 0.5351851851851852 0.021354166666666667 0.04259259259259259
6 0.4078125 0.5638888888888889 0.014583333333333334 0.04814814814814815
8 0.4080729166666667 0.5351851851851852 0.009895833333333333 0.03333333333333333
8 0.40625 0.5467592592592593 0.0125 0.06018518518518518
8 0.40078125 0.5472222222222223 0.0171875 0.06111111111111111
6 0.51484375 0.6731481481481482 0.06302083333333333 0.18888888888888888
8 0.5145833333333333 0.5990740740740741 0.05416666666666667 0.14814814814814814
4 0.7130208333333333 0.7768518518518519 0.32916666666666666 0.4444444444444444
8 0.3880208333333333 0.5393518518518519 0.028125 0.058333333333333334
7 0.29739583333333336 0.5217592592592593 0.020833333333333332 0.032407407407407406
8 0.31666666666666665 0.5236111111111111 0.016666666666666666 0.026851851851851852
6 0.24661458333333333 0.5342592592592592 0.021354166666666667 0.04814814814814815
6 0.22760416666666666 0.5662037037037037 0.013541666666666667 0.013888888888888888
7 0.20963541666666666 0.562962962962963 0.034895833333333334 0.10555555555555556
7 0.18697916666666667 0.5643518518518519 0.029166666666666667 0.09166666666666666
6 0.08229166666666667 0.5967592592592592 0.040625 0.025
8 0.10494791666666667 0.5523148148148148 0.04010416666666667 0.08796296296296297
6 0.15963541666666667 0.6856481481481481 0.10052083333333334 0.21574074074074073
8 0.17760416666666667 0.5736111111111111 0.052083333333333336 0.12129629629629629
8 0.15052083333333333 0.5921296296296297 0.08541666666666667 0.17685185185185184
4 0.30130208333333336 0.6953703703703704 0.26197916666666665 0.32222222222222224
8 0.009114583333333334 0.5268518518518519 0.018229166666666668 0.05
6 0.027083333333333334 0.5851851851851851 0.05 0.0962962962962963
6 0.0234375 0.6037037037037037 0.046875 0.11481481481481481