9 0.42291666666666666 0.32407407407407407 0.016666666666666666 0.007407407407407408
10 0.4041666666666667 0.33935185185185185 0.027083333333333334 0.026851851851851852
1 0.5580729166666667 0.45092592592592595 0.013020833333333334 0.027777777777777776
6 0.56796875 0.45601851851851855 0.0078125 0.021296296296296296
8 0.5674479166666667 0.4444444444444444 0.0046875 0.011111111111111112
3 0.5841145833333333 0.44537037037037036 0.03802083333333333 0.05
1 0.6145833333333334 0.4546296296296296 0.017708333333333333 0.03148148148148148
10 0.73671875 0.35 0.013020833333333334 0.016666666666666666
4 0.5296875 0.45 0.058333333333333334 0.07407407407407407
6 0.4984375 0.48657407407407405 0.01875 0.05277777777777778
8 0.5002604166666667 0.4648148148148148 0.011979166666666667 0.08888888888888889
8 0.49947916666666664 0.4759259259259259 0.008333333333333333 0.06851851851851852
8 0.46484375 0.42268518518518516 0.0026041666666666665 0.006481481481481481
3 0.41953125 0.40370370370370373 0.06197916666666667 0.06111111111111111
8 0.4153645833333333 0.42407407407407405 0.0078125 0.011111111111111112
8 0.4088541666666667 0.42314814814814816 0.00625 0.005555555555555556
8 0.39895833333333336 0.42268518518518516 0.00625 0.008333333333333333
1 0.4395833333333333 0.4648148148148148 0.03854166666666667 0.08703703703703704
1 0.4669270833333333 0.48935185185185187 0.058854166666666666 0.1287037037037037
8 0.3796875 0.41898148148148145 0.00625 0.008333333333333333
8 0.384375 0.4217592592592593 0.005208333333333333 0.008333333333333333
4 0.3380208333333333 0.4324074074074074 0.03333333333333333 0.03333333333333333
8 0.35182291666666665 0.41712962962962963 0.005729166666666666 0.006481481481481481
6 0.32838541666666665 0.46111111111111114 0.015104166666666667 0.07037037037037037
6 0.3346354166666667 0.47638888888888886 0.009895833333333333 0.03611111111111111
8 0.328125 0.43796296296296294 0.0125 0.03888888888888889
8 0.33359375 0.44305555555555554 0.008854166666666666 0.03796296296296296
4 0.29973958333333334 0.4393518518518518 0.0296875 0.041666666666666664
3 0.25625 0.4162037037037037 0.053125 0.09166666666666666
3 0.14661458333333333 0.4 0.16822916666666668 0.11296296296296296
1 0.35911458333333335 0.47453703703703703 0.0546875 0.11203703703703703
6 0.30442708333333335 0.48055555555555557 0.028645833333333332 0.07407407407407407
8 0.3059895833333333 0.4583333333333333 0.021354166666666667 0.08333333333333333
8 0.23463541666666668 0.4439814814814815 0.021354166666666667 0.03981481481481482
8 0.20364583333333333 0.44212962962962965 0.0125 0.028703703703703703
8 0.1953125 0.44212962962962965 0.016666666666666666 0.021296296296296296
8 0.0765625 0.49907407407407406 0.046875 0.13148148148148148
6 0.28359375 0.4912037037037037 0.030729166666666665 0.06944444444444445
8 0.27890625 0.4759259259259259 0.0296875 0.10555555555555556
4 0.17317708333333334 0.6574074074074074 0.2828125 0.40555555555555556
8 0.35651041666666666 0.4273148148148148 0.008854166666666666 0.013888888888888888
4 0.38776041666666666 0.524074074074074 0.10677083333333333 0.1925925925925926
6 0.47708333333333336 0.5726851851851852 0.046875 0.14537037037037037
8 0.47552083333333334 0.4935185185185185 0.0375 0.1111111111111111
10 0.5848958333333333 0.575462962962963 0.027083333333333334 0.09166666666666666
10 0.6192708333333333 0.5976851851851852 0.029166666666666667 0.10277777777777777
9 0.24895833333333334 0.2652777777777778 0.011458333333333333 0.06018518518518518
10 0.2890625 0.3337962962962963 0.01875 0.03796296296296296
10 0.2872395833333333 0.3611111111111111 0.015104166666666667 0.012962962962962963
10 0.2526041666666667 0.3541666666666667 0.026041666666666668 0.04351851851851852
10 0.3841145833333333 0.4041666666666667 0.0046875 0.019444444444444445
10 0.50078125 0.4125 0.0078125 0.017592592592592594