14 0.50078125 0.42314814814814816 0.0046875 0.012962962962962963
14 0.5091145833333334 0.41898148148148145 0.0109375 0.019444444444444445
4 0.528125 0.42962962962962964 0.013541666666666667 0.025925925925925925
4 0.5177083333333333 0.4203703703703704 0.009375 0.009259259259259259
4 0.5416666666666666 0.4287037037037037 0.013541666666666667 0.020370370370370372
4 0.51875 0.42824074074074076 0.009375 0.01574074074074074
4 0.5440104166666667 0.43842592592592594 0.0140625 0.032407407407407406
7 0.5346354166666667 0.43472222222222223 0.009895833333333333 0.041666666666666664
13 0.5911458333333334 0.4532407407407407 0.09375 0.22685185185185186
3 0.7033854166666667 0.4046296296296296 0.1390625 0.14814814814814814
10 0.66953125 0.3212962962962963 0.0296875 0.05555555555555555
10 0.66953125 0.3592592592592593 0.022395833333333334 0.014814814814814815
10 0.66875 0.3851851851851852 0.021875 0.03888888888888889
3 0.8161458333333333 0.42407407407407405 0.153125 0.22592592592592592
7 0.8872395833333333 0.4791666666666667 0.018229166666666668 0.09351851851851851
4 0.6895833333333333 0.5875 0.25 0.3416666666666667
6 0.503125 0.4759259259259259 0.011458333333333333 0.044444444444444446
8 0.5026041666666666 0.45 0.010416666666666666 0.03888888888888889
3 0.4153645833333333 0.4041666666666667 0.1703125 0.3472222222222222
7 0.2864583333333333 0.46064814814814814 0.015625 0.09351851851851851
7 0.29765625 0.4671296296296296 0.013020833333333334 0.10092592592592593
7 0.14479166666666668 0.4449074074074074 0.03333333333333333 0.08981481481481482
7 0.075 0.45787037037037037 0.026041666666666668 0.08796296296296297
7 0.024739583333333332 0.46620370370370373 0.03802083333333333 0.1175925925925926
7 0.013020833333333334 0.47685185185185186 0.026041666666666668 0.09074074074074075
7 0.17161458333333332 0.4583333333333333 0.0234375 0.07037037037037037
4 0.18177083333333333 0.7425925925925926 0.36354166666666665 0.512962962962963
3 0.5403645833333334 0.4097222222222222 0.0171875 0.021296296296296296
14 0.52734375 0.4111111111111111 0.0109375 0.009259259259259259
7 0.50859375 0.425462962962963 0.0036458333333333334 0.026851851851851852