8 0.5447916666666667 0.55 0.003125 0.005555555555555556
8 0.5494791666666666 0.55 0.00625 0.005555555555555556
8 0.5638020833333334 0.5537037037037037 0.0067708333333333336 0.020370370370370372
8 0.5723958333333333 0.5578703703703703 0.00625 0.025
8 0.5690104166666666 0.5597222222222222 0.0109375 0.023148148148148147
8 0.57890625 0.5634259259259259 0.013020833333333334 0.041666666666666664
8 0.5796875 0.5731481481481482 0.010416666666666666 0.05740740740740741
8 0.5830729166666667 0.5699074074074074 0.009895833333333333 0.05277777777777778
6 0.56953125 0.5800925925925926 0.008854166666666666 0.026851851851851852
6 0.5796875 0.5949074074074074 0.008333333333333333 0.030555555555555555
4 0.60703125 0.5856481481481481 0.04739583333333333 0.10277777777777777
7 0.6432291666666666 0.5430555555555555 0.014583333333333334 0.026851851851851852
7 0.65390625 0.5402777777777777 0.0109375 0.028703703703703703
7 0.6677083333333333 0.5439814814814815 0.015625 0.04722222222222222
10 0.6908854166666667 0.524537037037037 0.03177083333333333 0.032407407407407406
10 0.7276041666666667 0.49537037037037035 0.013541666666666667 0.024074074074074074
7 0.7510416666666667 0.5458333333333333 0.023958333333333335 0.049074074074074076
4 0.6216145833333333 0.5898148148148148 0.04739583333333333 0.06666666666666667
4 0.6598958333333333 0.6638888888888889 0.13854166666666667 0.1925925925925926
7 0.8716145833333333 0.5578703703703703 0.04010416666666667 0.08055555555555556
6 0.7760416666666666 0.7949074074074074 0.13645833333333332 0.2861111111111111
8 0.7705729166666667 0.712037037037037 0.1171875 0.3074074074074074
8 0.79296875 0.7032407407407407 0.0828125 0.30462962962962964
4 0.5265625 0.5541666666666667 0.01875 0.023148148148148147
4 0.5049479166666667 0.5689814814814815 0.0453125 0.04537037037037037
4 0.496875 0.5712962962962963 0.05 0.04814814814814815
4 0.4903645833333333 0.575462962962963 0.03697916666666667 0.04537037037037037
4 0.47630208333333335 0.5907407407407408 0.04635416666666667 0.06481481481481481
4 0.46901041666666665 0.5958333333333333 0.03697916666666667 0.0712962962962963
4 0.4622395833333333 0.6 0.0296875 0.07592592592592592
4 0.42109375 0.6097222222222223 0.08177083333333333 0.09907407407407408
4 0.3203125 0.6560185185185186 0.16666666666666666 0.175
7 0.27005208333333336 0.587037037037037 0.022395833333333334 0.06111111111111111
7 0.21171875 0.6342592592592593 0.0265625 0.1425925925925926
7 0.5059895833333333 0.5777777777777777 0.008854166666666666 0.06111111111111111
8 0.5338541666666666 0.5782407407407407 0.01875 0.06388888888888888
6 0.53359375 0.6069444444444444 0.018229166666666668 0.04351851851851852
8 0.5692708333333333 0.6287037037037037 0.025 0.12037037037037036
8 0.5583333333333333 0.6763888888888889 0.07083333333333333 0.24166666666666667
6 0.5640625 0.7689814814814815 0.059375 0.14722222222222223
8 0.36171875 0.763425925925926 0.1328125 0.375
6 0.3528645833333333 0.8379629629629629 0.1453125 0.32222222222222224
6 0.022916666666666665 0.8421296296296297 0.04479166666666667 0.2101851851851852
8 0.012760416666666666 0.9657407407407408 0.024479166666666666 0.037037037037037035
4 0.5463541666666667 0.5800925925925926 0.021875 0.05277777777777778