1 0.5140625 0.36527777777777776 0.007291666666666667 0.006481481481481481
4 0.5091145833333334 0.41388888888888886 0.016145833333333335 0.022222222222222223
4 0.5395833333333333 0.4476851851851852 0.028125 0.03796296296296296
14 0.9885416666666667 0.6601851851851852 0.021875 0.20925925925925926
4 0.49322916666666666 0.3680555555555556 0.007291666666666667 0.012037037037037037
4 0.4953125 0.3699074074074074 0.007291666666666667 0.013888888888888888
4 0.48046875 0.37407407407407406 0.009895833333333333 0.011111111111111112
4 0.47552083333333334 0.4115740740740741 0.010416666666666666 0.028703703703703703
4 0.47213541666666664 0.4236111111111111 0.0067708333333333336 0.030555555555555555
4 0.4908854166666667 0.45601851851851855 0.0359375 0.05092592592592592
13 0.37526041666666665 0.4898148148148148 0.19739583333333333 0.5296296296296297