4 0.022135416666666668 0.4532407407407407 0.0421875 0.04537037037037037
1 0.007291666666666667 0.5148148148148148 0.014583333333333334 0.15555555555555556
6 0.023958333333333335 0.5018518518518519 0.023958333333333335 0.09444444444444444
8 0.028125 0.4759259259259259 0.03333333333333333 0.1037037037037037
8 0.039322916666666666 0.47824074074074074 0.0390625 0.10833333333333334
8 0.05911458333333333 0.5509259259259259 0.07552083333333333 0.21851851851851853
8 0.05234375 0.5092592592592593 0.0546875 0.1259259259259259
6 0.05859375 0.6125 0.07760416666666667 0.1675925925925926
4 0.14244791666666667 0.4513888888888889 0.08802083333333334 0.08055555555555556
8 0.16041666666666668 0.4847222222222222 0.046875 0.10833333333333334
6 0.18125 0.5851851851851851 0.04479166666666667 0.11666666666666667
8 0.12135416666666667 0.5009259259259259 0.036458333333333336 0.12222222222222222
8 0.13515625 0.5472222222222223 0.07552083333333333 0.21296296296296297
6 0.13359375 0.5967592592592592 0.0765625 0.225
4 0.44973958333333336 0.46111111111111114 0.10052083333333334 0.06296296296296296
8 0.4041666666666667 0.4675925925925926 0.0375 0.09444444444444444
6 0.41744791666666664 0.5180555555555556 0.06614583333333333 0.11203703703703703
6 0.36953125 0.5282407407407408 0.09114583333333333 0.1361111111111111
8 0.36328125 0.4981481481481482 0.04635416666666667 0.13518518518518519
1 0.5861979166666667 0.46944444444444444 0.0828125 0.0962962962962963
6 0.5645833333333333 0.5138888888888888 0.109375 0.12777777777777777
8 0.5638020833333334 0.4837962962962963 0.050520833333333334 0.14351851851851852
1 0.75390625 0.475 0.09739583333333333 0.1037037037037037
6 0.9614583333333333 0.5337962962962963 0.07395833333333333 0.1287037037037037
8 0.98046875 0.4986111111111111 0.0328125 0.14537037037037037