4 0.5145833333333333 0.5263888888888889 0.005208333333333333 0.010185185185185186
13 0.5067708333333333 0.5157407407407407 0.014583333333333334 0.025925925925925925
7 0.49140625 0.5291666666666667 0.0036458333333333334 0.01574074074074074
4 0.46848958333333335 0.5222222222222223 0.0109375 0.005555555555555556
1 0.4828125 0.5300925925925926 0.013541666666666667 0.028703703703703703
4 0.5028645833333333 0.5375 0.022395833333333334 0.032407407407407406
14 0.525 0.5259259259259259 0.004166666666666667 0.014814814814814815
6 0.5216145833333333 0.5333333333333333 0.0036458333333333334 0.009259259259259259
8 0.52109375 0.5259259259259259 0.0046875 0.009259259259259259
4 0.5333333333333333 0.5291666666666667 0.016666666666666666 0.023148148148148147
1 0.5497395833333333 0.5282407407407408 0.011979166666666667 0.025
7 0.5692708333333333 0.5393518518518519 0.0125 0.03611111111111111
13 0.6919270833333333 0.5662037037037037 0.13385416666666666 0.1935185185185185
13 0.8158854166666667 0.5981481481481481 0.13697916666666668 0.22777777777777777
13 0.9296875 0.5981481481481481 0.13854166666666667 0.46111111111111114
4 0.6442708333333333 0.6046296296296296 0.14583333333333334 0.22592592592592592
6 0.5354166666666667 0.5425925925925926 0.009375 0.024074074074074074
8 0.53515625 0.5324074074074074 0.008854166666666666 0.027777777777777776
6 0.5463541666666667 0.5504629629629629 0.011458333333333333 0.03611111111111111
8 0.5463541666666667 0.5282407407407408 0.011458333333333333 0.023148148148148147
7 0.27630208333333334 0.5643518518518519 0.015104166666666667 0.04537037037037037
7 0.21067708333333332 0.5157407407407407 0.018229166666666668 0.053703703703703705
7 0.22890625 0.5324074074074074 0.0171875 0.08333333333333333
7 0.24322916666666666 0.5537037037037037 0.016666666666666666 0.10925925925925926
7 0.12708333333333333 0.5986111111111111 0.025 0.08611111111111111
7 0.10703125 0.562037037037037 0.027604166666666666 0.15555555555555556
6 0.47239583333333335 0.5694444444444444 0.015625 0.037037037037037035
8 0.47317708333333336 0.5444444444444444 0.0171875 0.04814814814814815
6 0.4549479166666667 0.5472222222222223 0.0140625 0.040740740740740744
6 0.44583333333333336 0.5518518518518518 0.014583333333333334 0.046296296296296294
7 0.41484375 0.5680555555555555 0.011979166666666667 0.03611111111111111
7 0.43333333333333335 0.5657407407407408 0.01875 0.10185185185185185
8 0.4044270833333333 0.5675925925925925 0.0203125 0.1
6 0.2799479166666667 0.6273148148148148 0.05260416666666667 0.13055555555555556
6 0.32734375 0.6287037037037037 0.0609375 0.1425925925925926