14 0.6463541666666667 0.5064814814814815 0.010416666666666666 0.014814814814814815
13 0.62265625 0.512962962962963 0.044270833333333336 0.07037037037037037
14 0.64453125 0.49675925925925923 0.0109375 0.017592592592592594
4 0.6518229166666667 0.5263888888888889 0.0140625 0.030555555555555555
4 0.6236979166666666 0.5638888888888889 0.05364583333333333 0.08518518518518518
4 0.5940104166666667 0.6055555555555555 0.10989583333333333 0.16111111111111112
14 0.5721354166666667 0.5111111111111111 0.015104166666666667 0.025925925925925925
7 0.5986979166666667 0.5194444444444445 0.005729166666666666 0.014814814814814815
7 0.5861979166666667 0.5185185185185185 0.005729166666666666 0.020370370370370372
7 0.5919270833333333 0.5185185185185185 0.0067708333333333336 0.016666666666666666
8 0.5716145833333334 0.5226851851851851 0.011979166666666667 0.01574074074074074
8 0.5611979166666666 0.5157407407407407 0.009895833333333333 0.022222222222222223
8 0.5557291666666667 0.5324074074074074 0.010416666666666666 0.025925925925925925
6 0.5427083333333333 0.587037037037037 0.028125 0.07592592592592592
8 0.53984375 0.5421296296296296 0.0265625 0.06759259259259259
6 0.4739583333333333 0.6324074074074074 0.04895833333333333 0.13333333333333333
8 0.46901041666666665 0.5953703703703703 0.04739583333333333 0.15
4 0.51171875 0.512962962962963 0.019270833333333334 0.03518518518518519
13 0.6627604166666666 0.5162037037037037 0.022395833333333334 0.09166666666666666
13 0.7203125 0.49444444444444446 0.125 0.31296296296296294
8 0.7981770833333334 0.5287037037037037 0.0140625 0.02962962962962963
7 0.8322916666666667 0.524074074074074 0.007291666666666667 0.020370370370370372
7 0.8669270833333333 0.5259259259259259 0.0067708333333333336 0.022222222222222223
8 0.8390625 0.5273148148148148 0.015625 0.023148148148148147
4 0.8401041666666667 0.6685185185185185 0.1875 0.26851851851851855
4 0.9065104166666667 0.7592592592592593 0.1859375 0.47962962962962963
10 0.440625 0.5546296296296296 0.008333333333333333 0.03333333333333333
10 0.43125 0.5541666666666667 0.008333333333333333 0.03425925925925926
10 0.4205729166666667 0.5574074074074075 0.008854166666666666 0.037037037037037035
10 0.3919270833333333 0.5625 0.0078125 0.03611111111111111
10 0.3859375 0.5657407407407408 0.008333333333333333 0.037037037037037035
10 0.36770833333333336 0.5675925925925925 0.009375 0.04259259259259259
10 0.22994791666666667 0.5763888888888888 0.009895833333333333 0.03981481481481482
10 0.2046875 0.5773148148148148 0.0125 0.05277777777777778
10 0.153125 0.5796296296296296 0.017708333333333333 0.06111111111111111
10 0.5833333333333334 0.4685185185185185 0.00625 0.014814814814814815
10 0.0875 0.5763888888888888 0.019791666666666666 0.062037037037037036
10 0.026041666666666668 0.5745370370370371 0.017708333333333333 0.06018518518518518