7 0.41119791666666666 0.4601851851851852 0.009895833333333333 0.016666666666666666
4 0.39947916666666666 0.4912037037037037 0.036458333333333336 0.06388888888888888
6 0.4239583333333333 0.49398148148148147 0.01875 0.0712962962962963
4 0.36770833333333336 0.4981481481481482 0.065625 0.08148148148148149
7 0.30885416666666665 0.4425925925925926 0.014583333333333334 0.06481481481481481
7 0.32578125 0.4689814814814815 0.027604166666666666 0.05092592592592592
4 0.24140625 0.6351851851851852 0.2453125 0.337037037037037
1 0.15104166666666666 0.5513888888888889 0.10625 0.2324074074074074
4 0.05078125 0.5513888888888889 0.1015625 0.1638888888888889
3 0.4817708333333333 0.4236111111111111 0.1375 0.275
7 0.5533854166666666 0.4837962962962963 0.009895833333333333 0.06759259259259259
6 0.6333333333333333 0.5083333333333333 0.09479166666666666 0.10185185185185185
8 0.6364583333333333 0.4449074074074074 0.019791666666666666 0.06944444444444445
8 0.64609375 0.4810185185185185 0.0328125 0.14537037037037037
6 0.6450520833333333 0.524537037037037 0.10677083333333333 0.12314814814814815
7 0.684375 0.47962962962962963 0.035416666666666666 0.1388888888888889
4 0.7315104166666667 0.4828703703703704 0.14635416666666667 0.11388888888888889
8 0.7994791666666666 0.42962962962962964 0.021875 0.05185185185185185
8 0.7765625 0.49444444444444446 0.046875 0.17592592592592593
6 0.7609375 0.5115740740740741 0.08541666666666667 0.14722222222222223
1 0.8567708333333334 0.48657407407407405 0.13229166666666667 0.2212962962962963
10 0.8708333333333333 0.14027777777777778 0.04375 0.125