4 0.31796875 0.5481481481481482 0.016145833333333335 0.044444444444444446
4 0.9143229166666667 0.6856481481481481 0.16822916666666668 0.275
4 0.22265625 0.6037037037037037 0.1640625 0.2574074074074074
8 0.30703125 0.5921296296296297 0.04010416666666667 0.1398148148148148
6 0.3028645833333333 0.6833333333333333 0.0453125 0.1574074074074074
8 0.09322916666666667 0.5810185185185185 0.05625 0.12314814814814815
6 0.09244791666666667 0.6847222222222222 0.05677083333333333 0.15092592592592594
1 0.0375 0.7328703703703704 0.075 0.42314814814814816
6 0.13776041666666666 0.8291666666666667 0.1890625 0.33611111111111114
8 0.15078125 0.7407407407407407 0.13802083333333334 0.3925925925925926
3 0.46328125 0.5189814814814815 0.2911458333333333 0.5305555555555556